1692982320167429916 256.765576 0.000000
1692982321458943275 256.877524 0.000000
1692982322579619516 256.737218 0.000000
1692982323454868689 256.738505 0.000000
1692982325485040787 256.780652 0.000000
1692982328978538071 256.932236 0.000000
1692982329440760776 256.689024 0.000000
1692982330340144339 256.734645 0.000000
1692982331724993552 256.661520 0.000000
1692982331993132785 256.700922 0.000000
1692982333567731437 256.570202 0.000000
1692982334030391938 256.713301 0.000000
1692982334930387368 256.696947 0.000000
1692982334971675518 256.782407 0.000000
1692982335249979157 256.768163 0.000000
1692982336831967562 256.993665 0.000000
1692982337071766626 256.756447 0.000000
1692982337156705820 256.663842 0.000000
1692982340422439903 256.683402 0.000000
1692982341160849363 256.687961 0.000000
1692982344174726929 256.950759 0.000000
1692982347440077104 256.562966 0.000000
1692982347481754462 256.795763 0.000000
1692982347493078667 256.667310 0.000000
1692982351188661675 256.613152 0.000000
1692982351289117689 256.652729 0.000000
1692982351482304205 256.744479 0.000000
1692982352250937511 256.692111 0.000000
1692982353852644965 256.611580 0.000000
1692982355051344326 256.699009 0.000000
1692982355562991615 256.897165 0.000000
1692982355738434215 256.772520 0.000000
1692982355866316778 256.685903 0.000000
1692982356758010817 256.725921 0.000000
1692982356777312915 256.922824 0.000000
1692982356929636634 256.718549 0.000000
1692982357034039142 256.699926 0.000000
1692982357306717207 256.647152 0.000000
1692982357642844045 256.708671 0.000000
1692982358646545547 256.711632 0.000000
1692982358867403364 256.672441 0.000000
1692982359457200149 256.701996 0.000000
1692982361882854413 256.593197 0.000000
1692982362305058590 256.704867 0.000000
1692982362315266998 256.560515 0.000000
1692982363524363213 256.612782 0.000000
1692982364065484721 256.593151 0.000000
1692982365385276902 256.676215 0.000000
1692982366951462821 256.803773 0.000000
1692982367432954806 256.794120 0.000000
1692982368259742649 256.803447 0.000000
1692982368530934249 256.805060 0.000000
1692982369599363932 256.689616 0.000000
1692982371902980909 256.613981 0.000000
1692982373071389078 256.654365 0.000000
1692982374853607636 256.587233 0.000000
1692982376222800732 256.722819 0.000000
1692982376375603763 256.659812 0.000000
1692982376660264198 256.718844 0.000000
1692982379006171452 256.621553 0.000000
1692982380932203144 256.619884 0.000000
1692982381429436511 256.629752 0.000000
1692982381955659001 256.714865 0.000000
1692982382454623164 256.759765 0.000000
1692982382992838618 256.694493 0.000000
1692982383501502544 256.599792 0.000000
1692982385747349353 256.642647 0.000000
1692982385867840299 256.597858 0.000000
1692982390307857320 256.673219 0.000000
1692982392370788694 256.736672 0.000000
1692982393388858301 256.877275 0.000000
1692982393452445823 256.768943 0.000000
1692982393529812032 256.621669 0.000000
1692982396114221401 256.637050 0.000000
1692982396802709633 256.612026 0.000000
1692982396957706388 256.652792 0.000000
1692982398503919530 256.521130 0.000000
1692982400631815657 256.655036 0.000000
1692982400825358611 256.579616 0.000000
1692982401008974736 256.846102 0.000000
1692982402313831708 256.580639 0.000000
1692982403495807451 256.612112 0.000000
1692982404474961625 256.641725 0.000000
1692982405936024501 256.729255 0.000000
1692982407144918760 256.734726 0.000000
1692982408786942653 256.718951 0.000000
1692982408890681640 256.696203 0.000000
1692982409132751920 256.661693 0.000000
1692982410511643936 256.881154 0.000000
1692982411677169545 256.823359 0.000000
1692982412776789517 256.754304 0.000000
1692982414610955347 256.713778 0.000000
1692982415253551137 256.734712 0.000000
1692982415545404170 256.729210 0.000000
1692982416786593410 256.706572 0.000000
1692982418118909675 256.639797 0.000000
1692982419063862446 256.665256 0.000000
1692982420068893694 256.728483 0.000000
1692982420068933491 256.889724 0.000000
1692982420163010394 256.824602 0.000000
1692982420822659916 256.638092 0.000000
1692982421771108206 256.664174 0.000000
1692982422220360392 256.653668 0.000000
1692982422493224326 256.676387 0.000000
1692982424167517801 256.739774 0.000000
1692982424514185070 256.789289 0.000000
1692982424590193053 256.748434 0.000000
1692982424905819255 256.757577 0.000000
1692982425051753550 256.599234 0.000000
1692982426051035859 256.845666 0.000000
1692982426450436099 256.731751 0.000000
1692982426817284215 256.756774 0.000000
1692982430876515870 256.676191 0.000000
1692982431888515700 256.658931 0.000000
1692982432625441196 256.762549 0.000000
1692982432746995156 256.627494 0.000000
1692982433133745471 256.779774 0.000000
1692982433661099416 256.748386 0.000000
1692982434367050196 256.751578 0.000000
1692982434652766133 256.701576 0.000000
1692982434808713023 256.670478 0.000000
1692982435686333363 256.677425 0.000000
1692982437408300668 256.687569 0.000000
1692982437621788494 256.717538 0.000000
1692982438114112960 256.742251 0.000000
1692982438480545082 256.778279 0.000000
1692982438687444589 256.682156 0.000000
1692982438852347509 256.706557 0.000000
1692982439721975777 256.598937 0.000000
1692982440671922387 257.028242 0.000000
1692982442469017866 256.698211 0.000000
1692982443164893360 256.665778 0.000000
1692982444054454470 256.715785 0.000000
1692982448044300651 256.885886 0.000000
1692982452114646353 257.175090 0.000000
1692982453310603005 257.003470 0.000000
1692982453660669013 256.583942 0.000000
1692982454530301016 256.622412 0.000000
1692982454876370803 256.696284 0.000000
1692982454898870337 256.559986 0.000000
1692982456110904966 256.633783 0.000000
1692982457197810196 256.692618 0.000000
1692982457484195981 256.685449 0.000000
1692982459015936771 256.705034 0.000000
1692982460171655688 256.721889 0.000000
1692982460634653926 256.786144 0.000000
1692982462265753609 256.559164 0.000000
1692982462455967687 256.644890 0.000000
1692982462847280966 256.890286 0.000000
1692982463726027744 256.660275 0.000000
1692982467995946549 256.687172 0.000000
1692982468405055089 257.025578 0.000000
