1692987333866285959 144.716997 0.000000
1692987334445206012 144.615476 0.000000
1692987334445750862 144.478110 0.000000
1692987335893944350 144.679223 0.000000
1692987335894918491 144.794291 0.000000
1692987336329502543 144.519979 0.000000
1692987337488390108 144.542966 0.000000
1692987337776960343 144.647690 0.000000
1692987338428638859 144.596035 0.000000
1692987338791683828 144.547491 0.000000
1692987338862839655 144.516845 0.000000
1692987339225894041 144.642818 0.000000
1692987339732620964 144.659759 0.000000
1692987340093936676 144.810153 0.000000
1692987340238632378 144.676232 0.000000
1692987340383460143 144.574564 0.000000
1692987340600415738 144.609707 0.000000
1692987341543092231 144.591876 0.000000
1692987342266303647 144.829183 0.000000
1692987342556859831 144.802937 0.000000
1692987342773454477 144.699070 0.000000
1692987343787972297 144.614212 0.000000
1692987343932188606 144.650041 0.000000
1692987344077486868 144.719302 0.000000
1692987344077599801 144.569679 0.000000
1692987344656936779 144.744209 0.000000
1692987344947284293 144.742224 0.000000
1692987346540378999 144.740656 0.000000
1692987347771815104 144.700433 0.000000
1692987347773160019 144.715282 0.000000
1692987347844533393 144.748230 0.000000
1692987347990307149 144.608103 0.000000
1692987348061786089 144.533423 0.000000
1692987348133910649 144.744785 0.000000
1692987348134284139 144.642727 0.000000
1692987348641239348 144.514108 0.000000
1692987350017745396 144.447961 0.000000
1692987350162930594 144.568049 0.000000
1692987350307642825 144.641335 0.000000
1692987350742381118 144.713737 0.000000
1692987351177980704 144.474491 0.000000
1692987351684039934 144.476701 0.000000
1692987352986996765 144.736567 0.000000
1692987352987483575 144.444466 0.000000
1692987353349722604 144.528392 0.000000
1692987353711322693 144.645690 0.000000
1692987354000700379 144.646833 0.000000
1692987354435914988 144.704518 0.000000
1692987354579759876 144.476596 0.000000
1692987354581261616 144.775523 0.000000
1692987354797174242 144.631828 0.000000
1692987355522546279 144.449873 0.000000
1692987355738307853 144.572022 0.000000
1692987355955898350 144.510800 0.000000
1692987356826065123 144.900214 0.000000
1692987357620283515 144.543878 0.000000
1692987358054633267 144.576113 0.000000
1692987358851930348 144.490519 0.000000
1692987359213769214 144.702161 0.000000
1692987359285723563 144.665005 0.000000
1692987360010640143 144.451718 0.000000
1692987360154822201 144.746375 0.000000
1692987360806384970 144.422419 0.000000
1692987361313628285 144.408842 0.000000
1692987362471122911 144.593178 0.000000
1692987362616246535 144.457515 0.000000
1692987365006792797 144.609826 0.000000
1692987365223689727 144.452550 0.000000
1692987366597933548 144.455752 0.000000
1692987367900560667 144.588872 0.000000
1692987368118611316 144.559344 0.000000
1692987368119069284 144.525895 0.000000
1692987368190028623 144.564175 0.000000
1692987368479451754 144.454248 0.000000
1692987369058241114 144.408411 0.000000
1692987369493921753 144.598700 0.000000
1692987369709737934 144.470571 0.000000
1692987370070152333 144.575461 0.000000
1692987372026216298 144.547381 0.000000
1692987372387164197 144.432122 0.000000
1692987372676541536 144.526496 0.000000
1692987372749146125 144.770590 0.000000
1692987372965256531 144.453602 0.000000
1692987373328825720 144.560866 0.000000
1692987373834991501 144.558360 0.000000
1692987374342907293 144.479042 0.000000
1692987376080889159 144.690399 0.000000
1692987377095503031 144.469293 0.000000
1692987377455714322 144.584989 0.000000
1692987377893633413 144.814608 0.000000
1692987378108768105 144.555083 0.000000
1692987378111239566 144.831888 0.000000
1692987378327966995 144.570083 0.000000
1692987378760706773 144.569446 0.000000
1692987379051252074 144.542289 0.000000
1692987379196331310 144.715848 0.000000
1692987379776606548 144.557118 0.000000
1692987380137576071 144.578929 0.000000
1692987380355253039 144.720895 0.000000
1692987383832519233 144.616165 0.000000
1692987384051320968 144.653427 0.000000
1692987384266757052 144.632589 0.000000
1692987386586278364 144.379157 0.000000
1692987387094614861 144.616521 0.000000
1692987387238568146 144.527088 0.000000
1692987387384091105 144.480445 0.000000
1692987387600839408 144.437995 0.000000
1692987388542123038 144.563357 0.000000
1692987390426989283 144.581630 0.000000
1692987390717408831 144.829493 0.000000
1692987391367877055 144.585650 0.000000
1692987391441489238 144.530816 0.000000
1692987391657809823 144.908226 0.000000
1692987392600990997 144.497884 0.000000
1692987393542769084 144.547972 0.000000
1692987394847930100 144.782924 0.000000
1692987394989195362 144.623763 0.000000
1692987394990169509 144.477988 0.000000
1692987395424781073 144.680931 0.000000
1692987395641849262 144.594509 0.000000
1692987396293654081 144.604228 0.000000
1692987396440125221 144.812347 0.000000
1692987396728711415 144.692614 0.000000
1692987397453190305 144.618691 0.000000
1692987397888853416 144.514654 0.000000
1692987398975141540 144.578312 0.000000
1692987399048111706 144.528942 0.000000
1692987399120568841 144.705258 0.000000
1692987399120598690 144.759289 0.000000
1692987399410281450 144.938315 0.000000
1692987399844963078 144.578092 0.000000
1692987400135443172 144.548387 0.000000
1692987400352752728 144.635866 0.000000
1692987400496955579 144.902192 0.000000
1692987401005488471 144.634493 0.000000
1692987402525877829 144.477672 0.000000
1692987403540409797 144.564510 0.000000
1692987404119934498 144.707212 0.000000
1692987404266040120 144.576533 0.000000
1692987404772520442 144.875624 0.000000
1692987404772678506 144.913769 0.000000
1692987405641680849 144.529407 0.000000
1692987406077408158 144.488587 0.000000
1692987406294618302 144.742053 0.000000
1692987406655883984 144.438456 0.000000
1692987407019126805 144.584130 0.000000
1692987407235419761 144.751581 0.000000
1692987407671369053 144.855398 0.000000
1692987408249113173 144.614836 0.000000
1692987408394189194 144.489966 0.000000
1692987408540145834 144.505647 0.000000
1692987409190724028 144.626092 0.000000
1692987409192450352 144.478318 0.000000
1692987409409639968 144.715277 0.000000
1692987409916434602 144.393050 0.000000
1692987410132714548 144.390799 0.000000
1692987410133965644 144.779932 0.000000
1692987410494309712 144.714550 0.000000
1692987410711613865 144.860710 0.000000
1692987411365353082 144.876541 0.000000
1692987412015774089 144.674320 0.000000
1692987412162476708 144.611830 0.000000
1692987412523314016 144.709322 0.000000
1692987414333553616 144.689130 0.000000
1692987414334071102 144.549715 0.000000
1692987414406417664 144.525624 0.000000
1692987414840908020 144.841460 0.000000
1692987416579185794 144.605875 0.000000
1692987416653699829 144.514162 0.000000
1692987416870548750 144.748468 0.000000
1692987416941897517 145.085564 0.000000
1692987417014494968 144.651693 0.000000
1692987417740446995 144.603159 0.000000
1692987417885428010 144.740013 0.000000
1692987418102930831 144.393821 0.000000
1692987418752617254 144.759103 0.000000
1692987418971631473 144.642075 0.000000
1692987419334155598 144.550627 0.000000
1692987419550558845 144.680104 0.000000
1692987419768651677 144.533377 0.000000
1692987420420693586 144.481124 0.000000
1692987420491739396 144.651778 0.000000
1692987421289525590 144.633926 0.000000
1692987421869476207 145.031257 0.000000
1692987421869886288 144.820877 0.000000
1692987422884441466 144.699734 0.000000
1692987423537203554 144.851017 0.000000
1692987423970636690 144.698421 0.000000
1692987424043441144 144.682915 0.000000
1692987424405825528 144.746353 0.000000
1692987425638721820 144.591777 0.000000
1692987425999203849 144.566804 0.000000
1692987426871227367 144.474034 0.000000
1692987427233131496 144.721344 0.000000
1692987427884103966 144.628168 0.000000
1692987428246875926 144.911513 0.000000
1692987428536022352 144.751420 0.000000
1692987428610339532 144.591614 0.000000
1692987429334487358 144.439092 0.000000
1692987430348487290 144.518975 0.000000
1692987430782689678 144.829060 0.000000
1692987431291377976 144.428452 0.000000
1692987432087126387 144.542727 0.000000
1692987433391859297 144.855387 0.000000
1692987433463013594 144.720543 0.000000
1692987434404914478 144.675184 0.000000
1692987434767953807 144.621422 0.000000
1692987434915165331 146.940141 0.000000
1692987435712915779 144.621802 0.000000
1692987436218870148 144.392352 0.000000
1692987436219747448 144.482948 0.000000
1692987437015898979 144.629556 0.000000
1692987437162224358 145.091081 0.000000
1692987437884872130 144.667057 0.000000
1692987437885243104 144.513766 0.000000
1692987438031992561 144.664426 0.000000
1692987438465913889 144.641453 0.000000
1692987439188744817 144.543727 0.000000
1692987440637761795 144.713977 0.000000
1692987441218176402 144.656232 0.000000
1692987441434959023 144.633328 0.000000
1692987441435249936 144.603550 0.000000
1692987442013608606 144.678088 0.000000
1692987442232159314 144.436536 0.000000
1692987443100802715 144.803085 0.000000
1692987444188618346 144.696125 0.000000
1692987445565193755 144.847017 0.000000
1692987445637827541 145.027178 0.000000
1692987446000528938 144.730586 0.000000
1692987446869305268 144.731563 0.000000
1692987447013174611 144.592183 0.000000
1692987447086885072 144.858614 0.000000
1692987448101587841 144.918844 0.000000
1692987448174327453 144.640721 0.000000
1692987449985212345 144.520355 0.000000
1692987450564536171 144.561871 0.000000
1692987450853221148 144.605692 0.000000
1692987450926029776 144.675420 0.000000
1692987451215895942 144.664285 0.000000
1692987451435111850 144.611222 0.000000
1692987451797111971 144.482503 0.000000
1692987452303752037 144.870572 0.000000
1692987452666219653 144.530966 0.000000
1692987452811568605 144.564839 0.000000
1692987452883805852 144.553856 0.000000
1692987453100094210 144.662071 0.000000
1692987454550617196 144.462401 0.000000
1692987455056755096 144.694808 0.000000
1692987455782523054 145.052707 0.000000
1692987456360912924 144.574402 0.000000
1692987456505436583 144.535997 0.000000
1692987456652218902 144.559854 0.000000
1692987456724494678 144.656090 0.000000
1692987458679232263 144.635140 0.000000
1692987458970615972 144.705999 0.000000
1692987459474731752 144.443640 0.000000
1692987459983479104 144.669333 0.000000
1692987460054230823 144.823396 0.000000
1692987460852948152 144.820490 0.000000
1692987461141421716 144.756526 0.000000
1692987461215922163 144.560288 0.000000
1692987461866828611 144.848229 0.000000
1692987462084638166 144.764910 0.000000
1692987462084700160 144.535415 0.000000
1692987463895092262 144.620499 0.000000
1692987464909087347 144.592945 0.000000
1692987466213683350 145.125020 0.000000
1692987467372880265 144.384999 0.000000
1692987467589652165 144.639278 0.000000
1692987467661617167 144.734104 0.000000
1692987467734308096 144.570858 0.000000
1692987467879611903 144.708093 0.000000
1692987467879928419 144.497595 0.000000
1692987468241373958 144.846541 0.000000
1692987468677624132 144.958141 0.000000
1692987469185157219 144.954192 0.000000
1692987469619648126 144.587251 0.000000
1692987469838339086 144.938986 0.000000
1692987470633012541 144.734595 0.000000
1692987470851998698 144.577313 0.000000
1692987471504739567 144.504443 0.000000
1692987472156560456 144.772303 0.000000
1692987472299853425 144.483679 0.000000
1692987472807333597 144.970804 0.000000
1692987473459775172 144.540131 0.000000
1692987473822303689 144.663975 0.000000
1692987474620159443 144.531586 0.000000
1692987475563578700 144.579378 0.000000
1692987476360906989 144.529812 0.000000
1692987476432365338 144.622771 0.000000
1692987476939969841 144.574572 0.000000
1692987477447334645 144.715475 0.000000
1692987478172681910 144.760039 0.000000
1692987478388952957 144.518601 0.000000
1692987478533494807 144.528383 0.000000
1692987479694700482 144.515078 0.000000
1692987480202576341 144.696160 0.000000
1692987481144830565 144.931548 0.000000
1692987481722518207 144.412043 0.000000
1692987482302363277 144.721329 0.000000
1692987482302459216 144.698194 0.000000
1692987482374819910 144.618974 0.000000
1692987483099430141 144.684042 0.000000
