1692987334807084231 75.260636 201.971590 202 16 0.000000
1692987335750145439 77.305866 220.558340 208 16 0.000000
1692987336764473442 77.997810 205.061871 208 16 0.000000
1692987337778034292 75.754446 212.123430 215 16 0.000000
1692987338791881128 75.799661 210.090907 213 16 0.000000
1692987339805401644 76.508595 207.198554 210 16 0.000000
1692987340818907951 75.712744 214.108215 217 16 0.000000
1692987341760790319 75.724607 210.217322 198 16 0.000000
1692987342774540564 76.859931 209.124483 212 16 0.000000
1692987343788443556 76.874808 208.106694 211 16 0.000000
1692987344802645715 77.282630 206.073317 209 16 0.000000
1692987345817453850 77.303585 205.950206 209 16 0.000000
1692987346831035737 75.767330 212.119081 215 16 0.000000
1692987347773450602 76.899378 207.976332 196 16 0.000000
1692987348787349162 76.487817 210.080189 213 16 0.000000
1692987349801336589 76.570705 207.103172 210 16 0.000000
1692987350816837970 78.341437 204.824919 208 16 0.000000
1692987351829868822 76.484568 210.260143 213 16 0.000000
1692987352843497522 74.423384 213.095783 216 16 0.000000
1692987353784981806 75.296042 213.492677 201 16 0.000000
1692987354798806492 76.815940 209.109099 212 16 0.000000
1692987355811998645 76.112237 210.226690 213 16 0.000000
1692987356826409440 75.854365 209.974097 213 16 0.000000
1692987357839602161 76.085182 210.226546 213 16 0.000000
1692987358853166881 75.382861 212.122619 215 16 0.000000
1692987359793771082 78.388145 205.187261 193 16 0.000000
1692987360807740014 75.416464 212.038042 215 16 0.000000
1692987361820663890 74.706652 213.244073 216 16 0.000000
1692987362834690839 74.706760 214.984429 218 16 0.000000
1692987363848645886 73.711105 216.972138 220 16 0.000000
1692987364862311140 74.443159 214.074618 217 16 0.000000
1692987365875748161 77.506800 207.215641 210 16 0.000000
1692987366816150210 74.869167 211.611614 199 16 0.000000
1692987367829678318 75.774564 211.143619 214 16 0.000000
1692987368842656073 77.851308 207.309595 210 16 0.000000
1692987369856033971 76.499790 206.240927 209 16 0.000000
1692987370868856045 77.097753 210.303489 213 16 0.000000
1692987371881780684 74.371212 213.243887 216 16 0.000000
1692987372822449779 79.167422 203.046961 191 16 0.000000
1692987373836345548 75.435013 211.067061 214 16 0.000000
1692987374850483617 75.429236 212.988747 216 16 0.000000
1692987375865329371 76.549946 208.898726 212 16 0.000000
1692987376879200001 77.299343 206.140716 209 16 0.000000
1692987377893736919 76.471518 210.933673 214 16 0.000000
1692987378835350570 78.423300 203.905281 192 16 0.000000
1692987379849942261 75.190274 211.907907 215 16 0.000000
1692987380865405614 78.432373 204.832589 208 16 0.000000
1692987381878994426 74.416202 215.077366 218 16 0.000000
1692987382893508751 74.743402 213.895437 217 16 0.000000
1692987383906659231 75.434485 209.248302 212 16 0.000000
1692987384849044541 78.390375 206.921733 195 16 0.000000
1692987385862922412 74.440335 214.029720 217 16 0.000000
1692987386877440830 76.565569 208.966145 212 16 0.000000
1692987387891567982 78.717756 204.116416 207 16 0.000000
1692987388906268294 76.603196 206.957654 210 16 0.000000
1692987389921088546 75.499997 211.860182 215 16 0.000000
1692987390862945132 75.357659 211.284814 199 16 0.000000
1692987391877438065 76.847574 209.957084 213 16 0.000000
1692987392891257819 76.167452 210.096547 213 16 0.000000
1692987393905753784 77.612896 206.999309 210 16 0.000000
1692987394920306090 75.471532 208.959164 212 16 0.000000
1692987395933259584 75.767167 213.237859 216 16 0.000000
1692987396874638636 77.246330 207.142912 195 16 0.000000
1692987397889630457 75.852934 211.824370 215 16 0.000000
1692987398904045593 74.818315 210.958996 214 16 0.000000
1692987399918585684 78.705242 205.019005 208 16 0.000000
1692987400933960116 76.964680 207.805110 211 16 0.000000
1692987401947777769 74.731571 215.028811 218 16 0.000000
1692987402889891267 76.941585 205.919985 194 16 0.000000
1692987403904633981 76.546526 209.905427 213 16 0.000000
1692987404919038606 75.465603 212.932776 216 16 0.000000
1692987405933432887 76.525290 208.991721 212 16 0.000000
1692987406947128384 76.181745 208.149293 211 16 0.000000
1692987407960980927 77.950861 206.144376 209 16 0.000000
1692987408903271397 76.455037 210.126257 198 16 0.000000
1692987409917564306 75.478703 211.970358 215 16 0.000000
1692987410930869493 77.557718 206.255729 209 16 0.000000
1692987411945189334 75.509305 209.007053 212 16 0.000000
1692987412958540813 77.558040 208.219945 211 16 0.000000
1692987413973398288 75.815174 211.852419 215 16 0.000000
1692987414914558476 76.053663 210.378640 198 16 0.000000
1692987415929625900 74.128439 214.764040 218 16 0.000000
1692987416943800002 78.748758 203.120961 206 16 0.000000
1692987417958526922 77.336611 205.966755 209 16 0.000000
1692987418972655491 77.565579 207.074311 210 16 0.000000
1692987419986950919 74.832194 211.969816 215 16 0.000000
1692987420929127531 77.592806 208.028935 196 16 0.000000
1692987421942740152 77.239185 208.166314 211 16 0.000000
1692987422958221775 75.868507 210.737442 214 16 0.000000
1692987423972967608 76.582481 207.933842 211 16 0.000000
1692987424986753508 75.854583 210.103532 213 16 0.000000
1692987426001908504 77.664372 205.879891 209 16 0.000000
1692987426943738668 75.701350 211.290747 199 16 0.000000
1692987427957750589 76.866577 210.056705 213 16 0.000000
1692987428973482284 74.846975 213.639088 217 16 0.000000
1692987429987023799 75.098400 212.127472 215 16 0.000000
1692987431002001982 78.016929 204.930519 208 16 0.000000
1692987432013814824 76.734174 197.665011 200 16 0.000000
1692987432957317402 76.611774 221.515015 209 16 0.000000
1692987433972229291 75.865538 209.870451 213 16 0.000000
1692987434989027471 77.133123 206.530656 210 16 0.000000
1692987436004162218 76.147701 210.809449 214 16 0.000000
1692987437017124952 76.838087 209.287077 212 16 0.000000
1692987437959774614 75.390402 210.046222 198 16 0.000000
1692987438973093707 77.584409 207.239759 210 16 0.000000
1692987439986988010 78.322020 205.149586 208 16 0.000000
1692987441002003788 74.480031 213.789774 217 16 0.000000
1692987442015730186 76.484154 209.129409 212 16 0.000000
1692987443029111064 76.905948 206.240324 209 16 0.000000
1692987443971819222 78.012329 207.911641 196 15 0.000000
1692987444986489691 75.500237 211.891454 215 16 0.000000
1692987446001218179 76.921730 207.937394 211 16 0.000000
1692987447015224991 74.432417 214.002469 217 16 0.000000
1692987448029706884 75.497764 210.945144 214 16 0.000000
1692987449044686977 75.849560 210.841585 214 16 0.000000
1692987449985959932 78.024999 205.041474 193 16 0.000000
1692987451000868909 76.190198 210.856345 214 16 0.000000
1692987452014997478 77.624708 207.074320 210 16 0.000000
1692987453029338768 76.951951 206.045057 209 16 0.000000
1692987454044488778 75.811543 212.776449 216 16 0.000000
1692987455058239090 76.171855 210.110910 213 16 0.000000
1692987456000510653 75.388093 208.007973 196 16 0.000000
1692987457013910593 78.626499 207.223222 210 16 0.000000
1692987458028975143 76.569744 208.853685 212 16 0.000000
1692987459043301437 75.069472 212.949256 216 16 0.000000
1692987460056543719 75.410085 212.190117 215 16 0.000000
1692987461071376173 75.574710 206.930703 210 16 0.000000
1692987462013078438 79.627281 203.886103 192 16 0.000000
1692987463027757549 75.106355 214.846251 218 16 0.000000
1692987464041683108 75.804404 211.060859 214 16 0.000000
1692987465055975618 76.535942 209.012677 212 16 0.000000
1692987466070245810 76.533922 209.017284 212 16 0.000000
1692987467084283019 77.976472 205.120685 208 16 0.000000
1692987468025496984 78.448260 203.991872 192 16 0.000000
1692987469040940822 75.901843 210.745284 214 16 0.000000
1692987470056076346 77.262310 205.883827 209 16 0.000000
1692987471069687811 76.923821 208.166561 211 16 0.000000
1692987472084515267 75.869132 209.887890 213 16 0.000000
1692987473098988722 78.758321 204.046745 207 16 0.000000
1692987474042070681 75.418607 212.070645 200 16 0.000000
1692987475056841699 76.185218 210.885023 214 16 0.000000
1692987476071949919 76.253245 207.859599 211 16 0.000000
1692987477085550849 76.514342 210.141881 213 16 0.000000
1692987478101015328 75.181454 212.710539 216 16 0.000000
1692987479043657302 76.533133 208.987088 197 15 0.000000
1692987480057892610 76.539381 210.010435 213 16 0.000000
1692987481072363247 76.548807 207.990238 211 16 0.000000
1692987482085434717 75.724895 212.225908 215 16 0.000000
1692987483100023976 77.319501 205.009070 208 16 0.000000
