1692973738560750684 137.488988 114.597285 114 16 0.000000
1692973739560909010 140.039510 115.981656 116 16 0.000000
1692973740555594390 133.259307 118.630449 118 16 0.000000
1692973741565332732 136.105431 117.852327 119 16 0.000000
1692973742564976039 141.857221 113.040313 113 16 0.000000
1692973743569690808 135.096338 117.446268 118 16 0.000000
1692973744569690959 132.818523 123.999975 124 16 0.000000
1692973745570955339 129.945757 121.845947 122 16 0.000000
1692973746573310171 135.847860 117.722781 118 16 0.000000
1692973747574146036 139.805456 111.906463 112 16 0.000000
1692973748573701708 136.854065 120.053350 120 16 0.000000
1692973749576939890 130.013088 122.602990 123 16 0.000000
1692973750578753378 127.607587 125.771925 126 16 0.000000
1692973751577796466 135.429332 117.112067 117 16 0.000000
1692973752581013811 136.236165 117.621552 118 16 0.000000
1692973753582667986 135.484882 116.806780 117 16 0.000000
1692973754581090614 133.995044 120.189584 120 16 0.000000
1692973755576085706 132.821669 121.608639 121 16 0.000000
1692973756556351336 132.830284 122.415796 120 16 0.000000
1692973757591658344 129.988885 120.737145 125 16 0.000000
1692973758588751753 132.807605 119.346897 119 16 0.000000
1692973759590846346 131.681886 122.742891 123 16 0.000000
1692973760588452496 130.316558 124.297550 124 16 0.000000
1692973761591786338 127.540456 123.587995 124 16 0.000000
1692973762592671713 134.686856 118.894716 119 16 0.000000
1692973763592682513 123.856202 127.998617 128 16 0.000000
1692973764595659923 130.290644 119.643773 120 16 0.000000
1692973765596257859 131.407271 123.925900 124 16 0.000000
1692973766598087081 131.740980 123.773601 124 16 0.000000
1692973767600697862 129.997612 123.677096 124 16 0.000000
1692973768604469007 142.261981 111.579230 112 16 0.000000
1692973769592782804 133.891876 117.371616 116 16 0.000000
1692973770604645068 124.852410 131.440815 133 16 0.000000
1692973771604652266 134.344647 116.999170 117 16 0.000000
1692973772611381248 132.149036 120.191235 121 16 0.000000
1692973773609401493 128.234848 126.249948 126 16 0.000000
1692973774603855279 137.399880 116.646946 116 16 0.000000
1692973775615580071 136.576511 116.632491 118 16 0.000000
1692973776613026716 135.098144 117.299512 117 16 0.000000
1692973777607176279 133.562989 122.717972 122 16 0.000000
1692973778605891862 131.752577 121.155616 121 16 0.000000
1692973779608417755 128.322545 126.680019 127 16 0.000000
1692973780620539949 132.446271 116.586710 118 16 0.000000
1692973781620639170 132.475650 118.988179 119 16 0.000000
1692973782604649046 139.204676 118.901246 117 16 0.000000
1692973783625032086 129.900024 118.582919 121 16 0.000000
1692973784626911136 128.320012 125.763693 126 16 0.000000
1692973785607501214 128.321892 129.513864 127 16 0.000000
1692973786629665926 132.870352 120.332841 123 16 0.000000
1692973787631651371 131.629028 117.766191 118 15 0.000000
1692973788613992776 129.905846 124.193062 122 16 0.000000
1692973789622514082 134.734346 118.986102 120 16 0.000000
1692973790634173316 141.741678 111.697674 113 16 0.000000
1692973791616056711 141.188582 118.140320 116 16 0.000000
1692973792625496443 125.393349 123.831062 125 16 0.000000
1692973793637708974 130.370137 122.503924 124 16 0.000000
1692973794630847124 128.010841 128.884359 128 16 0.000000
1692973795641470991 135.548578 114.780605 116 16 0.000000
1692973796641807779 129.596508 121.958913 122 16 0.000000
1692973797624616840 128.215234 127.186461 125 16 0.000000
1692973798596494873 140.737974 115.240809 112 16 0.000000
1692973799645267867 142.837909 108.698441 114 16 0.000000
1692973800644554021 133.133271 123.087872 123 16 0.000000
1692973801640463141 135.922569 117.480588 117 16 0.000000
1692973802649468963 133.616332 117.937870 119 16 0.000000
1692973803630037010 125.124538 128.496950 126 16 0.000000
1692973804655855570 133.195820 119.904243 123 16 0.000000
1692973805654122234 133.954304 119.206626 119 16 0.000000
1692973806652394503 132.062837 119.205957 119 16 0.000000
1692973807660365921 137.330367 117.066823 118 16 0.000000
1692973808653660752 130.698769 124.837049 124 16 0.000000
1692973809631402283 139.419135 115.572467 113 16 0.000000
1692973810650914228 136.995499 113.779922 116 16 0.000000
1692973811660474463 130.999852 123.816290 125 16 0.000000
1692973812666008688 130.987759 120.334054 121 16 0.000000
1692973813655060755 137.011635 116.272936 115 16 0.000000
1692973814668777221 142.370275 114.430434 116 16 0.000000
1692973815669899919 141.486761 112.873279 113 16 0.000000
1692973816658049067 142.910108 111.319225 110 16 0.000000
1692973817671876666 137.687875 117.376944 119 16 0.000000
1692973818672679014 129.995562 122.901390 123 16 0.000000
1692973819661505299 135.920513 117.310797 116 16 0.000000
1692973820675604103 124.766226 129.178751 131 16 0.000000
1692973821672880894 125.714568 124.338577 124 16 0.000000
1692973822653327292 135.045175 121.373311 119 16 0.000000
1692973823678968733 132.866801 119.924933 123 16 0.000000
1692973824677528875 130.635651 120.173031 120 16 0.000000
1692973825670190096 131.757993 121.894576 121 16 0.000000
1692973826682522789 130.351533 123.477178 125 16 0.000000
1692973827677908891 136.990999 117.542333 117 16 0.000000
1692973828685198689 133.240863 119.131547 120 16 0.000000
1692973829685696587 130.019962 125.937293 126 16 0.000000
1692973830682068886 129.437575 120.436903 120 16 0.000000
1692973831679128810 133.259782 120.353859 120 16 0.000000
1692973832688983983 133.588897 118.828912 120 16 0.000000
1692973833688101115 135.421026 117.103414 117 16 0.000000
1692973834684007316 133.203677 121.497366 121 16 0.000000
1692973835691980828 145.464629 111.114023 112 16 0.000000
1692973836692212145 129.648880 123.971332 124 16 0.000000
1692973837673067927 133.199815 120.303099 118 16 0.000000
1692973838701038609 138.175917 113.816501 117 16 0.000000
1692973839700452591 127.806648 122.071523 122 16 0.000000
1692973840703985866 131.004514 124.559891 125 16 0.000000
1692973841700587587 142.330949 112.381904 112 16 0.000000
1692973842701232381 138.951874 114.925900 115 16 0.000000
1692973843683004367 140.615307 116.116574 114 16 0.000000
1692973844699396101 135.028815 117.080840 119 16 0.000000
1692973845707883944 136.586818 115.023695 116 16 0.000000
1692973846711742601 141.855055 112.565652 113 16 0.000000
1692973847708035461 134.219723 123.457679 123 16 0.000000
1692973848713897609 135.467836 116.318136 117 16 0.000000
1692973849690229405 133.572036 119.836292 117 16 0.000000
1692973850711310987 141.900073 113.605027 116 16 0.000000
1692973851717326175 137.821962 115.306407 116 16 0.000000
1692973852693114715 132.867558 121.952666 119 16 0.000000
1692973853715425241 132.107894 118.359331 121 16 0.000000
1692973854721110009 128.222196 126.282112 127 16 0.000000
1692973855723974683 132.499896 119.657224 120 16 0.000000
1692973856709777671 142.656840 113.612960 112 16 0.000000
1692973857723029636 138.713525 116.456741 118 16 0.000000
1692973858727938888 133.964738 116.428405 117 16 0.000000
1692973859712397871 136.144392 118.847022 117 16 0.000000
1692973860728179999 137.250238 116.166628 118 16 0.000000
1692973861723053887 133.613900 119.613150 119 16 0.000000
1692973862715484759 130.682054 124.945740 124 16 0.000000
1692973863731595362 128.604887 123.018097 125 16 0.000000
1692973864691207473 139.999904 115.671753 111 16 0.000000
1692973865717377233 133.522491 120.837707 124 16 0.000000
1692973866735068069 132.839005 117.913993 120 16 0.000000
1692973867736126344 134.329670 117.875247 118 16 0.000000
1692973868720538254 134.299772 121.900211 120 16 0.000000
1692973869734931224 132.475064 121.254767 123 16 0.000000
1692973870741518240 133.223685 116.234360 117 16 0.000000
1692973871723825351 128.866610 125.215440 123 16 0.000000
1692973872728306664 133.902615 119.464634 120 16 0.000000
1692973873708515064 141.091040 114.261407 112 16 0.000000
1692973874726408354 130.717326 122.802674 125 16 0.000000
1692973875741219862 133.566343 119.233967 121 16 0.000000
1692973876748214692 133.926852 120.159485 121 16 0.000000
1692973877729537568 139.858103 115.150695 113 16 0.000000
1692973878744174013 136.244080 116.297808 118 16 0.000000
1692973879753342392 133.246833 118.909788 120 16 0.000000
1692973880732500950 135.480253 119.490363 117 16 0.000000
1692973881748056528 125.072191 128.993418 131 16 0.000000
1692973882758579353 127.944359 123.698344 125 16 0.000000
1692973883736559716 133.206293 121.679355 119 16 0.000000
1692973884750557762 132.456661 119.329600 121 16 0.000000
1692973885762358841 129.972390 122.553734 124 16 0.000000
1692973886763996564 132.049295 118.805430 119 16 0.000000
