1692987926333709131 161.967451 1665.254417 1655 23004 0.000000
1692987927343865772 188.858926 1802.690539 1821 24823 0.000000
1692987928341738992 154.215244 1873.985688 1870 26714 0.000000
1692987929351442914 163.695510 1877.778354 1896 28592 0.000000
1692987930356149506 152.397256 1895.080553 1904 30519 0.000000
1692987931359831487 157.796010 1948.824485 1956 32464 0.000000
1692987932364996428 160.457840 1840.494012 1850 34304 0.000000
1692987933366497810 159.122249 1879.178541 1882 36179 0.000000
1692987934373965881 161.520011 1900.804750 1915 38098 0.000000
1692987935376741021 153.209790 1919.672621 1925 40029 0.000000
1692987936380984394 155.316245 1922.840689 1931 41967 0.000000
1692987937384772585 164.087590 1827.078550 1834 43818 0.000000
1692987938386198936 157.256486 1915.268039 1918 45716 0.000000
1692987939387719334 159.806915 1902.108267 1905 47623 0.000000
1692987940399979870 153.024140 1921.441959 1945 49566 0.000000
1692987941403882024 153.962688 2004.179523 2012 51566 0.000000
1692987942406180210 150.184693 1946.526462 1951 53522 0.000000
1692987943410617537 153.360093 2010.079973 2019 55537 0.000000
1692987944417430399 146.857751 1997.392740 2011 57549 0.000000
1692987945422016375 150.019090 1979.919917 1989 59544 0.000000
1692987946423251709 154.175600 1978.555783 1981 61555 0.000000
1692987947430662180 155.413191 1929.699935 1944 63472 0.000000
1692987948433958759 147.243147 1990.438504 1997 65461 0.000000
1692987949436725504 149.772919 2072.266526 2078 67538 0.000000
1692987950443740945 147.222689 2047.635202 2062 69606 0.000000
1692987951448549248 148.627522 1982.467675 1992 71616 0.000000
1692987952453002575 150.310958 1999.097326 2008 73608 0.000000
1692987953457251730 150.867360 1985.563094 1994 75591 0.000000
1692987954461465488 150.721591 1993.599454 2002 77598 0.000000
1692987955459539484 149.289492 2035.921131 2032 79629 0.000000
1692987956470222863 146.946523 2045.150939 2067 81694 0.000000
1692987957474473390 144.917408 2046.302117 2055 83752 0.000000
1692987958478474389 146.360127 2025.894419 2034 85780 0.000000
1692987959483385826 151.729604 2016.098021 2026 87814 0.000000
1692987960488398622 149.809868 2002.959373 2013 89832 0.000000
1692987961480425921 145.800888 2043.290689 2027 91846 0.000000
1692987962495931471 148.229354 1978.324905 2009 93857 0.000000
1692987963502499614 151.487320 2028.675551 2042 95905 0.000000
1692987964506663669 148.382172 2008.635850 2017 97921 0.000000
1692987965509300721 149.292017 2026.655644 2032 99962 0.000000
1692987966514812423 149.715123 1992.020517 2003 101951 0.000000
1692987967520759802 152.459572 1974.258436 1986 103935 0.000000
1692987968519499766 152.671706 2015.539653 2013 105948 0.000000
1692987969529244115 148.219923 1959.902031 1979 107950 0.000000
1692987970532806141 145.391127 2061.655792 2069 110010 0.000000
1692987971536585445 150.824378 2014.387521 2022 112018 0.000000
1692987972540528576 147.350159 2030.991393 2039 114076 0.000000
1692987973547757838 146.165215 2025.358216 2040 116105 0.000000
1692987974551621891 149.188248 2035.136228 2043 118140 0.000000
1692987975556188290 147.632087 1956.067794 1965 120116 0.000000
1692987976560806056 148.437071 2082.384059 2092 122218 0.000000
1692987977564946998 146.232278 2059.471806 2068 124265 0.000000
1692987978570053861 144.505888 2053.512845 2064 126340 0.000000
1692987979572071983 148.256558 2023.915675 2028 128357 0.000000
1692987980574369508 147.637033 2024.349008 2029 130389 0.000000
1692987981584606380 148.893700 2063.872280 2085 132479 0.000000
1692987982588373401 144.173467 2041.310260 2049 134534 0.000000
1692987983586750265 149.042696 2040.311826 2037 136564 0.000000
1692987984598296672 150.596202 1973.216360 1996 138562 0.000000
1692987985602353346 151.507863 1998.891311 2007 140561 0.000000
1692987986600815751 150.028859 2003.079926 2000 142573 0.000000
1692987987611843616 146.112344 2050.388591 2073 144642 0.000000
1692987988615083288 146.536113 2053.347743 2060 146700 0.000000
1692987989619069049 142.498642 2101.623475 2110 148803 0.000000
1692987990624106041 152.184690 1935.252189 1945 150754 0.000000
1692987991629706641 148.604853 2048.526918 2060 152816 0.000000
1692987992630548617 145.977736 2050.273821 2052 154860 0.000000
1692987993639131026 148.381083 1991.904598 2009 156873 0.000000
1692987994642749670 152.556305 1973.857354 1981 158850 0.000000
1692987995646603603 149.534231 2066.037650 2074 160931 0.000000
1692987996650722264 147.803958 1984.824961 1993 162919 0.000000
1692987997654553415 151.382821 1995.355671 2003 164925 0.000000
1692987998660820654 150.600658 2006.425273 2019 166948 0.000000
1692987999665190074 146.870366 2020.173016 2029 168986 0.000000
1692988000669714025 148.479900 2012.893787 2022 170995 0.000000
1692988001673548211 149.801054 2022.246231 2030 173027 0.000000
1692988002676366263 145.559769 2065.180091 2071 175092 0.000000
1692988003683410238 147.571113 2043.605020 2058 177164 0.000000
1692988004686699945 146.392638 2051.252064 2058 179210 0.000000
1692988005692401613 147.289316 2017.496923 2029 181243 0.000000
1692988006693951356 147.867109 2018.871186 2022 183261 0.000000
1692988007701010400 148.311220 2058.469259 2073 185332 0.000000
1692988008698844086 145.527146 2022.381110 2018 187361 0.000000
1692988009710469903 148.903363 1986.900600 2010 189363 0.000000
1692988010714829956 151.730801 2026.165810 2035 191405 0.000000
1692988011717574881 147.453684 2030.426611 2036 193432 0.000000
1692988012723979187 147.525933 2040.929346 2054 195500 0.000000
1692988013727294190 148.678752 2015.319211 2022 197516 0.000000
1692988014729886368 146.811967 2022.756655 2028 199539 0.000000
1692988015737277414 148.918621 2041.908143 2057 201601 0.000000
1692988016737122211 143.480400 2064.320409 2064 203661 0.000000
1692988017740636629 146.707994 2052.785653 2060 205719 0.000000
1692988018747524662 143.126610 2092.586156 2107 207834 0.000000
1692988019755468445 146.598543 2046.741112 2063 209902 0.000000
1692988020760263814 145.262397 2057.135318 2067 211973 0.000000
1692988021764603770 148.948487 2004.301440 2013 213980 0.000000
1692988022765491563 144.609434 2106.130192 2108 216073 0.000000
1692988023773204602 148.435577 2006.523565 2022 218110 0.000000
1692988024775141161 151.603944 1983.159534 1987 220091 0.000000
1692988025782245280 148.743392 1995.821249 2010 222097 0.000000
1692988026786967933 148.816323 2024.439457 2034 224155 0.000000
1692988027792075498 147.460647 2072.415026 2083 226211 0.000000
1692988028791777778 143.735697 2069.615980 2069 228284 0.000000
1692988029800940556 146.119913 2028.414112 2047 230339 0.000000
1692988030805186304 148.132971 2007.476899 2016 232347 0.000000
1692988031809201291 143.418086 2118.494294 2127 234477 0.000000
1692988032813470343 146.968706 2057.217631 2066 236540 0.000000
1692988033820934657 144.471298 2039.774463 2055 238590 0.000000
1692988034826754558 148.714930 2041.120899 2053 240653 0.000000
1692988035830950744 144.767773 2031.475348 2040 242691 0.000000
1692988036832244758 147.795525 2049.348299 2052 244738 0.000000
1692988037839834367 149.333772 1907.522365 1922 246663 0.000000
1692988038843761438 153.035167 2073.856151 2082 248742 0.000000
1692988039848293103 146.197181 2076.589447 2086 250826 0.000000
1692988040850828706 143.934899 2049.802658 2055 252879 0.000000
1692988041856850264 146.598937 2036.735658 2049 254936 0.000000
1692988042861703202 148.033602 2064.978807 2075 257003 0.000000
1692988043866662859 144.996726 2058.789071 2069 259081 0.000000
1692988044868427607 146.024013 2032.413343 2036 261110 0.000000
1692988045873093984 148.386736 2071.334352 2081 263189 0.000000
1692988046879783716 144.270683 2014.523238 2028 265241 0.000000
1692988047884794920 149.701165 2046.743413 2057 267298 0.000000
1692988048884411078 147.278723 2009.771312 2009 269295 0.000000
1692988049888669351 151.507000 2010.439184 2019 271316 0.000000
1692988050898000666 149.287526 2002.315701 2021 273338 0.000000
1692988051902295106 146.694779 2032.272528 2041 275376 0.000000
1692988052907362817 147.451326 2017.774602 2028 277397 0.000000
1692988053910385893 144.864642 2088.685534 2095 279501 0.000000
1692988054915124076 146.061907 2054.266634 2064 281557 0.000000
1692988055920411979 149.306631 2024.295741 2035 283594 0.000000
1692988056923949541 145.026716 2030.815701 2038 285633 0.000000
1692988057928937131 148.999101 2034.851200 2045 287688 0.000000
1692988058930259047 144.405063 2101.222256 2104 289786 0.000000
1692988059937902758 148.081876 2018.570690 2034 291826 0.000000
1692988060942512309 145.009143 2018.694724 2028 293845 0.000000
1692988061940866571 146.490263 2121.491396 2118 295957 0.000000
1692988062951882374 148.316365 2015.794486 2038 297995 0.000000
1692988063954975733 145.307837 2007.789087 2014 300012 0.000000
1692988064957683729 145.681975 2045.461004 2051 302056 0.000000
1692988065965160947 145.548205 2111.213991 2127 304200 0.000000
1692988066969700167 152.177885 1956.120720 1965 306150 0.000000
1692988067974502379 148.108041 2005.369809 2015 308188 0.000000
1692988068978741657 146.410862 2065.244832 2074 310240 0.000000
1692988069983139441 147.784734 2057.949582 2067 312310 0.000000
1692988070986972507 148.635477 1995.351705 2003 314315 0.000000
1692988071991558283 149.543305 1997.838301 2007 316320 0.000000
1692988072990237195 144.054708 2100.775351 2098 318412 0.000000
1692988073994513822 145.545202 2057.202134 2066 320484 0.000000
1692988075004426547 149.464448 1973.437834 1993 322473 0.000000
