1692973738816848571 220.588022 72.106084 72 16 0.000000
1692973739806852851 225.652849 71.716871 71 16 0.000000
1692973740806417503 225.075346 68.029606 68 16 0.000000
1692973741816628173 210.860524 75.231844 76 16 0.000000
1692973742809018658 211.691252 75.575079 75 16 0.000000
1692973743819789943 224.289032 73.211429 74 16 0.000000
1692973744815736678 210.783104 74.301150 74 16 0.000000
1692973745803418853 214.561091 74.922890 74 16 0.000000
1692973746813854518 201.686612 77.194435 78 16 0.000000
1692973747823918438 220.360908 73.262681 74 16 0.000000
1692973748782942049 211.803856 78.204548 75 16 0.000000
1692973749793231778 231.003643 69.287047 70 16 0.000000
1692973750803738222 218.597371 73.230609 74 16 0.000000
1692973751814089552 223.590624 70.272595 71 16 0.000000
1692973752824082028 215.530317 76.238180 77 16 0.000000
1692973753816113101 211.658110 73.586404 73 16 0.000000
1692973754813268607 221.450015 73.208236 73 16 0.000000
1692973755830248425 218.364909 74.731095 76 16 0.000000
1692973756833338190 230.052752 68.787462 69 16 0.000000
1692973757824802355 213.593941 75.645688 75 16 0.000000
1692973758835380217 216.562426 73.225437 74 16 0.000000
1692973759827715774 209.640864 73.563830 73 16 0.000000
1692973760838264608 212.569942 71.248405 72 16 0.000000
1692973761772997329 227.515371 78.097189 73 16 0.000000
1692973762837153618 197.145333 77.056351 82 16 0.000000
1692973763792570175 215.523707 78.499791 75 16 0.000000
1692973764804354472 223.495096 72.149763 73 16 0.000000
1692973765814656645 238.238765 62.357582 63 16 0.000000
1692973766819028779 228.254723 73.677883 74 16 0.000000
1692973767835447671 202.768140 77.723861 79 16 0.000000
1692973768845425120 221.497140 72.278842 73 16 0.000000
1692973769843091356 225.724264 71.166074 71 16 0.000000
1692973770833878004 232.041551 66.613733 66 16 0.000000
1692973771824985011 225.557041 73.655025 73 16 0.000000
1692973772835107779 227.357367 72.268445 73 16 0.000000
1692973773851371176 217.520957 71.831769 73 16 0.000000
1692973774851495040 231.685213 67.991572 68 16 0.000000
1692973775850201257 211.827244 75.097169 75 16 0.000000
1692973776838685544 199.862375 78.908674 78 16 0.000000
1692973777849537095 211.087349 75.184137 76 16 0.000000
1692973778805809401 218.596861 77.383815 74 16 0.000000
1692973779814865407 213.636255 74.326894 75 16 0.000000
1692973780843298300 225.602216 69.037079 71 16 0.000000
1692973781853553195 206.423982 78.198095 79 16 0.000000
1692973782851489396 221.639690 71.146825 71 16 0.000000
1692973783849756725 216.455828 76.131922 76 16 0.000000
1692973784854188642 216.464028 73.673484 74 16 0.000000
1692973785849872973 210.741085 76.329401 76 16 0.000000
1692973786860127250 210.836149 75.228590 76 16 0.000000
1692973787855405911 222.621830 70.332067 70 16 0.000000
1692973788864741519 211.096355 77.278550 78 16 0.000000
1692973789862930425 221.675156 71.128821 71 16 0.000000
1692973790861908652 217.659108 71.072590 71 16 0.000000
1692973791811837968 222.523475 75.795147 72 16 0.000000
1692973792861285841 215.724925 73.371915 77 16 0.000000
1692973793832710253 215.591442 75.147380 73 16 0.000000
1692973794843166275 228.528316 71.254955 72 16 0.000000
1692973795853818427 217.560248 74.209511 75 16 0.000000
1692973796857645490 223.598940 70.729325 71 16 0.000000
1692973797868031739 209.828127 74.229033 75 16 0.000000
1692973798846812237 211.538151 74.582601 73 16 0.000000
1692973799871759637 235.127239 68.296187 70 16 0.000000
1692973800867689832 228.009529 69.281965 69 16 0.000000
1692973801867571393 219.543219 75.008894 75 16 0.000000
1692973802878309620 204.388623 76.181939 77 16 0.000000
1692973803865002962 229.749529 71.957517 71 16 0.000000
1692973804862093180 217.470777 73.213025 73 16 0.000000
1692973805873105769 221.436416 72.204847 73 16 0.000000
1692973806881160296 215.577018 72.416702 73 16 0.000000
1692973807876740527 210.100337 77.341838 77 16 0.000000
1692973808842725805 210.609439 76.605734 74 16 0.000000
1692973809852803857 220.691873 71.281620 72 16 0.000000
1692973810870299798 227.565781 71.744748 73 16 0.000000
1692973811886855204 209.916522 73.778576 75 16 0.000000
1692973812883735488 212.690465 76.237830 76 16 0.000000
1692973813886609793 212.765454 77.776456 78 16 0.000000
1692973814881041840 217.603484 69.386331 69 16 0.000000
1692973815871688288 223.475764 73.689254 73 16 0.000000
1692973816881888501 223.401526 72.262902 73 16 0.000000
1692973817892307527 216.497110 71.257568 72 16 0.000000
1692973818874208950 219.449914 74.345546 73 16 0.000000
1692973819884900672 224.289876 73.217186 74 16 0.000000
1692973820895229187 213.678220 74.233291 75 16 0.000000
1692973821893174230 218.624811 72.148248 72 16 0.000000
1692973822895346200 205.482947 77.830954 78 16 0.000000
1692973823871371016 233.539335 69.670369 68 16 0.000000
1692973824876120600 204.590693 78.626557 79 16 0.000000
1692973825872715555 226.939499 70.239159 70 16 0.000000
1692973826883281168 213.545535 72.236774 73 16 0.000000
1692973827899926653 230.616697 70.821149 72 16 0.000000
1692973828900642360 213.617056 72.947787 73 16 0.000000
1692973829877659424 216.497768 75.740747 74 16 0.000000
1692973830888057447 201.799462 82.145847 83 16 0.000000
1692973831871480640 191.830248 80.331652 79 16 0.000000
1692973832881528104 216.537976 75.243990 76 16 0.000000
1692973833891706125 230.333977 68.304792 69 16 0.000000
1692973834901930218 212.686560 75.230822 76 16 0.000000
1692973835902719228 229.215765 67.946398 68 16 0.000000
1692973836910286645 219.492063 72.451728 73 16 0.000000
1692973837873039523 212.540492 76.862916 74 16 0.000000
1692973838874708588 216.594002 75.873370 76 16 0.000000
1692973839893381696 207.307175 76.570185 78 16 0.000000
1692973840903995395 216.510317 73.222835 74 16 0.000000
1692973841914477164 226.679107 71.253141 72 16 0.000000
1692973842903561839 210.566077 72.794584 72 16 0.000000
1692973843912369354 219.472484 74.345196 75 16 0.000000
1692973844857055941 215.644029 77.274319 73 16 0.000000
1692973845907925288 209.827349 71.369415 75 16 0.000000
1692973846918315864 224.355852 73.239063 74 16 0.000000
1692973847891803316 219.811830 72.933657 71 16 0.000000
1692973848902442254 210.187002 78.168373 79 16 0.000000
1692973849912554777 239.779914 67.319239 68 16 0.000000
1692973850922500986 214.522650 73.271222 74 16 0.000000
1692973851922961110 213.543468 72.966425 73 16 0.000000
1692973852896768693 214.657065 75.990372 74 16 0.000000
1692973853907439673 212.950735 75.197568 76 16 0.000000
1692973854917619953 219.480100 72.264329 73 16 0.000000
1692973855917449993 214.520043 74.012579 74 16 0.000000
1692973856927447342 217.520027 74.257632 75 16 0.000000
1692973857928033560 206.314804 76.954876 77 16 0.000000
1692973858924136217 238.359809 66.258234 66 16 0.000000
1692973859921788581 207.250873 78.183548 78 16 0.000000
1692973860887918406 216.735239 74.524142 72 16 0.000000
1692973861892747315 219.548191 72.649193 73 16 0.000000
1692973862908967765 219.308177 75.770961 77 16 0.000000
1692973863916416272 220.697114 69.482450 70 16 0.000000
1692973864929381488 219.505300 72.065660 73 16 0.000000
1692973865920787180 208.161642 77.667491 77 16 0.000000
1692973866897452271 219.537305 74.744159 73 16 0.000000
1692973867903094088 224.477981 71.596069 72 16 0.000000
1692973868917788061 224.802122 68.986316 70 16 0.000000
1692973869923367924 226.221869 73.589383 74 16 0.000000
1692973870934060615 204.300589 76.185361 77 16 0.000000
1692973871939303660 204.632922 78.587968 79 16 0.000000
1692973872938493592 218.430560 74.059997 74 16 0.000000
1692973873941879464 228.176936 68.767153 69 16 0.000000
1692973874932490117 231.788592 66.625570 66 16 0.000000
1692973875943448603 214.672708 77.154504 78 16 0.000000
1692973876907607286 226.033818 71.564981 69 16 0.000000
1692973877925638619 221.401913 73.671615 75 16 0.000000
1692973878919523983 203.375748 76.467566 76 16 0.000000
1692973879946005165 225.733635 71.116740 73 16 0.000000
1692973880948993551 205.495967 77.767599 78 16 0.000000
1692973881909738253 228.701240 67.655851 65 16 0.000000
1692973882922388741 211.793040 76.038082 77 16 0.000000
1692973883932574768 219.394347 76.223582 77 16 0.000000
1692973884949887366 225.707863 69.791726 71 16 0.000000
1692973885950128126 205.899334 74.981945 75 16 0.000000
1692973886948757801 213.615640 75.102917 75 16 0.000000
