1692982320382349078 144.506777 0.000000
1692982321106598204 144.650074 0.000000
1692982321973760894 144.773915 0.000000
1692982322336817740 144.947851 0.000000
1692982322989063710 145.057081 0.000000
1692982323421218570 145.043348 0.000000
1692982324073500172 144.629433 0.000000
1692982324652173860 144.512115 0.000000
1692982325520113740 144.834801 0.000000
1692982326605495856 144.468964 0.000000
1692982328053190523 144.492995 0.000000
1692982328126671869 144.551226 0.000000
1692982328487415587 145.029105 0.000000
1692982328921502911 144.645360 0.000000
1692982329211461342 144.805999 0.000000
1692982329356218243 144.671977 0.000000
1692982329861493326 144.603157 0.000000
1692982332322626599 144.601363 0.000000
1692982332972983874 144.574640 0.000000
1692982334132102699 144.564170 0.000000
1692982334203792529 144.489026 0.000000
1692982334999070657 144.464354 0.000000
1692982335361832729 144.552699 0.000000
1692982336009770128 144.581315 0.000000
1692982336013214492 144.613871 0.000000
1692982336517891711 144.553300 0.000000
1692982336733253922 144.564662 0.000000
1692982337023019338 144.580343 0.000000
1692982337532515940 144.523621 0.000000
1692982338834716544 144.581481 0.000000
1692982339051314306 144.591730 0.000000
1692982339774650058 144.831012 0.000000
1692982341436815823 144.621621 0.000000
1692982343391528105 144.462714 0.000000
1692982343608427346 144.476275 0.000000
1692982343824772201 144.516960 0.000000
1692982345488476770 144.958433 0.000000
1692982345923170851 144.581942 0.000000
1692982346935053604 144.672427 0.000000
1692982348384098056 144.613184 0.000000
1692982349399524021 144.773729 0.000000
1692982349833618384 144.690280 0.000000
1692982349907016816 144.603762 0.000000
1692982350195127087 144.494888 0.000000
1692982350482150040 144.704858 0.000000
1692982350482389042 144.619107 0.000000
1692982350628848896 144.492574 0.000000
1692982350698785987 144.540023 0.000000
1692982351133652011 144.544754 0.000000
1692982351422578044 144.837322 0.000000
1692982351568025848 144.522117 0.000000
1692982352003323921 144.733696 0.000000
1692982353738394927 144.582240 0.000000
1692982354390163729 144.582568 0.000000
1692982355837234659 144.624570 0.000000
1692982358222503045 144.496502 0.000000
1692982358657886557 144.912131 0.000000
1692982358947164705 144.643805 0.000000
1692982360105435383 144.692689 0.000000
1692982361190873649 145.002010 0.000000
1692982361190933368 144.956309 0.000000
1692982361696485091 144.577079 0.000000
1692982362204218204 144.760337 0.000000
1692982362492256291 144.852742 0.000000
1692982363506446647 144.896795 0.000000
1692982365388949992 144.760392 0.000000
1692982367124588755 144.664222 0.000000
1692982368209043920 144.579605 0.000000
1692982368280695747 144.678556 0.000000
1692982369438415834 144.469734 0.000000
1692982370163431380 144.627861 0.000000
1692982371102256663 144.450284 0.000000
1692982372840198716 144.570639 0.000000
1692982372985413737 144.447412 0.000000
1692982374071332594 144.661420 0.000000
1692982375952220317 144.556181 0.000000
1692982376531324874 144.609034 0.000000
1692982377180558412 144.785209 0.000000
1692982377544610697 145.755766 0.000000
1692982378338750491 144.772314 0.000000
1692982378628764483 144.589859 0.000000
1692982379425882083 144.560465 0.000000
1692982380074511552 144.577560 0.000000
1692982380148804378 144.991144 0.000000
1692982381306680409 144.618911 0.000000
1692982381665703025 144.522131 0.000000
1692982381810651841 144.635391 0.000000
1692982382246804817 144.620064 0.000000
1692982383186363576 144.626785 0.000000
1692982384488825906 144.444625 0.000000
1692982385500704807 144.714328 0.000000
1692982385862634334 144.662853 0.000000
1692982385934995071 144.683677 0.000000
1692982385936004424 144.643162 0.000000
1692982386008527530 144.566168 0.000000
1692982386442148524 145.023409 0.000000
1692982387455465223 144.649544 0.000000
1692982387599630616 144.715766 0.000000
1692982387671850579 144.943959 0.000000
1692982387672615738 144.768419 0.000000
1692982388033522806 144.598669 0.000000
1692982388612668236 144.483335 0.000000
1692982389263695898 144.627812 0.000000
1692982389337574058 144.563336 0.000000
1692982390422303572 144.540286 0.000000
1692982390637264760 144.530571 0.000000
1692982390710446316 144.633379 0.000000
1692982390856930345 144.634096 0.000000
1692982391000067422 144.619071 0.000000
1692982391869058560 144.631356 0.000000
1692982391941171640 144.522426 0.000000
1692982392303546634 144.645789 0.000000
1692982392881860179 144.606692 0.000000
1692982393096928418 144.677497 0.000000
1692982394037681637 144.727138 0.000000
1692982395195750965 144.667103 0.000000
1692982396643617156 144.584952 0.000000
1692982396859736188 144.556466 0.000000
1692982397151609968 144.473742 0.000000
1692982397222152122 144.708319 0.000000
1692982397655949741 144.689936 0.000000
1692982398090204390 144.518822 0.000000
1692982399899818357 145.212940 0.000000
1692982400624432722 144.552781 0.000000
1692982401708176444 144.606216 0.000000
1692982403517507043 144.722617 0.000000
1692982404675862575 144.646805 0.000000
1692982404820071725 144.570733 0.000000
1692982405037203677 144.676680 0.000000
1692982405400198555 144.728159 0.000000
1692982406702759351 144.486200 0.000000
1692982407136356608 144.708113 0.000000
1692982407209860657 144.814294 0.000000
1692982409234813023 144.514226 0.000000
1692982409308759762 144.865331 0.000000
1692982409887050501 144.632978 0.000000
1692982410464216990 144.553257 0.000000
1692982411116742690 144.701639 0.000000
1692982411477585741 144.644575 0.000000
1692982411550949126 144.539074 0.000000
1692982413287070008 144.627095 0.000000
1692982414011018885 144.793627 0.000000
1692982414879416895 144.613983 0.000000
1692982414950318411 144.741526 0.000000
1692982417266621614 144.595630 0.000000
1692982417700818013 144.598248 0.000000
1692982417918375358 144.906379 0.000000
1692982418496597507 144.503516 0.000000
1692982419509855436 144.432682 0.000000
1692982421031054957 144.588214 0.000000
1692982421536797231 144.511550 0.000000
1692982422983416795 144.521086 0.000000
1692982424357670761 144.598266 0.000000
1692982425298365907 144.634465 0.000000
1692982425950125664 144.858076 0.000000
1692982427470625047 144.551978 0.000000
1692982427759704406 144.550535 0.000000
1692982428480488555 144.619681 0.000000
1692982429061111616 144.501940 0.000000
1692982429350684477 144.505961 0.000000
1692982429422353231 144.500243 0.000000
1692982429422708084 144.480737 0.000000
1692982429856530040 144.534277 0.000000
1692982430578342343 144.595360 0.000000
1692982431737221731 144.690526 0.000000
1692982432461342507 144.560439 0.000000
1692982432895737542 144.589837 0.000000
1692982433184752285 144.624206 0.000000
1692982433545889053 144.706624 0.000000
1692982433619051083 144.557281 0.000000
1692982433763079240 144.776622 0.000000
1692982433980807144 144.863760 0.000000
1692982434918679469 144.582208 0.000000
1692982435354901464 144.563795 0.000000
1692982436730500405 144.514626 0.000000
1692982437307983098 144.995772 0.000000
1692982437960776782 144.545288 0.000000
1692982438247787228 144.568306 0.000000
1692982438539808714 144.503205 0.000000
1692982438970022434 144.702795 0.000000
1692982440493557996 144.594808 0.000000
1692982441504491297 144.606189 0.000000
1692982442301751580 144.653559 0.000000
1692982443312418775 144.671658 0.000000
1692982444182884092 144.770769 0.000000
1692982446278215943 144.450935 0.000000
1692982446351844282 144.600886 0.000000
1692982447365545967 144.491335 0.000000
1692982448233110136 144.759661 0.000000
1692982448377633648 144.515371 0.000000
1692982448739636632 144.613152 0.000000
1692982450039780985 144.582421 0.000000
1692982450185811988 144.472203 0.000000
1692982450982427862 144.450708 0.000000
1692982451922340858 144.795813 0.000000
1692982452355567872 144.739909 0.000000
1692982452573359590 144.479429 0.000000
1692982453441424461 144.503711 0.000000
1692982453730701769 144.586204 0.000000
1692982454018743215 144.635343 0.000000
1692982454237366261 144.818099 0.000000
1692982455901596942 144.586303 0.000000
1692982456191252451 144.718011 0.000000
1692982456553375829 144.829701 0.000000
1692982459303118587 144.508307 0.000000
1692982459374490405 144.559937 0.000000
1692982459375098859 144.630602 0.000000
1692982459447721343 144.665677 0.000000
1692982459592265398 144.535506 0.000000
1692982460604932475 144.499376 0.000000
1692982460966387478 144.450477 0.000000
1692982461472223310 144.642810 0.000000
1692982461906911296 144.493407 0.000000
1692982462052227796 144.558192 0.000000
1692982462775562847 144.846860 0.000000
1692982467840062785 144.493692 0.000000
