1692982319872380021 294.669633 0.000000
1692982322091260325 294.698991 0.000000
1692982322973667206 294.749169 0.000000
1692982323932660164 294.815793 0.000000
1692982326259805839 294.788163 0.000000
1692982326830268582 294.792343 0.000000
1692982328087226126 294.643607 0.000000
1692982330270851660 294.596292 0.000000
1692982331600520488 294.856372 0.000000
1692982332201594217 294.686847 0.000000
1692982332297906021 294.748676 0.000000
1692982332327945318 294.563597 0.000000
1692982333206559774 294.632240 0.000000
1692982333322108981 294.665297 0.000000
1692982334765529490 294.783126 0.000000
1692982337123713543 294.597149 0.000000
1692982337213466951 294.618068 0.000000
1692982339529277245 294.885364 0.000000
1692982340932280054 294.797394 0.000000
1692982340942218768 294.767003 0.000000
1692982344429142615 294.589105 0.000000
1692982344587062562 294.792112 0.000000
1692982344875361064 294.702242 0.000000
1692982346045213051 294.654767 0.000000
1692982346939167010 295.432272 0.000000
1692982348335152803 294.630541 0.000000
1692982348390115950 294.811011 0.000000
1692982349199757013 294.603016 0.000000
1692982349495884620 294.697226 0.000000
1692982351536198126 294.671074 0.000000
1692982352821156001 294.708173 0.000000
1692982353715759766 294.633552 0.000000
1692982353794777620 294.665792 0.000000
1692982355124400971 294.583481 0.000000
1692982356863644074 294.677529 0.000000
1692982357591384285 294.629753 0.000000
1692982359351312000 294.652104 0.000000
1692982359849441475 294.839807 0.000000
1692982360031738569 294.738697 0.000000
1692982360204648653 294.668915 0.000000
1692982360616031971 294.555529 0.000000
1692982362216428729 294.651173 0.000000
1692982363327674926 294.793468 0.000000
1692982364951551621 294.616456 0.000000
1692982365573657162 294.720314 0.000000
1692982367688961066 294.641023 0.000000
1692982368703141464 294.691762 0.000000
1692982370870510663 294.638924 0.000000
1692982372491629502 294.695877 0.000000
1692982374329881326 294.653728 0.000000
1692982374449288236 294.676611 0.000000
1692982377651683326 294.838133 0.000000
1692982378523795194 294.718449 0.000000
1692982380147592745 294.807626 0.000000
1692982381130518130 294.594952 0.000000
1692982381444088090 294.700246 0.000000
1692982381696642469 294.737032 0.000000
1692982381718221673 294.816922 0.000000
1692982382716741176 294.686689 0.000000
1692982383047902406 294.754291 0.000000
1692982384454802881 294.685600 0.000000
1692982388580034176 294.722944 0.000000
1692982392959566698 294.634632 0.000000
1692982395846541768 294.624319 0.000000
1692982396724612548 294.578607 0.000000
1692982397099490686 294.680159 0.000000
1692982397761801658 294.675618 0.000000
1692982398028713611 294.558585 0.000000
1692982399142080107 294.767246 0.000000
1692982399933328443 294.851496 0.000000
1692982400183663701 294.618985 0.000000
1692982400897558107 294.715035 0.000000
1692982401787537160 294.558856 0.000000
1692982403935312888 294.912278 0.000000
1692982405090012007 294.740659 0.000000
1692982405113516267 294.579334 0.000000
1692982410480171812 294.672625 0.000000
1692982411292350400 294.607524 0.000000
1692982412719953792 294.720932 0.000000
1692982413901813991 294.768048 0.000000
1692982416499759145 294.667034 0.000000
1692982417984160444 294.705675 0.000000
1692982419913168131 294.647737 0.000000
1692982424056141478 294.717424 0.000000
1692982424159444252 294.664070 0.000000
1692982424299910923 294.700264 0.000000
1692982424852393412 294.666225 0.000000
1692982427136937373 294.708959 0.000000
1692982427959549644 294.905051 0.000000
1692982428178815668 294.636240 0.000000
1692982428617261237 294.699036 0.000000
1692982430799624018 294.718171 0.000000
1692982431246898238 294.623210 0.000000
1692982431815734103 294.700229 0.000000
1692982432263415404 294.619240 0.000000
1692982434461408225 294.827008 0.000000
1692982435910955090 294.724891 0.000000
1692982437649212424 294.746251 0.000000
1692982437811829933 294.747303 0.000000
1692982441578477513 294.641151 0.000000
1692982441926829153 294.823420 0.000000
1692982442914744593 294.694875 0.000000
1692982443673383634 294.629699 0.000000
1692982443788240868 294.684852 0.000000
1692982444873232839 294.705941 0.000000
1692982445238894240 294.703180 0.000000
1692982445555765159 294.694610 0.000000
1692982446690849603 294.708858 0.000000
1692982446949328279 294.646888 0.000000
1692982450450105958 294.722444 0.000000
1692982451375650462 294.779482 0.000000
1692982452001686192 294.590080 0.000000
1692982454314784216 294.767935 0.000000
1692982455060443233 294.723857 0.000000
1692982455941041563 294.647028 0.000000
1692982456339935759 294.628891 0.000000
1692982457642605508 294.567886 0.000000
1692982458065591239 294.627582 0.000000
1692982459803929947 294.796466 0.000000
1692982460278350537 294.991400 0.000000
1692982461073035960 294.680606 0.000000
1692982463706171274 294.638373 0.000000
1692982467068623513 294.672613 0.000000
