1692982321548272581 216.686439 0.000000
1692982321813400769 216.808828 0.000000
1692982321846795591 216.676421 0.000000
1692982322161509928 216.598470 0.000000
1692982322890874657 216.626705 0.000000
1692982322908001674 216.627998 0.000000
1692982324408463240 216.730647 0.000000
1692982324625061178 216.569763 0.000000
1692982325357472298 216.717371 0.000000
1692982327417904485 216.574739 0.000000
1692982329284244124 216.735353 0.000000
1692982330068853752 216.739698 0.000000
1692982330835897156 216.840532 0.000000
1692982331321955964 216.655658 0.000000
1692982331732765561 216.783459 0.000000
1692982333217994675 216.687263 0.000000
1692982334052836948 216.666934 0.000000
1692982335143440203 216.705869 0.000000
1692982335492303395 216.673007 0.000000
1692982335807924504 216.760921 0.000000
1692982337386395072 216.686909 0.000000
1692982337767686343 216.752337 0.000000
1692982340355350958 216.764049 0.000000
1692982341272878160 216.755570 0.000000
1692982341516448920 216.651858 0.000000
1692982341933824281 216.682444 0.000000
1692982342576288830 216.699585 0.000000
1692982342792961106 216.643138 0.000000
1692982342867285848 216.628980 0.000000
1692982343398660817 216.580793 0.000000
1692982343828752742 216.673309 0.000000
1692982344675286567 216.684920 0.000000
1692982346704927246 216.676556 0.000000
1692982347499112605 216.661866 0.000000
1692982348115727563 216.688795 0.000000
1692982352702593231 216.853076 0.000000
1692982355006518378 216.579675 0.000000
1692982355182894383 216.563905 0.000000
1692982357431208336 216.651169 0.000000
1692982359905886568 216.736610 0.000000
1692982360347657289 216.610382 0.000000
1692982360916219015 216.676725 0.000000
1692982362627122017 216.670656 0.000000
1692982363488389530 216.814868 0.000000
1692982364626731136 216.672627 0.000000
1692982365108285366 216.662663 0.000000
1692982367296073061 216.820069 0.000000
1692982367717598193 216.651472 0.000000
1692982368385674549 216.614149 0.000000
1692982368681247099 216.573712 0.000000
1692982370576405346 216.740323 0.000000
1692982370858673225 216.681822 0.000000
1692982371856730158 216.695976 0.000000
1692982372842585559 216.602057 0.000000
1692982374698572721 216.634346 0.000000
1692982374856839984 216.704039 0.000000
1692982375581084592 216.951389 0.000000
1692982375785894308 216.692307 0.000000
1692982376101498598 216.582417 0.000000
1692982376225600448 217.145676 0.000000
1692982378870969789 216.691053 0.000000
1692982379420217944 216.716203 0.000000
1692982379685155433 216.793302 0.000000
1692982379799845808 216.804023 0.000000
1692982379861858126 216.706053 0.000000
1692982379949962568 216.674250 0.000000
1692982380147242014 216.674064 0.000000
1692982382229603540 216.591833 0.000000
1692982382906269018 216.696583 0.000000
1692982385026414905 216.665306 0.000000
1692982388056542582 216.834986 0.000000
1692982388126936551 216.761869 0.000000
1692982389686105873 216.642317 0.000000
1692982391316748773 216.724318 0.000000
1692982391364114299 216.745191 0.000000
1692982391788357532 216.673490 0.000000
1692982392028201180 216.771908 0.000000
1692982393052454003 216.666698 0.000000
1692982393128305225 216.645966 0.000000
1692982393153508039 216.686169 0.000000
1692982394519326378 216.611255 0.000000
1692982396728445798 216.778619 0.000000
1692982396753474537 216.608419 0.000000
1692982397001235798 216.570399 0.000000
1692982397011072086 216.590791 0.000000
1692982397033481296 216.665801 0.000000
1692982398623095923 216.773427 0.000000
1692982399821119124 216.665912 0.000000
1692982402166760579 216.637842 0.000000
1692982403696199342 216.722829 0.000000
1692982404296424025 216.684986 0.000000
1692982405377182266 216.682285 0.000000
1692982405436407915 216.603737 0.000000
1692982408407150626 216.592245 0.000000
1692982408841024545 216.696949 0.000000
1692982409390033250 216.574018 0.000000
1692982409955319575 216.629025 0.000000
1692982410350572954 216.671835 0.000000
1692982410539838287 216.714088 0.000000
1692982410744146188 216.709789 0.000000
1692982411551894182 216.756457 0.000000
1692982412068890525 216.610457 0.000000
1692982412698879172 216.670758 0.000000
1692982412797677819 216.689000 0.000000
1692982414903048600 216.604409 0.000000
1692982414927815606 216.792491 0.000000
1692982415457932204 216.771100 0.000000
1692982415738087483 216.719096 0.000000
1692982415914529096 216.670718 0.000000
1692982416260991912 216.670211 0.000000
1692982416979258986 216.666212 0.000000
1692982418216881435 216.692579 0.000000
1692982419169740271 216.671154 0.000000
1692982419530250711 216.671901 0.000000
1692982422849063195 216.825427 0.000000
1692982422920908609 216.657837 0.000000
1692982423993444326 216.716619 0.000000
1692982426373301478 216.605686 0.000000
1692982426943088074 216.569327 0.000000
1692982427689708030 216.644020 0.000000
1692982428064559747 216.701028 0.000000
1692982428134609490 216.731720 0.000000
1692982429321995903 216.678190 0.000000
1692982429547651690 216.599305 0.000000
1692982433528579898 216.796459 0.000000
1692982433626444267 216.674802 0.000000
1692982435697248921 216.712610 0.000000
1692982436475840778 216.615364 0.000000
1692982438283183740 216.741267 0.000000
1692982442363241741 216.759068 0.000000
1692982442966109481 216.721274 0.000000
1692982444218630794 216.640086 0.000000
1692982445230555164 216.842280 0.000000
1692982446868280727 216.596017 0.000000
1692982447095400607 216.745295 0.000000
1692982447246342757 216.632247 0.000000
1692982447993135503 216.680230 0.000000
1692982449111988746 216.693486 0.000000
1692982449480183962 216.643037 0.000000
1692982450178063073 216.744814 0.000000
1692982450586358243 216.649834 0.000000
1692982451125700427 216.701720 0.000000
1692982453268574161 216.629883 0.000000
1692982454051118124 216.814847 0.000000
1692982454324893849 216.614260 0.000000
1692982454604021822 216.729182 0.000000
1692982455751968489 216.637379 0.000000
1692982456289726235 216.787664 0.000000
1692982456578692832 216.798395 0.000000
1692982456795486354 216.773095 0.000000
1692982458008796103 216.783934 0.000000
1692982458078723387 216.703443 0.000000
1692982458402432877 216.629962 0.000000
1692982459842219520 216.612271 0.000000
1692982461575803923 216.771536 0.000000
1692982461622644939 216.612091 0.000000
1692982463287181381 216.712639 0.000000
1692982464265959838 216.733222 0.000000
1692982465019383680 216.575871 0.000000
1692982465366375865 216.751258 0.000000
1692982465578468979 216.627787 0.000000
1692982466909515191 216.712414 0.000000
1692982466997878567 216.765952 0.000000
