1692982320903864415 177.261505 88.217800 87 16 0.000000
1692982321897556443 182.075854 88.558628 88 16 0.000000
1692982322917717824 187.072029 83.320138 85 16 0.000000
1692982323913082503 188.535581 85.395837 85 16 0.000000
1692982324914691507 180.540278 89.855422 90 16 0.000000
1692982325914336659 185.810680 83.029462 83 16 0.000000
1692982326915666765 177.318237 92.876465 93 16 0.000000
1692982327924126702 185.279258 88.253379 89 16 0.000000
1692982328923481177 180.521574 84.054272 84 16 0.000000
1692982329922154223 180.875574 90.119583 90 16 0.000000
1692982330925814145 186.064229 89.671813 90 16 0.000000
1692982331905066607 170.568808 90.885640 89 16 0.000000
1692982332926906181 180.717799 88.076447 90 16 0.000000
1692982333929078376 180.725086 87.809273 88 16 0.000000
1692982334930387368 185.863056 84.888868 85 16 0.000000
1692982335918842870 188.700151 85.992745 85 16 0.000000
1692982336920903163 182.751352 88.817011 89 16 0.000000
1692982337915458365 169.105310 97.531037 97 16 0.000000
1692982338934060097 193.173969 79.520776 81 16 0.000000
1692982339938461303 197.204026 82.636299 83 16 0.000000
1692982340924562256 182.759937 90.254451 89 16 0.000000
1692982341939129848 193.364897 79.836968 81 16 0.000000
1692982342919971350 177.158720 90.738409 89 16 0.000000
1692982343933672034 174.731221 91.743071 93 16 0.000000
1692982344936846028 174.778739 90.712070 91 16 0.000000
1692982345928894181 182.635117 87.697354 87 16 0.000000
1692982346942551542 174.300327 94.706558 96 16 0.000000
1692982347921402579 168.518899 92.966137 91 16 0.000000
1692982348938567287 178.507729 87.498133 89 16 0.000000
1692982349948373414 183.286521 87.145428 88 16 0.000000
1692982350942799111 181.237228 87.487691 87 16 0.000000
1692982351935150752 186.040872 85.655122 85 16 0.000000
1692982352951815905 184.721710 88.524713 90 16 0.000000
1692982353952105623 185.453124 88.974223 89 16 0.000000
1692982354936241923 182.715570 84.337911 83 16 0.000000
1692982355950851985 184.639416 87.718428 89 16 0.000000
1692982356949767043 178.417087 90.097763 90 16 0.000000
1692982357954585835 184.750907 82.601947 83 16 0.000000
1692982358947017279 182.220994 90.686379 90 16 0.000000
1692982359958519952 180.050221 91.942417 93 16 0.000000
1692982360949900244 182.745937 83.721642 83 16 0.000000
1692982361956843424 171.026453 92.358725 93 16 0.000000
1692982362963608654 185.637396 88.401952 89 16 0.000000
1692982363959483725 187.898995 84.347929 84 16 0.000000
1692982364953044026 190.743950 84.544443 84 16 0.000000
1692982365953470774 174.754552 90.961181 91 16 0.000000
1692982366954788589 191.350761 84.888133 85 16 0.000000
1692982367962549698 186.443288 83.353084 84 16 0.000000
1692982368962774915 180.906158 89.979739 90 16 0.000000
1692982369963533106 188.535970 84.935603 85 16 0.000000
1692982370939012831 175.252124 92.262296 90 16 0.000000
1692982371971926927 182.121541 85.195856 88 16 0.000000
1692982372970588607 181.245092 89.119270 89 16 0.000000
1692982373975325574 184.857491 87.585111 88 16 0.000000
1692982374958621326 170.253084 93.562901 92 16 0.000000
1692982375967852506 184.665038 87.195094 88 16 0.000000
1692982376978129945 182.532806 85.125120 86 16 0.000000
1692982377966450230 183.333784 87.016328 86 16 0.000000
1692982378977557088 186.780620 86.044314 87 16 0.000000
1692982379968924312 192.741712 85.740192 85 16 0.000000
1692982380976435623 195.780794 79.403564 80 16 0.000000
1692982381980746533 191.288266 86.626561 87 16 0.000000
1692982382977148670 177.207609 85.306923 85 16 0.000000
1692982383983312340 180.906276 91.436416 92 16 0.000000
1692982384966082511 183.358428 87.507743 86 16 0.000000
1692982385988192773 194.692567 81.204557 83 16 0.000000
1692982386986242071 188.317965 85.166131 85 16 0.000000
1692982387975717284 176.527025 90.957297 90 16 0.000000
1692982388981895603 179.846731 86.465786 87 16 0.000000
1692982389975380354 186.599740 89.583660 89 16 0.000000
1692982390991970286 178.764698 89.514953 91 16 0.000000
1692982391993606392 179.167691 85.859525 86 16 0.000000
1692982392984940645 190.795478 84.734286 84 16 0.000000
1692982393995250987 181.069223 89.081552 90 16 0.000000
1692982394981293324 191.399333 84.174881 83 16 0.000000
1692982395997163789 178.571480 89.578350 91 16 0.000000
1692982396978057758 184.506017 88.694592 87 16 0.000000
1692982397973831417 175.058433 88.373508 88 16 0.000000
1692982398989276496 184.716511 88.631084 90 16 0.000000
1692982399965826944 179.850824 89.089104 87 16 0.000000
1692982400992926498 190.699141 83.730926 86 16 0.000000
1692982401997026869 177.997764 87.640632 88 16 0.000000
1692982402998394359 185.616467 86.881189 87 16 0.000000
1692982404002056814 182.093628 87.678884 88 16 0.000000
1692982405006744720 184.735525 89.580066 90 16 0.000000
1692982406002323866 182.134023 86.381872 86 16 0.000000
1692982407011096560 183.323056 85.252118 86 16 0.000000
1692982407991415845 175.459113 93.846961 92 16 0.000000
1692982409011156283 181.622708 85.315830 87 16 0.000000
1692982410013983202 190.195543 82.766022 83 16 0.000000
1692982411000915098 187.724487 87.138744 86 16 0.000000
1692982412004557321 193.621581 83.695166 84 16 0.000000
1692982413017470278 189.142233 84.903640 86 16 0.000000
1692982414005688179 183.412642 85.001498 84 16 0.000000
1692982415014190107 189.701112 86.266567 87 16 0.000000
1692982415976688302 188.245902 85.194963 82 16 0.000000
1692982417019712834 179.383190 88.205031 92 16 0.000000
1692982418021972369 183.230395 87.801591 88 16 0.000000
1692982418985116290 186.484625 87.214400 84 16 0.000000
1692982420023951801 187.887255 80.859760 84 16 0.000000
1692982421022262115 183.543635 89.150644 89 16 0.000000
1692982422026624654 188.542785 84.630797 85 16 0.000000
1692982423009263528 188.101533 85.484090 84 16 0.000000
1692982424026119082 180.535045 90.474994 92 16 0.000000
1692982425021292805 177.269180 90.436473 90 16 0.000000
1692982426015062284 175.278194 88.551721 88 16 0.000000
1692982427025573999 192.295800 85.105397 86 16 0.000000
1692982428015766328 188.336099 85.841917 85 16 0.000000
1692982429024773230 185.499466 84.241252 85 16 0.000000
1692982430022898969 190.555878 84.157722 84 16 0.000000
1692982431030091482 174.900306 92.335873 93 16 0.000000
1692982432034065345 195.401386 81.675433 82 16 0.000000
1692982433032207479 173.623410 91.169386 91 16 0.000000
1692982434034863932 174.471961 93.750948 94 16 0.000000
1692982435033653018 181.084688 88.106692 88 16 0.000000
1692982436012312542 174.609287 90.940731 89 16 0.000000
1692982437016561513 177.126694 88.623434 89 16 0.000000
1692982438043005872 182.212463 87.681318 90 16 0.000000
1692982439020964161 189.908809 85.893247 84 16 0.000000
1692982440045244447 176.850286 91.771737 94 16 0.000000
1692982441030128317 167.667111 93.412048 92 16 0.000000
1692982442030862473 174.022203 91.932507 92 16 0.000000
1692982443036458194 180.727579 87.510303 88 16 0.000000
1692982444042884076 182.727621 88.431761 89 16 0.000000
1692982445039805980 174.748738 91.280961 91 16 0.000000
1692982446045672162 168.494289 94.445968 95 16 0.000000
1692982447051558595 177.297119 92.455760 93 16 0.000000
1692982448047535858 184.925649 86.347351 86 16 0.000000
1692982449042552221 189.093753 84.420734 84 16 0.000000
1692982450051462314 183.986938 86.231662 87 16 0.000000
1692982451057087464 186.011726 87.507749 88 16 0.000000
1692982452020080706 189.574697 83.074311 80 16 0.000000
1692982453053646685 189.137804 83.207067 86 16 0.000000
1692982454045228546 188.304593 89.755596 89 16 0.000000
1692982455028617756 181.073180 85.418874 84 16 0.000000
1692982456063723973 186.878421 82.117166 85 16 0.000000
1692982457064862940 180.018716 88.898758 89 16 0.000000
1692982458037297594 189.882719 89.466154 87 16 0.000000
1692982459054205157 163.595295 93.420495 95 16 0.000000
1692982460062896596 175.180568 89.224501 90 16 0.000000
1692982461048761515 181.516805 94.333410 93 16 0.000000
1692982462058094912 181.934298 85.204750 86 16 0.000000
1692982463060539237 185.802912 88.782997 89 16 0.000000
1692982464058071526 172.863384 92.227578 92 16 0.000000
1692982465067301186 179.838039 86.204365 87 16 0.000000
1692982466069229222 173.273076 90.824894 91 16 0.000000
1692982467064836185 186.006821 88.388295 88 16 0.000000
1692982468074275248 193.921499 81.233226 82 16 0.000000
1692982469076645231 185.562145 86.794297 87 16 0.000000
