1692982320517996458 230.227931 74.075582 74 16 0.000000
1692982321508053138 217.540329 69.692988 69 16 0.000000
1692982322518294437 247.189131 65.330914 66 16 0.000000
1692982323510811975 228.956246 70.527726 70 16 0.000000
1692982324521128404 212.683679 73.244387 74 16 0.000000
1692982325521296924 212.811901 77.986863 78 16 0.000000
1692982326511772498 210.578431 72.692341 72 15 0.000000
1692982327504020884 232.268573 69.539043 69 16 0.000000
1692982328522683589 221.390194 73.625937 75 16 0.000000
1692982329467134085 226.195095 70.940721 67 16 0.000000
1692982330478430834 226.605608 71.195722 72 16 0.000000
1692982331488636748 225.654641 70.282707 71 16 0.000000
1692982332499024460 213.949449 74.228936 75 16 0.000000
1692982333508897440 226.694965 71.296090 72 16 0.000000
1692982334519120814 208.903624 75.230879 76 16 0.000000
1692982335529123530 240.657652 65.346360 66 16 0.000000
1692982336532502878 228.502952 71.757516 72 16 0.000000
1692982337523496306 220.660512 72.654363 72 16 0.000000
1692982338533865734 217.455812 74.230267 75 16 0.000000
1692982339529277245 219.615671 71.327286 71 16 0.000000
1692982340533088303 223.815969 68.738034 69 16 0.000000
1692982341536309127 219.642621 72.765637 73 16 0.000000
1692982342529872791 214.553635 74.479378 74 16 0.000000
1692982343531080804 224.533943 71.913121 72 16 0.000000
1692982344486201379 230.151264 72.242198 69 16 0.000000
1692982345496999053 207.636005 79.145407 80 16 0.000000
1692982346507730603 220.624531 71.235532 72 16 0.000000
1692982347518142881 215.653450 74.227127 75 16 0.000000
1692982348534525238 223.794923 69.855601 71 16 0.000000
1692982349545349574 229.872901 70.239703 71 16 0.000000
1692982350541469251 211.699306 75.292155 75 16 0.000000
1692982351544789359 222.564730 71.761744 72 16 0.000000
1692982352546475618 232.144078 68.883844 69 16 0.000000
1692982353544475542 210.740112 74.148303 74 16 0.000000
1692982354547914272 221.484284 74.742986 75 16 0.000000
1692982355527123950 212.455346 71.486215 70 16 0.000000
1692982356537542811 206.450639 78.185397 79 16 0.000000
1692982357548181202 210.876490 75.200004 76 16 0.000000
1692982358546126417 233.024625 70.144120 70 16 0.000000
1692982359554576735 222.401025 73.379916 74 16 0.000000
1692982360515225224 230.757771 69.744563 67 16 0.000000
1692982361525596764 221.515383 72.250640 73 16 0.000000
1692982362536241089 221.387808 74.210083 75 16 0.000000
1692982363546832344 207.331736 77.182540 78 16 0.000000
1692982364556997933 224.729866 69.295580 70 16 0.000000
1692982365557976498 228.087906 68.932540 69 16 0.000000
1692982366555571712 219.475376 75.180789 75 16 0.000000
1692982367557370190 209.750647 74.865357 75 16 0.000000
1692982368560349787 208.135592 76.771253 77 16 0.000000
1692982369559568705 220.709338 70.054718 70 16 0.000000
1692982370481829414 223.813587 74.816168 69 16 0.000000
1692982371542775968 213.838554 74.461798 79 16 0.000000
1692982372553428510 215.624456 74.209479 75 16 0.000000
1692982373564404108 217.507146 72.207478 73 16 0.000000
1692982374485615093 215.677016 79.243528 73 16 0.000000
1692982375535185332 219.374345 71.457813 75 16 0.000000
1692982376533256006 214.583324 76.146914 76 16 0.000000
1692982377543471634 207.828583 74.241588 75 16 0.000000
1692982378551255893 213.857643 76.405239 77 16 0.000000
1692982379563971882 207.240397 77.020594 78 16 0.000000
1692982380571765311 215.602115 74.420017 75 16 0.000000
1692982381563609732 212.777711 74.608487 74 16 0.000000
1692982382573908267 221.751379 70.276256 71 16 0.000000
1692982383572823621 214.725838 74.080340 74 16 0.000000
1692982384554923960 235.470834 66.184682 65 16 0.000000
1692982385566229835 226.528101 71.195079 72 16 0.000000
1692982386576805901 217.428908 74.215096 75 16 0.000000
1692982387522341854 219.528571 75.089687 71 16 0.000000
1692982388580034176 216.600019 71.854547 76 16 0.000000
1692982389543610445 209.925513 79.910653 77 16 0.000000
1692982390554360782 213.523063 72.223562 73 16 0.000000
1692982391564551791 215.539537 76.223219 77 16 0.000000
1692982392575149746 222.524141 71.244940 72 16 0.000000
1692982393585598565 233.066836 69.276146 70 16 0.000000
1692982394564550192 215.533870 74.569567 73 16 0.000000
1692982395575053267 234.805025 66.303612 67 16 0.000000
1692982396585540419 212.777129 75.211245 76 16 0.000000
1692982397589711775 211.707894 72.696765 73 16 0.000000
1692982398589964983 225.301390 74.981004 75 16 0.000000
1692982399575174233 218.699732 69.020875 68 16 0.000000
1692982400585732424 224.684914 71.247748 72 16 0.000000
1692982401575144645 217.559804 75.802579 75 16 0.000000
1692982402581185025 230.200201 68.585717 69 16 0.000000
1692982403592162242 200.268163 79.131367 80 16 0.000000
1692982404552543322 210.893274 79.135245 76 16 0.000000
1692982405567022259 219.625315 71.958124 73 16 0.000000
1692982406573573172 212.699708 75.505371 76 16 0.000000
1692982407587822234 212.801501 76.904186 78 16 0.000000
1692982408580303106 214.550162 74.560632 74 16 0.000000
1692982409590809546 212.813620 77.189019 78 16 0.000000
1692982410601355803 208.777327 73.227719 74 16 0.000000
1692982411596774241 204.388947 77.354415 77 16 0.000000
1692982412596854754 214.549256 73.994040 74 16 0.000000
1692982413601385398 223.693417 70.679779 71 16 0.000000
1692982414566431219 213.608007 75.644066 73 16 0.000000
1692982415577233512 218.438712 73.209173 74 16 0.000000
1692982416587531323 225.722266 70.276310 71 16 0.000000
1692982417597772836 234.256639 68.300498 69 16 0.000000
1692982418563736799 202.538311 79.713119 77 16 0.000000
1692982419574080894 213.748096 78.191188 79 16 0.000000
1692982420541417978 225.079369 70.296081 68 16 0.000000
1692982421592903240 225.427474 69.425595 73 16 0.000000
1692982422606788137 220.266104 74.959197 76 16 0.000000
1692982423591326449 214.487123 73.130730 72 16 0.000000
1692982424601816202 213.923241 76.200669 77 16 0.000000
1692982425602914458 219.526160 72.919928 73 16 0.000000
1692982426613190731 228.843534 69.287967 70 16 0.000000
1692982427616963527 219.602105 70.733150 71 16 0.000000
1692982428617261237 232.427111 68.979461 69 16 0.000000
1692982429508784104 211.423493 79.639008 71 16 0.000000
1692982430587541877 234.250859 63.962460 69 16 0.000000
1692982431612342976 216.639141 76.112322 78 16 0.000000
1692982432608531544 207.165369 76.290777 76 16 0.000000
1692982433589019396 218.442866 75.472634 74 16 0.000000
1692982434605848549 218.632024 68.841457 70 16 0.000000
1692982435616204734 217.459545 76.210746 77 16 0.000000
1692982436580917101 214.603600 76.706813 74 16 0.000000
1692982437617129310 206.171534 74.309095 77 16 0.000000
1692982438593080522 217.634068 74.798821 73 16 0.000000
1692982439626293886 215.581011 76.460499 79 16 0.000000
1692982440622732009 217.544542 69.246649 69 16 0.000000
1692982441623838643 212.877390 77.913768 78 16 0.000000
1692982442623207217 223.750482 71.044859 71 16 0.000000
1692982443623255718 214.566242 71.996516 72 16 0.000000
1692982444610070450 218.644076 72.962016 72 16 0.000000
1692982445620649187 225.655273 72.235836 73 16 0.000000
1692982446618352775 214.485507 72.165722 72 16 0.000000
1692982447628762899 230.688767 71.258192 72 16 0.000000
1692982448626344399 224.519397 72.174561 72 16 0.000000
1692982449637263445 218.453715 73.200704 74 16 0.000000
1692982450607109223 208.984117 78.362988 76 16 0.000000
1692982451605181573 212.692411 74.142919 74 16 0.000000
1692982452628003141 214.698955 76.259635 78 16 0.000000
1692982453638073403 223.602282 70.292140 71 16 0.000000
1692982454636118539 210.010948 77.150830 77 16 0.000000
1692982455637923437 219.596233 70.872076 71 16 0.000000
1692982456634348927 224.898593 70.251109 70 16 0.000000
1692982457642605508 219.444783 74.385830 75 16 0.000000
1692982458643781886 221.636799 70.916576 71 16 0.000000
1692982459623525231 217.493225 72.467956 71 16 0.000000
1692982460621999034 218.614005 74.113112 74 16 0.000000
1692982461632377697 217.520792 74.229596 75 16 0.000000
1692982462643263616 218.439936 73.203117 74 16 0.000000
1692982463645859403 212.616537 73.808408 74 16 0.000000
1692982464608578416 221.512467 75.826901 73 16 0.000000
1692982465619033371 206.988629 75.213654 76 16 0.000000
1692982466629544331 217.442850 76.199076 77 16 0.000000
1692982467639844646 224.599589 71.265936 72 16 0.000000
1692982468650647388 206.440918 78.155705 79 16 0.000000
