1692982126847547153 185.405771 0.000000
1692982126997598924 186.169724 0.000000
1692982128299215916 185.658806 0.000000
1692982130346212752 186.046343 0.000000
1692982137926265116 186.435683 0.000000
1692982138026567111 186.043508 0.000000
1692982138131978957 186.182719 0.000000
1692982138308255681 185.835698 0.000000
1692982139002358764 185.743465 0.000000
1692982139098549030 185.576523 0.000000
1692982139274333090 185.879370 0.000000
1692982139375157264 186.331748 0.000000
1692982141073852796 185.453241 0.000000
1692982141085030224 185.983314 0.000000
1692982141508851516 185.769755 0.000000
1692982143222595335 186.360793 0.000000
1692982143835268981 185.838593 0.000000
1692982145079367444 185.721113 0.000000
1692982146207105581 186.197296 0.000000
1692982146273342661 185.262623 0.000000
1692982147785214502 186.001819 0.000000
1692982148801904093 186.331908 0.000000
1692982148944594861 186.271305 0.000000
1692982149421161456 185.979107 0.000000
1692982150396077889 185.756319 0.000000
1692982150724185940 185.646132 0.000000
1692982151219070422 186.088452 0.000000
1692982152472098509 186.028650 0.000000
1692982152544034395 185.474451 0.000000
1692982152858333283 186.025995 0.000000
1692982153414847586 185.475673 0.000000
1692982155727391709 185.085472 0.000000
1692982155738794240 185.638990 0.000000
1692982156577708237 185.817054 0.000000
1692982158028186330 185.201960 0.000000
1692982158101752343 185.577444 0.000000
1692982158208870178 186.037246 0.000000
1692982158827774017 185.845917 0.000000
1692982159352769379 185.253676 0.000000
1692982159750481765 186.338461 0.000000
1692982160467349284 185.972405 0.000000
1692982160845346523 185.100911 0.000000
1692982162414412178 185.505499 0.000000
1692982163257234424 185.706115 0.000000
1692982163385528867 186.251958 0.000000
1692982164456252729 185.939463 0.000000
1692982164779598440 185.454042 0.000000
1692982166492175893 185.985450 0.000000
1692982166782064490 185.520337 0.000000
1692982166967674946 185.607430 0.000000
1692982168866612662 185.412395 0.000000
1692982169028704769 186.311621 0.000000
1692982169628490600 186.038238 0.000000
1692982170509232499 186.063154 0.000000
1692982171339207376 186.236100 0.000000
1692982171607082325 185.976713 0.000000
1692982172641677312 186.018992 0.000000
1692982172653926009 186.317431 0.000000
1692982172733026620 185.418937 0.000000
1692982173818952727 185.479600 0.000000
1692982174203588854 185.256102 0.000000
1692982174569516601 186.183540 0.000000
1692982174584118591 185.413907 0.000000
1692982174645578113 185.306215 0.000000
1692982175382811842 185.266031 0.000000
1692982175897386054 186.376873 0.000000
1692982176187113118 185.880793 0.000000
1692982176240981666 185.642646 0.000000
1692982176932870900 186.288888 0.000000
1692982179923258874 185.791877 0.000000
1692982180218708959 185.381076 0.000000
1692982181414874505 185.934244 0.000000
1692982182334324977 186.298417 0.000000
1692982182907146158 185.852330 0.000000
1692982183556954096 185.269536 0.000000
1692982185081730258 186.221642 0.000000
1692982185642249411 185.439045 0.000000
1692982186204006285 185.362581 0.000000
1692982188152896198 185.517712 0.000000
1692982188254012140 185.517542 0.000000
1692982189604491780 185.458161 0.000000
1692982189872487155 185.461617 0.000000
1692982190425591846 186.298857 0.000000
1692982190516436207 185.554741 0.000000
1692982191511670931 185.773152 0.000000
1692982191616006650 185.391446 0.000000
1692982192269782509 185.620636 0.000000
1692982194270417620 185.425359 0.000000
1692982195053345971 186.155939 0.000000
1692982195093200071 186.104894 0.000000
1692982195793592560 186.072603 0.000000
1692982195847481947 186.083414 0.000000
1692982197149198783 186.339834 0.000000
1692982197318228749 185.775545 0.000000
1692982199099992968 185.178096 0.000000
1692982200205046121 186.106095 0.000000
1692982201785561971 185.012054 0.000000
1692982201978388168 185.232228 0.000000
1692982203685624870 186.358970 0.000000
1692982204426611688 186.374940 0.000000
1692982204657332511 186.390930 0.000000
1692982204935327366 186.277677 0.000000
1692982205487749017 185.314853 0.000000
1692982205847228093 186.275834 0.000000
1692982205882884542 185.727366 0.000000
1692982206286387025 185.763623 0.000000
1692982207008066720 185.788891 0.000000
1692982207248753249 185.759406 0.000000
1692982208733147973 185.819839 0.000000
1692982211045174493 185.812235 0.000000
1692982211811899502 185.463781 0.000000
1692982212061421288 186.311450 0.000000
1692982212522741946 185.415420 0.000000
1692982212854806687 185.263276 0.000000
1692982213091256192 186.170798 0.000000
1692982214089179970 185.645271 0.000000
1692982214238991410 186.036104 0.000000
1692982214260515459 185.875383 0.000000
1692982215731181131 186.312002 0.000000
1692982216126106682 186.181567 0.000000
1692982218230251094 185.887025 0.000000
1692982218701014348 185.791326 0.000000
1692982219119336080 186.131143 0.000000
1692982219275527152 185.971393 0.000000
1692982219986099089 185.827424 0.000000
1692982221385032577 185.120207 0.000000
1692982221920477755 185.620875 0.000000
1692982222002245898 185.808437 0.000000
1692982222712084420 185.090041 0.000000
1692982223135302783 185.185390 0.000000
1692982224035515344 185.233159 0.000000
1692982225999482471 186.126925 0.000000
1692982226397433726 185.230834 0.000000
1692982227344873743 185.627118 0.000000
1692982228643880149 185.984499 0.000000
1692982228850728899 185.653277 0.000000
1692982229484231524 186.396911 0.000000
1692982229594582693 184.785008 0.000000
1692982230610495082 185.386938 0.000000
1692982230683838167 185.852079 0.000000
1692982230687141952 185.392207 0.000000
1692982231893858115 185.524896 0.000000
1692982232500689480 186.038079 0.000000
1692982233051396276 185.170382 0.000000
1692982233242260544 186.055882 0.000000
1692982233268054249 186.472803 0.000000
1692982233416747433 185.599316 0.000000
1692982233632074420 185.326874 0.000000
1692982234309361686 186.103882 0.000000
1692982234724404740 185.721876 0.000000
1692982236068629585 185.356200 0.000000
1692982237333801859 186.186015 0.000000
1692982238422109236 185.838334 0.000000
1692982240465667295 185.292581 0.000000
1692982240859352061 185.696068 0.000000
1692982240930609805 185.163248 0.000000
1692982242315149054 185.092656 0.000000
1692982242528888745 185.932090 0.000000
1692982243457503073 186.051784 0.000000
1692982243575148589 186.001420 0.000000
1692982243792893882 185.997883 0.000000
1692982244155717550 185.527561 0.000000
1692982244344168853 185.365286 0.000000
1692982244606349566 185.882437 0.000000
1692982244811098369 186.098802 0.000000
1692982244864255283 185.294685 0.000000
1692982245721339194 185.995890 0.000000
1692982246611313589 185.225385 0.000000
1692982249062128203 186.192859 0.000000
1692982249352686606 185.847631 0.000000
1692982249602011003 185.100290 0.000000
1692982252581859034 185.633920 0.000000
1692982252658377483 186.448168 0.000000
1692982252752429610 185.603514 0.000000
1692982253489445053 185.293803 0.000000
1692982254362699577 185.179058 0.000000
1692982256141504883 185.974620 0.000000
1692982257302656721 186.195795 0.000000
1692982257670374986 185.184508 0.000000
1692982258058591839 185.990710 0.000000
1692982258972587846 186.334324 0.000000
1692982259625637114 185.506792 0.000000
1692982259810950063 186.251719 0.000000
1692982259817525472 185.921780 0.000000
1692982261077700027 185.850617 0.000000
1692982261113705250 185.443804 0.000000
1692982261365960442 186.167701 0.000000
1692982264311366684 186.179133 0.000000
1692982264642379033 185.607521 0.000000
1692982264861788146 185.809430 0.000000
1692982265241137512 186.265946 0.000000
1692982265512143934 186.287226 0.000000
1692982267152755354 185.511702 0.000000
1692982267611007119 185.317026 0.000000
1692982267992940601 185.361731 0.000000
1692982268518575085 185.614245 0.000000
1692982269132886736 185.663145 0.000000
1692982270841725118 186.046594 0.000000
1692982271061336991 185.824368 0.000000
1692982272439128580 186.097460 0.000000
1692982273642073615 186.530241 0.000000
1692982274126474873 186.065280 0.000000
