1692982129933496694 182.151880 0.000000
1692982130504809404 182.224927 0.000000
1692982131977347009 181.706645 0.000000
1692982131985120175 182.243012 0.000000
1692982134651312597 181.980119 0.000000
1692982134797083940 181.141867 0.000000
1692982135218807969 181.712376 0.000000
1692982136252727217 182.224947 0.000000
1692982136425601091 181.498606 0.000000
1692982140648336596 181.610886 0.000000
1692982140713348258 182.462212 0.000000
1692982142285539022 181.434034 0.000000
1692982142321250124 181.689564 0.000000
1692982142587291344 182.179423 0.000000
1692982143044284767 181.701166 0.000000
1692982144670294597 182.399105 0.000000
1692982144895926096 181.525817 0.000000
1692982146446753993 181.455345 0.000000
1692982146527253536 181.667081 0.000000
1692982147914312973 181.895880 0.000000
1692982148781994212 181.651162 0.000000
1692982149019623437 181.672272 0.000000
1692982149362476476 181.393980 0.000000
1692982150176978289 181.697609 0.000000
1692982152754663823 182.376442 0.000000
1692982154465030120 181.949902 0.000000
1692982154660767515 181.802255 0.000000
1692982155232149456 181.263676 0.000000
1692982155733869124 181.226285 0.000000
1692982156013789600 181.318899 0.000000
1692982156803082062 182.171607 0.000000
1692982156964703005 181.749986 0.000000
1692982158808054752 181.849504 0.000000
1692982160016061490 182.240617 0.000000
1692982160250935750 182.162611 0.000000
1692982161365062165 181.908845 0.000000
1692982162116937968 181.374563 0.000000
1692982163659869430 182.138977 0.000000
1692982166842410083 181.992382 0.000000
1692982167987220895 181.873810 0.000000
1692982169595668256 181.499478 0.000000
1692982173523482635 182.213847 0.000000
1692982175899881142 182.192047 0.000000
1692982176454555065 182.412339 0.000000
1692982176642300133 182.115071 0.000000
1692982177047224834 182.167491 0.000000
1692982177480592467 180.926113 0.000000
1692982177877948555 181.812285 0.000000
1692982178946185514 181.637326 0.000000
1692982179656676538 181.932059 0.000000
1692982180381400420 181.853622 0.000000
1692982180952626329 182.139127 0.000000
1692982181876495737 181.681720 0.000000
1692982182762870428 182.382463 0.000000
1692982183586521017 181.134223 0.000000
1692982186048961793 182.053807 0.000000
1692982186584935902 181.346611 0.000000
1692982187012951189 181.598433 0.000000
1692982187061150427 181.775836 0.000000
1692982187371841300 181.516300 0.000000
1692982187847205791 182.088633 0.000000
1692982188125677671 181.808938 0.000000
1692982188396061525 181.685777 0.000000
1692982189624461655 181.342293 0.000000
1692982189904631759 182.302223 0.000000
1692982191315286593 182.319807 0.000000
1692982194116470495 181.835087 0.000000
1692982194878890381 181.648026 0.000000
1692982195120633291 181.755708 0.000000
1692982196247608450 181.108274 0.000000
1692982196432419347 181.632338 0.000000
1692982196647527274 182.067233 0.000000
1692982197035719990 182.112617 0.000000
1692982198236200419 181.585379 0.000000
1692982200449441415 181.892705 0.000000
1692982200471291305 182.081599 0.000000
1692982201966090579 182.452395 0.000000
1692982203034844448 181.297298 0.000000
1692982203048427688 181.626986 0.000000
1692982203170974365 181.700896 0.000000
1692982205340066008 181.132600 0.000000
1692982206983755744 182.099873 0.000000
1692982208019638429 182.396601 0.000000
1692982208458286874 181.283252 0.000000
1692982208516752532 181.320173 0.000000
1692982208734798508 182.265785 0.000000
1692982208848236755 182.027428 0.000000
1692982209860643349 181.491784 0.000000
1692982210166844805 181.379132 0.000000
1692982210861527217 182.295691 0.000000
1692982213058931029 182.429852 0.000000
1692982213487842648 181.857690 0.000000
1692982217356893789 181.538501 0.000000
1692982218139170440 182.172450 0.000000
1692982218445130733 182.269322 0.000000
1692982219006163120 182.280051 0.000000
1692982219651677628 181.574738 0.000000
1692982221030613378 182.463035 0.000000
1692982222180405593 181.553660 0.000000
1692982222655095641 181.931007 0.000000
1692982223692263736 182.633354 0.000000
1692982223989040399 181.480092 0.000000
1692982224171140233 182.097530 0.000000
1692982224909498462 181.768142 0.000000
1692982225603510848 182.293477 0.000000
1692982227119181159 181.597452 0.000000
1692982228552151389 182.297515 0.000000
1692982228611404995 182.284060 0.000000
1692982229171350314 181.794962 0.000000
1692982229324138385 181.283202 0.000000
1692982229805683587 182.066953 0.000000
1692982230970063566 181.747274 0.000000
1692982231325035611 182.234045 0.000000
1692982232427404193 181.757953 0.000000
1692982234024599581 182.394526 0.000000
1692982234648310716 181.837191 0.000000
1692982235425460133 181.320042 0.000000
1692982235914750057 182.341477 0.000000
1692982236268520609 181.340149 0.000000
1692982236445342697 181.080273 0.000000
1692982236848476860 181.433925 0.000000
1692982236962159636 181.783100 0.000000
1692982237224741100 182.204409 0.000000
1692982238626370475 181.394993 0.000000
1692982238925764035 182.169304 0.000000
1692982239169278257 182.161540 0.000000
1692982241654982100 181.382689 0.000000
1692982242212956804 182.097259 0.000000
1692982244851939149 182.191507 0.000000
1692982246738759862 181.932421 0.000000
1692982246977963792 182.393515 0.000000
1692982247787536746 182.145740 0.000000
1692982249012265265 182.071541 0.000000
1692982250709296115 182.185875 0.000000
1692982250723566163 181.621768 0.000000
1692982251014293163 181.752423 0.000000
1692982251057845808 182.555579 0.000000
1692982253375665796 181.968067 0.000000
1692982254448167197 182.085307 0.000000
1692982255508178146 182.100816 0.000000
1692982255968593167 181.638489 0.000000
1692982257550062078 181.775797 0.000000
1692982258816193833 182.382394 0.000000
1692982262229504999 181.596691 0.000000
1692982262256168987 182.510895 0.000000
1692982263165221004 181.808688 0.000000
1692982264322065866 181.510148 0.000000
1692982266087441611 182.099504 0.000000
1692982266857539206 181.284345 0.000000
1692982267571867669 181.936748 0.000000
1692982268412430473 181.307859 0.000000
1692982269196107902 182.314897 0.000000
1692982269589583365 181.300495 0.000000
1692982271367368399 181.499539 0.000000
1692982271737889861 181.219563 0.000000
1692982272552330184 181.737595 0.000000
1692982273511172323 182.079987 0.000000
1692982273959291899 181.232217 0.000000
1692982274467998793 181.964171 0.000000
1692982274484716029 182.252731 0.000000
