1692982127642849314 295.507473 0.000000
1692982128265486952 295.900519 0.000000
1692982128712428787 296.234265 0.000000
1692982130323726959 295.727405 0.000000
1692982134926078106 295.957516 0.000000
1692982135517971707 296.300259 0.000000
1692982136471900567 295.152848 0.000000
1692982137247249022 296.008882 0.000000
1692982137673450496 295.613502 0.000000
1692982138201783326 295.601488 0.000000
1692982138413287094 295.846137 0.000000
1692982143671889770 295.277570 0.000000
1692982143771099828 296.302603 0.000000
1692982145920999066 296.104892 0.000000
1692982149363177010 295.458331 0.000000
1692982150214647511 295.795632 0.000000
1692982151590423672 296.467082 0.000000
1692982152361731681 295.211888 0.000000
1692982152591616305 296.144086 0.000000
1692982155821999456 296.207425 0.000000
1692982156346441571 295.553569 0.000000
1692982157679333480 295.394912 0.000000
1692982157961413595 296.151330 0.000000
1692982158691124176 295.827131 0.000000
1692982159975263039 295.528842 0.000000
1692982163778958903 296.374859 0.000000
1692982164339130253 295.978827 0.000000
1692982165334287531 295.369604 0.000000
1692982171346271732 296.120272 0.000000
1692982171396075328 296.381882 0.000000
1692982171886290906 295.906160 0.000000
1692982173201042261 295.660250 0.000000
1692982174584987480 295.202792 0.000000
1692982174855440825 295.444365 0.000000
1692982175810375170 295.133160 0.000000
1692982176133867077 295.649339 0.000000
1692982177361152706 295.715913 0.000000
1692982177631526612 296.402211 0.000000
1692982178879576456 295.421441 0.000000
1692982179187187564 383.666809 0.000000
1692982181441184709 295.429266 0.000000
1692982184243297151 295.837201 0.000000
1692982186274528962 295.810311 0.000000
1692982186377505492 295.037271 0.000000
1692982187971975476 295.526078 0.000000
1692982189827928674 296.183270 0.000000
1692982191157649119 295.581822 0.000000
1692982191618750525 295.423044 0.000000
1692982193764964760 295.596489 0.000000
1692982194034017498 296.426716 0.000000
1692982195245445925 295.875783 0.000000
1692982201176379830 296.156811 0.000000
1692982204467936887 295.876956 0.000000
1692982205094996731 295.247907 0.000000
1692982205208304443 295.725993 0.000000
1692982206285125279 296.169795 0.000000
1692982207830689753 295.802747 0.000000
1692982215033397393 295.765287 0.000000
1692982215173867167 296.103631 0.000000
1692982217672468612 295.512864 0.000000
1692982220901920468 295.219634 0.000000
1692982221993603823 295.912613 0.000000
1692982223183114034 296.140140 0.000000
1692982225043178865 295.276841 0.000000
1692982227186179607 295.474001 0.000000
1692982227365238057 384.948874 0.000000
1692982228385466660 296.303146 0.000000
1692982229236884396 295.232708 0.000000
1692982229361760430 295.566915 0.000000
1692982230197520256 296.275473 0.000000
1692982230972172210 296.107829 0.000000
1692982231565152753 296.312042 0.000000
1692982232068602407 295.966645 0.000000
1692982232958763751 296.442827 0.000000
1692982233445976821 295.348045 0.000000
1692982233887223318 295.039546 0.000000
1692982233941025242 295.157227 0.000000
1692982234754783903 296.161680 0.000000
1692982235054910749 296.132396 0.000000
1692982236468975771 296.087401 0.000000
1692982240547676610 296.248784 0.000000
1692982240820960172 295.316115 0.000000
1692982241125456781 295.631536 0.000000
1692982243295221911 295.272513 0.000000
1692982243735674861 295.306807 0.000000
1692982248075693386 295.334349 0.000000
1692982250036051088 295.907243 0.000000
1692982253629210607 295.569962 0.000000
1692982255661655059 295.980611 0.000000
1692982260754864741 295.965593 0.000000
1692982260876063690 296.477412 0.000000
1692982262914079049 295.730862 0.000000
1692982265091320361 295.995760 0.000000
1692982265633135444 296.354382 0.000000
1692982268844928508 296.025806 0.000000
1692982269719182756 295.672784 0.000000
1692982269926027489 295.762922 0.000000
1692982270883556135 295.790035 0.000000
1692982272085519349 296.045012 0.000000
1692982272789863702 295.839958 0.000000
1692982273097810691 295.725072 0.000000
