1692982125979427064 213.966446 0.000000
1692982126036967707 214.218930 0.000000
1692982126210765533 213.823948 0.000000
1692982127144562292 214.127316 0.000000
1692982130821042078 213.365278 0.000000
1692982132164364023 213.458784 0.000000
1692982132270012873 213.444486 0.000000
1692982132384998842 214.195705 0.000000
1692982134172559633 214.065802 0.000000
1692982134850470034 213.327838 0.000000
1692982136013237133 214.260778 0.000000
1692982136344809590 214.037870 0.000000
1692982136575100596 213.614216 0.000000
1692982136621186481 214.271288 0.000000
1692982136696068861 213.647879 0.000000
1692982136952461199 214.400860 0.000000
1692982137892850701 213.333218 0.000000
1692982139832162799 214.372567 0.000000
1692982139939952724 214.075460 0.000000
1692982142829730138 213.470065 0.000000
1692982144960341490 213.717890 0.000000
1692982145451846685 214.345827 0.000000
1692982145698598496 213.346503 0.000000
1692982146746109189 213.789474 0.000000
1692982147866636195 213.266713 0.000000
1692982150595159565 213.410454 0.000000
1692982150964890622 213.427975 0.000000
1692982152059990180 214.082333 0.000000
1692982152834034741 214.322704 0.000000
1692982153190786642 214.153497 0.000000
1692982153310068596 213.748988 0.000000
1692982153401700824 213.393932 0.000000
1692982153731009807 214.074258 0.000000
1692982155494743543 213.826082 0.000000
1692982156023527619 213.200921 0.000000
1692982156105750314 213.373794 0.000000
1692982156368896566 213.345030 0.000000
1692982158262682040 213.441962 0.000000
1692982159663297146 213.445489 0.000000
1692982160162237764 213.592174 0.000000
1692982163823616260 213.540567 0.000000
1692982164884736753 213.894851 0.000000
1692982166846145648 214.165630 0.000000
1692982166858641970 214.404307 0.000000
1692982167378086754 213.334280 0.000000
1692982167650255264 214.060372 0.000000
1692982168247147129 213.926220 0.000000
1692982168512312788 214.194112 0.000000
1692982168610273734 214.153567 0.000000
1692982168719296741 214.183022 0.000000
1692982168819016405 213.428978 0.000000
1692982168853305379 214.137166 0.000000
1692982169033032083 214.013063 0.000000
1692982169287036013 213.723741 0.000000
1692982170242781931 213.915641 0.000000
1692982170405844428 214.317194 0.000000
1692982171134344830 213.411655 0.000000
1692982172917108991 213.476628 0.000000
1692982173658343260 213.653418 0.000000
1692982174619581898 213.383152 0.000000
1692982176540391205 214.344665 0.000000
1692982177359273032 213.475776 0.000000
1692982177879771573 214.245149 0.000000
1692982177897536454 213.923906 0.000000
1692982180113781690 213.269700 0.000000
1692982181199300475 213.252828 0.000000
1692982181640840482 214.337853 0.000000
1692982181926763383 213.564002 0.000000
1692982182010944771 214.254236 0.000000
1692982183556047717 213.721517 0.000000
1692982185049694197 213.610508 0.000000
1692982185196372301 213.234865 0.000000
1692982187504736311 213.477710 0.000000
1692982188331256850 213.565574 0.000000
1692982188597673596 213.512385 0.000000
1692982189411315236 213.756522 0.000000
1692982190431106066 213.498189 0.000000
1692982191025569958 213.830521 0.000000
1692982191165011334 214.116066 0.000000
1692982191978514835 213.784745 0.000000
1692982192905971921 214.294441 0.000000
1692982193694318372 213.641337 0.000000
1692982196270112447 214.116458 0.000000
1692982196316189726 213.691540 0.000000
1692982196687765715 214.070381 0.000000
1692982197149127319 213.459155 0.000000
1692982197471875561 213.618343 0.000000
1692982201816168291 272.758988 0.000000
1692982204258340835 214.217948 0.000000
1692982205142042125 213.677795 0.000000
1692982205976731092 213.636928 0.000000
1692982207295399255 214.356869 0.000000
1692982208425177100 213.640144 0.000000
1692982208517076620 213.474033 0.000000
1692982208807195829 214.313748 0.000000
1692982209443645070 213.034319 0.000000
1692982209958562657 213.517214 0.000000
1692982211233390545 214.070613 0.000000
1692982211788757098 214.314078 0.000000
1692982211958058273 213.923315 0.000000
1692982213386856680 213.616360 0.000000
1692982214243698356 214.066264 0.000000
1692982214673124639 213.921763 0.000000
1692982215585867405 213.501926 0.000000
1692982215984839984 213.823358 0.000000
1692982218429083904 214.450043 0.000000
1692982218583963057 213.555697 0.000000
1692982218973890997 214.559118 0.000000
1692982219599617922 214.242244 0.000000
1692982219726215283 214.174806 0.000000
1692982222283766595 213.950406 0.000000
1692982222363812348 213.470707 0.000000
1692982223736246407 213.491325 0.000000
1692982224291909827 213.519218 0.000000
1692982224801804896 214.487614 0.000000
1692982225267021320 214.094146 0.000000
1692982225311568249 213.892157 0.000000
1692982227613415803 213.340724 0.000000
1692982227623398853 214.021240 0.000000
1692982227962025809 213.751564 0.000000
1692982231024481024 213.075977 0.000000
1692982231080280042 215.490654 0.000000
1692982232566956296 213.623855 0.000000
1692982232812517506 213.968901 0.000000
1692982233461321363 213.717109 0.000000
1692982234784249664 213.495503 0.000000
1692982235185797454 213.489282 0.000000
1692982236272905231 214.312025 0.000000
1692982238950528852 213.161488 0.000000
1692982239720241013 214.011431 0.000000
1692982240367913738 213.718984 0.000000
1692982240379039190 213.939607 0.000000
1692982244631989193 214.080761 0.000000
1692982245187003917 213.226289 0.000000
1692982245397769271 213.475968 0.000000
1692982246166869245 213.661896 0.000000
1692982247052056433 213.522094 0.000000
1692982247191532674 213.504802 0.000000
1692982248458090536 213.794023 0.000000
1692982248730725021 213.456070 0.000000
1692982250247465851 213.688476 0.000000
1692982250374797019 214.486292 0.000000
1692982250743633972 213.326567 0.000000
1692982251236422686 213.617161 0.000000
1692982251316292530 214.275807 0.000000
1692982252869391244 213.237460 0.000000
1692982253940749301 213.833649 0.000000
1692982254100977734 213.266434 0.000000
1692982254536001403 214.093054 0.000000
1692982255057588228 214.304561 0.000000
1692982255126253983 213.356103 0.000000
1692982255340349211 214.415519 0.000000
1692982256007734340 213.675391 0.000000
1692982258591961687 214.103554 0.000000
1692982259100505995 213.872061 0.000000
1692982259225079081 213.400075 0.000000
1692982259350050884 213.758977 0.000000
1692982260166429741 214.179266 0.000000
1692982262785813800 212.873999 0.000000
1692982265119130988 213.920200 0.000000
1692982265333373763 214.240350 0.000000
1692982267369748457 213.962610 0.000000
1692982270431129313 213.311139 0.000000
1692982270547039735 213.891025 0.000000
