1692982126320679181 284.276503 0.000000
1692982130729347734 283.494828 0.000000
1692982131600393339 283.647483 0.000000
1692982135263033877 284.278897 0.000000
1692982135805733135 284.021575 0.000000
1692982136089212092 283.477765 0.000000
1692982136605278842 283.707036 0.000000
1692982137267557732 283.880600 0.000000
1692982137612483177 283.522238 0.000000
1692982138352986886 284.011506 0.000000
1692982138994960853 283.507822 0.000000
1692982139410363228 284.060788 0.000000
1692982139464753014 283.751378 0.000000
1692982139516382033 284.490264 0.000000
1692982141680636107 284.374878 0.000000
1692982143016392006 284.219967 0.000000
1692982143540235277 283.927769 0.000000
1692982144957259681 284.212082 0.000000
1692982145560483408 284.276082 0.000000
1692982145723501181 283.943148 0.000000
1692982149350156185 283.868048 0.000000
1692982149491638336 283.779611 0.000000
1692982149832575052 284.438837 0.000000
1692982150016455294 284.559344 0.000000
1692982151286218360 283.789711 0.000000
1692982153089260972 283.446066 0.000000
1692982153313657065 284.148123 0.000000
1692982154896466020 284.145628 0.000000
1692982154987792555 283.492653 0.000000
1692982157474622088 284.264911 0.000000
1692982159282899527 283.971000 0.000000
1692982159748736683 284.431594 0.000000
1692982161596512134 284.093139 0.000000
1692982161919239356 283.708518 0.000000
1692982161949791264 284.246127 0.000000
1692982163328440862 283.441267 0.000000
1692982163382627276 283.678631 0.000000
1692982163923731515 283.974267 0.000000
1692982168008718665 283.540974 0.000000
1692982168206600561 283.438643 0.000000
1692982170090272973 283.757921 0.000000
1692982174706155081 284.273268 0.000000
1692982175199989804 283.622717 0.000000
1692982175351106962 283.502832 0.000000
1692982175600327092 283.777357 0.000000
1692982175640862409 283.890770 0.000000
1692982176926157933 284.302043 0.000000
1692982180659588267 284.188279 0.000000
1692982180757790144 283.205095 0.000000
1692982180940733008 283.257613 0.000000
1692982181041623126 283.831820 0.000000
1692982181701503570 284.076328 0.000000
1692982182632233462 283.718898 0.000000
1692982182918224270 284.033439 0.000000
1692982183134813695 284.232421 0.000000
1692982185626717427 284.138184 0.000000
1692982185814177692 284.060559 0.000000
1692982187346372113 283.594304 0.000000
1692982189936253333 284.018681 0.000000
1692982190362713784 283.766057 0.000000
1692982190674662015 283.557826 0.000000
1692982192964265507 283.932930 0.000000
1692982194531212143 284.282796 0.000000
1692982194552356120 283.830187 0.000000
1692982194698215259 284.469536 0.000000
1692982197835856357 284.295931 0.000000
1692982210193343032 284.446393 0.000000
1692982211821336888 283.219943 0.000000
1692982214280984801 283.908494 0.000000
1692982216148947942 284.364399 0.000000
1692982218019099506 284.523457 0.000000
1692982218212879211 283.880583 0.000000
1692982218665741919 284.276173 0.000000
1692982220773444474 283.461987 0.000000
1692982220894631430 284.359099 0.000000
1692982221559782930 284.143755 0.000000
1692982221738820562 283.998664 0.000000
1692982222585852564 284.209649 0.000000
1692982222722323980 284.562931 0.000000
1692982223209652225 284.245376 0.000000
1692982223521078618 283.787257 0.000000
1692982224273318015 284.328261 0.000000
1692982224338952807 284.186626 0.000000
1692982225011314266 283.775646 0.000000
1692982225562212710 283.628318 0.000000
1692982227639442877 284.253381 0.000000
1692982227813128323 283.539422 0.000000
1692982229483153152 284.170275 0.000000
1692982229502923884 283.373702 0.000000
1692982231812292212 283.529203 0.000000
1692982233425034081 283.332815 0.000000
1692982237345054619 283.759965 0.000000
1692982239194624143 283.495701 0.000000
1692982240750131662 283.738877 0.000000
1692982241461513559 284.455571 0.000000
1692982242312657412 283.748595 0.000000
1692982243800194100 284.125692 0.000000
1692982244399329745 284.121103 0.000000
1692982244626480573 284.203296 0.000000
1692982244683480354 284.148535 0.000000
1692982245065668311 284.137845 0.000000
1692982246074045862 284.345093 0.000000
1692982246577736318 283.807876 0.000000
1692982246938912056 283.530305 0.000000
1692982247139156103 284.353369 0.000000
1692982247223434682 283.687621 0.000000
1692982249385645708 283.281168 0.000000
1692982251414637666 284.240217 0.000000
1692982251687088888 283.680017 0.000000
1692982252696970158 284.054458 0.000000
1692982252832177114 283.945003 0.000000
1692982252980153243 283.181983 0.000000
1692982255438609849 284.469517 0.000000
1692982255452184823 283.881824 0.000000
1692982257937648980 283.947959 0.000000
1692982260324730369 283.767510 0.000000
1692982261815382891 284.137645 0.000000
1692982262077455001 284.202476 0.000000
1692982262830102005 283.448001 0.000000
1692982263637482449 283.662474 0.000000
1692982264574008593 283.591090 0.000000
1692982266021412330 283.269297 0.000000
1692982266100961502 284.070819 0.000000
1692982268072889673 283.493077 0.000000
1692982268648010147 284.035673 0.000000
1692982268839670017 284.424462 0.000000
1692982269629444188 283.721284 0.000000
1692982269782384235 283.992763 0.000000
1692982270523292787 283.330301 0.000000
1692982274070554116 284.122676 0.000000
