1692982126430718213 149.517394 535.054766 535 8334 0.000000
1692982127431549308 148.121779 540.550725 541 8876 0.000000
1692982128433012817 150.661869 528.226961 529 9406 0.000000
1692982129434788223 147.231714 545.032330 546 9950 0.000000
1692982130436948730 144.760744 545.820761 547 10498 0.000000
1692982131436070960 149.175658 543.477015 543 11040 0.000000
1692982132438532272 147.790203 542.664366 544 11585 0.000000
1692982133441459518 145.769919 547.397617 549 12133 0.000000
1692982134440767707 147.895102 540.373869 540 12674 0.000000
1692982135444640064 146.834290 543.893795 546 13220 0.000000
1692982136444823224 151.134868 526.903519 527 13749 0.000000
1692982137448203348 146.617790 551.137116 553 14302 0.000000
1692982138449140753 151.613333 520.512069 521 14820 0.000000
1692982139448006993 148.732443 540.612903 540 15361 0.000000
1692982140451821192 145.506627 557.872176 560 15922 0.000000
1692982141452225788 146.022590 543.780006 544 16464 0.000000
1692982142454690817 147.883181 541.664759 543 17008 0.000000
1692982143455665271 149.252718 538.475275 539 17546 0.000000
1692982144456195432 150.597726 524.721818 525 18072 0.000000
1692982145457656459 150.550020 530.225342 531 18603 0.000000
1692982146459383895 148.145852 544.060165 545 19149 0.000000
1692982147461157157 148.018194 536.049449 537 19684 0.000000
1692982148464001908 144.763481 553.425625 555 20240 0.000000
1692982149464162617 148.838530 537.913552 538 20777 0.000000
1692982150465576926 149.358647 539.237346 540 21318 0.000000
1692982151468977500 147.214849 532.190269 534 21852 0.000000
1692982152470894611 148.182122 554.936126 556 22408 0.000000
1692982153471610170 151.328417 527.622439 528 22935 0.000000
1692982154472231573 148.672738 536.666536 537 23472 0.000000
1692982155473460516 144.270535 547.327349 548 24022 0.000000
1692982156476009102 147.383740 548.601825 550 24571 0.000000
1692982157480134074 147.617971 538.777568 541 25112 0.000000
1692982158475477911 149.472823 539.512056 537 25650 0.000000
1692982159482703507 147.098794 544.068800 548 26196 0.000000
1692982160484568131 148.504296 535.002411 536 26734 0.000000
1692982161484940257 148.656523 537.799871 538 27270 0.000000
1692982162487064298 145.037383 555.819406 557 27828 0.000000
1692982163483172026 148.360983 539.098317 537 28364 0.000000
1692982164490432058 147.225982 543.057387 547 28911 0.000000
1692982165491693561 147.535308 535.324686 536 29448 0.000000
1692982166492175893 149.535671 535.741578 536 29983 0.000000
1692982167492075463 147.281127 549.055159 549 30533 0.000000
1692982168496052679 147.831603 535.868734 538 31071 0.000000
1692982169497059105 151.483767 530.466141 531 31601 0.000000
1692982170498478985 150.082179 534.241425 535 32137 0.000000
1692982171499250180 150.063253 533.588478 534 32671 0.000000
1692982172500632069 150.602117 529.268614 530 33201 0.000000
1692982173501631933 146.857496 546.453659 547 33749 0.000000
1692982174498803017 147.514632 542.534753 541 34289 0.000000
1692982175504708719 149.033868 531.858989 535 34823 0.000000
1692982176506261459 149.963277 532.173694 533 35357 0.000000
1692982177500961430 149.604717 542.877287 540 35896 0.000000
1692982178508966479 152.844967 522.814826 527 36425 0.000000
1692982179510379268 146.098221 545.229700 546 36970 0.000000
1692982180511307196 144.317082 561.479010 562 37532 0.000000
1692982181512030191 147.032656 539.609865 540 38071 0.000000
1692982182514055468 146.141349 550.884307 552 38623 0.000000
1692982183516718561 148.816672 532.581627 534 39157 0.000000
1692982184513386192 147.399403 545.818908 544 39703 0.000000
1692982185519675474 147.259946 538.612514 542 40243 0.000000
1692982186518986030 143.818918 553.381525 553 40798 0.000000
1692982187522344678 144.263074 557.128801 559 41355 0.000000
1692982188524798318 149.451644 527.705217 529 41884 0.000000
1692982189523914891 147.559177 551.487171 551 42435 0.000000
1692982190528430167 148.100534 538.568248 541 42977 0.000000
1692982191524644067 144.312347 556.105465 554 43530 0.000000
1692982192529006147 149.648749 530.685099 533 44064 0.000000
1692982193532385503 150.755289 531.204854 533 44598 0.000000
1692982194534511880 147.250377 548.832958 550 45146 0.000000
1692982195534971102 147.277337 544.749877 545 45693 0.000000
1692982196535502627 148.371182 533.716295 534 46226 0.000000
1692982197536177934 148.474304 538.636282 539 46765 0.000000
1692982198539878162 150.815508 531.035012 533 47297 0.000000
1692982199536185949 146.660814 543.004917 541 47840 0.000000
1692982200543072441 146.945104 549.217805 553 48391 0.000000
1692982201543613566 147.001115 545.704700 546 48939 0.000000
1692982202546291728 147.297052 542.546993 544 49482 0.000000
1692982203547785449 149.779724 529.209509 530 50011 0.000000
1692982204545587659 146.782722 550.209228 549 50560 0.000000
1692982205550759357 147.118363 541.201077 544 51104 0.000000
1692982206544050358 147.062683 542.640564 539 51643 0.000000
1692982207553109535 151.489129 530.196869 535 52179 0.000000
1692982208553005951 148.655082 534.055304 534 52713 0.000000
1692982209553069621 149.635420 543.965377 544 53257 0.000000
1692982210556044429 147.794474 529.425046 531 53789 0.000000
1692982211559024488 146.161829 550.359911 552 54339 0.000000
1692982212555042242 150.642637 533.123049 531 54871 0.000000
1692982213561472160 147.968062 534.562773 538 55408 0.000000
1692982214560648546 148.815531 539.444321 539 55948 0.000000
1692982215560589416 148.988323 541.031997 541 56490 0.000000
1692982216565271857 149.702127 534.497243 537 57025 0.000000
1692982217567176900 150.824163 532.984631 534 57561 0.000000
1692982218565416159 148.234387 534.941905 534 58094 0.000000
1692982219568537012 146.133778 552.276415 554 58647 0.000000
1692982220572214489 148.191568 536.028756 538 59187 0.000000
1692982221571696909 150.687070 532.275516 532 59717 0.000000
1692982222574505367 148.621458 529.512869 531 60248 0.000000
1692982223576146315 148.524618 549.098974 550 60798 0.000000
1692982224576998564 148.307988 539.540167 540 61340 0.000000
1692982225575740646 149.082742 529.666260 529 61867 0.000000
1692982226579629861 145.521787 555.838226 558 62427 0.000000
1692982227582942273 145.123029 547.187506 549 62974 0.000000
1692982228584473145 150.265424 537.177612 538 63512 0.000000
1692982229585635797 146.797720 538.374107 539 64052 0.000000
1692982230587154056 149.998983 538.182867 539 64593 0.000000
1692982231580385866 149.467604 538.645662 535 65125 0.000000
1692982232589192451 145.048246 546.189943 551 65676 0.000000
1692982233592182549 152.375845 535.399077 537 66213 0.000000
1692982234589917473 150.436339 525.189637 524 66737 0.000000
1692982235595408422 143.585462 554.952749 558 67296 0.000000
1692982236593751908 146.643759 541.897688 541 67838 0.000000
1692982237598080707 150.785335 535.681144 538 68375 0.000000
1692982238599254850 146.296520 541.364350 542 68916 0.000000
1692982239598191869 148.337824 537.571422 537 69458 0.000000
1692982240601001870 145.609258 554.442046 556 70010 0.000000
1692982241603543217 149.575470 534.641274 536 70545 0.000000
1692982242605642917 143.641779 558.826649 560 71105 0.000000
1692982243606894766 148.191181 542.321063 543 71649 0.000000
1692982244608426340 147.576854 540.172718 541 72189 0.000000
1692982245609649526 149.736503 530.351276 531 72722 0.000000
1692982246611313589 150.925338 534.111211 535 73256 0.000000
1692982247608977320 145.363420 546.276248 545 73800 0.000000
1692982248610346590 149.050776 538.262946 539 74340 0.000000
1692982249609194533 148.086631 540.622845 540 74880 0.000000
1692982250617154812 146.774245 541.688018 546 75428 0.000000
1692982251617842634 150.244335 535.631575 536 75961 0.000000
1692982252617541011 150.131670 533.160824 533 76496 0.000000
1692982253620343921 143.177347 551.454323 553 77047 0.000000
1692982254620539701 148.778830 539.894283 540 77587 0.000000
1692982255621865060 147.532062 547.274670 548 78135 0.000000
1692982256625324109 150.565000 530.166135 532 78667 0.000000
1692982257625464295 149.204596 542.923895 543 79210 0.000000
1692982258627083914 142.556368 553.104160 554 79767 0.000000
1692982259628118426 147.291729 547.433690 548 80313 0.000000
1692982260631709243 146.391894 543.050012 545 80857 0.000000
1692982261633172199 148.711989 537.214079 538 81395 0.000000
1692982262634213415 152.778867 529.448698 530 81926 0.000000
1692982263632417301 145.933691 536.964460 536 82465 0.000000
1692982264637385691 148.836624 545.290794 548 83010 0.000000
1692982265639237677 146.592937 542.994360 544 83553 0.000000
1692982266640719729 150.705546 527.218661 528 84081 0.000000
1692982267642244022 144.063812 560.146173 561 84644 0.000000
1692982268643639272 149.485407 532.257357 533 85177 0.000000
1692982269645015215 147.642179 551.241540 552 85727 0.000000
1692982270645526858 152.583784 518.734588 519 86246 0.000000
1692982271645587616 142.978145 561.965850 562 86810 0.000000
1692982272649480690 144.097135 546.870996 549 87357 0.000000
1692982273649516181 148.347831 545.980617 546 87903 0.000000
1692982274648943240 147.220243 544.311842 544 88447 0.000000
