1692977852948679212 294.642218 0.000000
1692977853145759553 294.799490 0.000000
1692977854375546484 294.734873 0.000000
1692977854998345626 294.790768 0.000000
1692977855483527422 294.601593 0.000000
1692977855651569653 294.881925 0.000000
1692977856171821943 294.614247 0.000000
1692977856793177154 294.868279 0.000000
1692977858047105694 294.820582 0.000000
1692977859549089337 294.651220 0.000000
1692977861170270153 294.722473 0.000000
1692977861913000340 294.622940 0.000000
1692977862296717942 294.650134 0.000000
1692977862897224047 294.614057 0.000000
1692977863287688442 294.592629 0.000000
1692977863887738525 294.693503 0.000000
1692977864300015713 294.565255 0.000000
1692977865577574067 294.722596 0.000000
1692977866160178638 294.726390 0.000000
1692977868321429936 294.663342 0.000000
1692977869276471470 294.673259 0.000000
1692977869899901087 294.646849 0.000000
1692977871885406257 294.786012 0.000000
1692977872398582273 294.801838 0.000000
1692977874529088127 294.724648 0.000000
1692977874961942682 294.636588 0.000000
1692977874973538955 294.741788 0.000000
1692977875521846351 294.634549 0.000000
1692977877474219252 294.516297 0.000000
1692977877699081860 294.567571 0.000000
1692977879091036108 294.645313 0.000000
1692977879527059633 294.761713 0.000000
1692977880185976486 294.708774 0.000000
1692977881425700315 294.750497 0.000000
1692977881880775374 294.818592 0.000000
1692977881980116158 294.692867 0.000000
1692977882560370338 294.766318 0.000000
1692977882779893974 294.747895 0.000000
1692977884277313051 294.739740 0.000000
1692977884649275010 294.542471 0.000000
1692977885194703708 294.946236 0.000000
1692977886386253880 294.624591 0.000000
1692977886456260505 294.638644 0.000000
1692977887947708203 294.781301 0.000000
1692977890009487627 294.674426 0.000000
1692977891584596354 294.692154 0.000000
1692977892229284137 294.999412 0.000000
1692977892396161078 294.700641 0.000000
1692977893166118213 294.879122 0.000000
1692977894022129578 294.880705 0.000000
1692977896141720707 294.879918 0.000000
1692977896412510696 294.716242 0.000000
1692977897091754746 294.879646 0.000000
1692977898429841369 294.719549 0.000000
1692977899027395094 294.733832 0.000000
1692977899763304250 294.756354 0.000000
1692977899881616491 294.697758 0.000000
1692977900152100623 294.800725 0.000000
1692977900235107246 294.724310 0.000000
1692977903275679100 294.753341 0.000000
1692977904291446506 294.675194 0.000000
1692977906146103630 294.617810 0.000000
1692977906292394733 294.585955 0.000000
1692977906450231105 294.678563 0.000000
1692977906682573971 294.736380 0.000000
1692977906801861827 294.750218 0.000000
1692977909473113014 294.797538 0.000000
1692977910328493070 294.958296 0.000000
1692977911770539084 294.960355 0.000000
1692977912891225039 294.919555 0.000000
1692977913809061692 294.622970 0.000000
1692977914422455988 294.749324 0.000000
1692977914457131799 294.748937 0.000000
1692977915370077374 294.682698 0.000000
1692977915726891982 294.769299 0.000000
1692977916058096180 294.856662 0.000000
1692977916610627923 294.733420 0.000000
1692977916817723849 294.827684 0.000000
1692977916835947074 294.820668 0.000000
1692977917719790454 295.030677 0.000000
1692977918967518354 294.661222 0.000000
1692977921299835181 294.725806 0.000000
1692977921674189470 294.649589 0.000000
1692977921735725633 294.707173 0.000000
1692977921969035461 294.815539 0.000000
1692977922440462871 294.741799 0.000000
1692977923581750211 294.927565 0.000000
1692977925128872949 294.845829 0.000000
1692977926112913319 294.779394 0.000000
1692977926145542910 294.705007 0.000000
1692977926533027721 294.923125 0.000000
1692977926620179544 294.769672 0.000000
1692977927764311877 294.956397 0.000000
1692977927945022594 294.566122 0.000000
1692977930795938530 294.838642 0.000000
1692977932953014146 294.813829 0.000000
1692977933600678406 294.621565 0.000000
1692977934511841233 294.838881 0.000000
1692977934688160209 294.612072 0.000000
1692977935009167638 294.819100 0.000000
1692977936628657234 294.520824 0.000000
1692977937097172231 294.804480 0.000000
1692977937715481988 294.599943 0.000000
1692977938310786477 294.646467 0.000000
1692977939600309659 294.635075 0.000000
1692977940989516361 294.726382 0.000000
1692977943139542789 294.952583 0.000000
1692977943342032736 294.880535 0.000000
1692977944993100465 295.155340 0.000000
1692977946172342716 294.869514 0.000000
1692977946406336156 294.509540 0.000000
1692977946524583124 294.807454 0.000000
1692977946937265284 294.991377 0.000000
1692977947730268564 294.695122 0.000000
1692977947731303904 294.745659 0.000000
1692977949526301917 294.596186 0.000000
1692977949734081919 294.620202 0.000000
1692977949822161634 294.635372 0.000000
1692977950350716874 294.759722 0.000000
1692977950441730735 294.708382 0.000000
1692977952030243069 294.626613 0.000000
1692977953860354085 294.613560 0.000000
1692977954391120209 294.723156 0.000000
1692977954949623768 294.703835 0.000000
1692977960072803606 294.945412 0.000000
1692977960808876685 294.485991 0.000000
1692977961339510582 294.650113 0.000000
1692977961398439367 294.629330 0.000000
1692977961898612200 294.517114 0.000000
1692977961929647742 294.673884 0.000000
1692977962047742574 294.722331 0.000000
1692977962193176343 294.543750 0.000000
1692977964609287045 294.622879 0.000000
1692977964786422793 295.110739 0.000000
1692977965581985819 294.928486 0.000000
1692977967614559819 294.526378 0.000000
1692977968438751044 294.654238 0.000000
1692977968763600985 294.882207 0.000000
1692977970036506606 294.698438 0.000000
1692977970383791749 294.712467 0.000000
1692977971149294829 294.902178 0.000000
1692977974536728057 294.851829 0.000000
1692977975421032419 294.816261 0.000000
1692977975479073432 294.940715 0.000000
1692977975507914229 294.549876 0.000000
1692977976127597862 294.800384 0.000000
1692977976244421563 294.690072 0.000000
1692977977597468793 294.732971 0.000000
1692977977717329234 294.594593 0.000000
1692977979076655831 294.718789 0.000000
1692977980012757165 294.871343 0.000000
1692977980365739383 294.721594 0.000000
1692977982251797600 294.745314 0.000000
1692977982958817260 294.555803 0.000000
1692977983488766127 294.787014 0.000000
1692977984046610917 294.643983 0.000000
1692977986902137289 294.603949 0.000000
1692977987609819417 294.651885 0.000000
1692977987642804859 294.725718 0.000000
1692977992852265224 294.793679 0.000000
1692977993148987532 295.000390 0.000000
1692977993325478133 294.649678 0.000000
1692977995738075223 294.715646 0.000000
1692977997359420118 294.654316 0.000000
1692977998626445525 294.884569 0.000000
1692977998918265249 294.936079 0.000000
1692978000304793841 294.671011 0.000000
1692978001276605295 294.595565 0.000000
