1692977853036724246 111.078967 146.803695 144 16 0.000000
1692977854049706199 111.084097 140.180188 142 16 0.000000
1692977854991122330 112.018003 145.525443 137 16 0.000000
1692977856007179540 114.420491 138.771709 141 16 0.000000
1692977857017922842 104.878874 154.341865 156 16 0.000000
1692977858031169022 114.663306 140.143628 142 16 0.000000
1692977859044043768 110.301554 141.182294 143 16 0.000000
1692977860057446962 115.272495 143.082258 145 16 0.000000
1692977860998606664 111.074766 139.189982 131 16 0.000000
1692977862012482206 112.516685 145.974530 148 16 0.000000
1692977863026807055 108.144014 143.938108 146 16 0.000000
1692977864040144525 112.223775 147.038873 149 16 0.000000
1692977865053580888 112.132503 140.117333 142 16 0.000000
1692977866067539014 114.153947 142.017699 144 16 0.000000
1692977867008680397 110.185066 142.380310 134 16 0.000000
1692977868022001280 110.509734 146.054423 148 16 0.000000
1692977869035211697 123.171268 129.291985 131 16 0.000000
1692977870048737251 107.157546 149.971570 152 16 0.000000
1692977871062737252 107.443653 150.887573 153 16 0.000000
1692977872076234770 115.097247 137.148832 139 16 0.000000
1692977873017511505 120.257600 134.923126 127 15 0.000000
1692977874030824628 114.989411 134.213203 136 16 0.000000
1692977875045200928 118.126829 139.001669 141 16 0.000000
1692977876058925978 115.643405 137.118049 139 16 0.000000
1692977877072549662 118.197352 137.131752 139 16 0.000000
1692977878086145897 104.830926 151.934277 154 16 0.000000
1692977879027306715 110.163354 146.627432 138 15 0.000000
1692977880041180077 113.199936 140.056941 142 16 0.000000
1692977881055604947 109.643606 145.895481 148 16 0.000000
1692977882069147365 113.963179 139.116032 141 16 0.000000
1692977883082801838 117.392943 138.114125 140 16 0.000000
1692977884096743819 111.336117 143.006209 145 16 0.000000
1692977885037110062 110.393524 143.561085 135 16 0.000000
1692977886051496125 115.261944 139.986146 142 16 0.000000
1692977887065216855 116.684641 137.118643 139 16 0.000000
1692977888079057934 114.645625 142.034092 144 16 0.000000
1692977889092542068 111.384659 139.124035 141 16 0.000000
1692977890106200012 110.735221 146.992383 149 16 0.000000
1692977891047300465 111.317339 142.386494 134 16 0.000000
1692977892060744209 115.544231 137.156093 139 16 0.000000
1692977893074396047 114.557230 144.033681 146 16 0.000000
1692977894087827220 108.109373 146.038547 148 16 0.000000
1692977895101803110 111.327361 143.001424 145 16 0.000000
1692977896115171598 111.342602 143.087147 145 16 0.000000
1692977897056190193 107.014376 148.774951 140 16 0.000000
1692977898069563822 110.776401 145.060026 147 16 0.000000
1692977899082654563 113.038065 142.139283 144 16 0.000000
1692977900096040951 108.066808 148.018544 150 16 0.000000
1692977901110043655 114.492353 139.052890 141 16 0.000000
1692977902123435841 110.599804 144.070583 146 16 0.000000
1692977903135404832 111.723788 136.367815 138 16 0.000000
1692977904078549447 114.966741 144.198457 136 16 0.000000
1692977905092270706 111.604751 144.023833 146 16 0.000000
1692977906105485858 112.018131 144.095742 146 16 0.000000
1692977907119360939 108.833048 146.960917 149 16 0.000000
1692977908133760969 112.860408 142.941613 145 16 0.000000
1692977909074934721 107.645047 148.750454 140 16 0.000000
1692977910088046070 109.018814 146.084634 148 16 0.000000
1692977911101742544 108.085284 147.973286 150 16 0.000000
1692977912115697911 115.242478 140.045614 142 16 0.000000
1692977913129239287 111.899160 141.089444 143 16 0.000000
1692977914142845996 106.666984 151.932692 154 16 0.000000
1692977915154327174 111.552962 133.467626 135 15 0.000000
1692977916098291689 110.343254 155.726216 147 16 0.000000
1692977917111263561 106.369274 149.066313 151 16 0.000000
1692977918124752641 116.600979 137.149986 139 16 0.000000
1692977919138139727 109.841035 147.031681 149 16 0.000000
1692977920151384753 111.785266 143.104575 145 16 0.000000
1692977921163439702 107.595120 140.308557 142 16 0.000000
1692977922106045186 109.065573 150.646301 142 16 0.000000
1692977923119178487 115.868499 141.146287 143 16 0.000000
1692977924133029314 112.074867 144.005406 146 16 0.000000
1692977925146346782 113.218459 138.160057 140 16 0.000000
1692977926160405549 109.511950 147.920401 150 16 0.000000
1692977927173323143 111.543889 142.163608 144 16 0.000000
1692977928114788536 108.651082 148.704350 140 16 0.000000
1692977929129450918 104.921896 151.774619 154 16 0.000000
1692977930142862813 113.315996 143.081017 145 16 0.000000
1692977931156005867 113.712451 138.183820 140 16 0.000000
1692977932169229464 120.062564 133.238133 135 16 0.000000
1692977933183521554 111.862894 142.956847 145 16 0.000000
1692977934124025704 114.195002 141.413514 133 16 0.000000
1692977935138087765 107.457172 146.933799 149 16 0.000000
1692977936151039718 110.227098 147.094848 149 16 0.000000
1692977937164948840 107.633303 149.914811 152 16 0.000000
1692977938178479440 112.320132 143.064257 145 16 0.000000
1692977939191652085 117.944047 133.244797 135 16 0.000000
1692977940132947796 111.361183 140.232250 132 16 0.000000
1692977941146625587 110.991026 147.976000 150 16 0.000000
1692977942160088480 108.327088 147.020690 149 16 0.000000
1692977943174512096 110.379252 146.881414 149 16 0.000000
1692977944187675117 109.511252 146.077213 148 16 0.000000
1692977945201508451 111.788951 143.021536 145 16 0.000000
1692977946142050816 103.337554 154.166369 145 16 0.000000
1692977947155863750 104.829794 151.901787 154 16 0.000000
1692977948169760434 108.159351 145.971463 148 16 0.000000
1692977949183836969 111.361956 142.987254 145 16 0.000000
1692977950197913873 113.870952 142.987176 145 16 0.000000
1692977951211025400 112.272999 143.123440 145 16 0.000000
1692977952152006565 116.095911 137.090948 129 16 0.000000
1692977953165531564 108.573683 147.998323 150 16 0.000000
1692977954183733664 109.049531 145.354238 148 16 0.000000
1692977955196513706 115.345089 141.195503 143 16 0.000000
1692977956210565534 113.146308 140.032289 142 16 0.000000
1692977957222833977 112.086272 140.279015 142 16 0.000000
1692977958163375468 109.043455 148.850427 140 16 0.000000
1692977959177048699 110.832413 143.044123 145 16 0.000000
1692977960190628882 110.041550 147.990267 150 16 0.000000
1692977961204469017 111.822338 144.993274 147 16 0.000000
1692977962218540317 101.203979 153.835332 156 16 0.000000
1692977963232059791 112.523913 144.052480 146 16 0.000000
1692977964173789134 113.021774 140.167649 132 16 0.000000
1692977965186898420 110.009713 144.110832 146 16 0.000000
1692977966200564180 116.130899 137.126049 139 16 0.000000
1692977967213784360 107.586770 150.016772 152 16 0.000000
1692977968226534635 113.787735 143.174487 145 16 0.000000
1692977969240815242 110.131631 143.944379 146 16 0.000000
1692977970182017287 107.506555 146.621019 138 16 0.000000
1692977971195391783 109.023178 146.046673 148 16 0.000000
1692977972208159185 110.201841 149.096447 151 16 0.000000
1692977973221972096 114.512160 139.078924 141 16 0.000000
1692977974234889253 111.276511 143.150898 145 16 0.000000
1692977975248961207 109.348285 144.960108 147 16 0.000000
1692977976190481721 114.020849 142.322972 134 16 0.000000
1692977977204226295 104.847530 151.912037 154 16 0.000000
1692977978217433263 107.324334 145.083893 147 16 0.000000
1692977979230366436 110.913865 148.084805 150 16 0.000000
1692977980244021034 113.661064 140.087161 142 16 0.000000
1692977981257432907 109.752139 147.028074 149 16 0.000000
1692977982198234592 110.192024 142.431705 134 16 0.000000
1692977983211216852 107.836243 151.039191 153 16 0.000000
1692977984225600002 115.681606 137.029090 139 16 0.000000
1692977985238299154 114.133661 140.219331 142 16 0.000000
1692977986252643124 113.916613 140.977819 143 16 0.000000
1692977987266230508 111.822236 143.056239 145 16 0.000000
1692977988207356466 112.979884 140.257531 132 16 0.000000
1692977989221356230 112.625350 143.984255 146 16 0.000000
1692977990234450666 114.756031 138.190470 140 16 0.000000
1692977991249088229 113.423944 140.937007 143 16 0.000000
1692977992261825891 106.395291 151.075653 153 16 0.000000
1692977993274809263 114.960056 139.192822 141 16 0.000000
1692977994216379499 116.376639 138.067237 130 16 0.000000
1692977995229725069 108.336075 147.037702 149 16 0.000000
1692977996242909768 111.034019 144.100081 146 16 0.000000
1692977997256514793 111.573705 144.040325 146 16 0.000000
1692977998269755042 106.846788 149.026850 151 16 0.000000
1692977999283969866 113.721807 140.009788 142 16 0.000000
1692978000225701846 109.948341 145.476610 137 16 0.000000
1692978001238302237 112.564650 142.208145 144 16 0.000000
