1692977853303142012 138.956747 118.474626 118 16 0.000000
1692977854308594843 124.750568 130.289558 131 16 0.000000
1692977855279936783 135.727106 116.333904 113 16 0.000000
1692977856306195277 139.422467 111.083128 114 16 0.000000
1692977857310792399 130.210242 124.427973 125 16 0.000000
1692977858314852358 132.680721 125.490513 126 16 0.000000
1692977859316040300 127.093294 122.854076 123 16 0.000000
1692977860306229785 130.192745 124.218650 123 16 0.000000
1692977861315068021 137.291362 114.983736 116 16 0.000000
1692977862319273931 130.785406 121.489039 122 16 0.000000
1692977863309606135 134.827746 120.161680 119 16 0.000000
1692977864317711671 133.362065 122.011054 123 16 0.000000
1692977865306583253 128.539503 124.384180 123 16 0.000000
1692977866293645801 131.877789 122.585968 121 16 0.000000
1692977867320201559 132.106588 115.921613 119 16 0.000000
1692977868324323332 134.130826 123.490997 124 16 0.000000
1692977869318346131 135.777370 116.697517 116 16 0.000000
1692977870315229590 137.923370 111.347025 111 16 0.000000
1692977871326986876 133.851300 126.512558 128 16 0.000000
1692977872298363133 139.486976 114.270825 111 16 0.000000
1692977873318849430 132.710630 117.591012 120 16 0.000000
1692977874329659212 137.293164 117.727400 119 16 0.000000
1692977875330995953 133.627323 118.841132 119 16 0.000000
1692977876331373385 134.616893 118.955119 119 16 0.000000
1692977877333571624 134.306899 118.738980 119 16 0.000000
1692977878334337583 136.310124 118.908926 119 16 0.000000
1692977879328280456 130.835920 117.713003 117 16 0.000000
1692977880336177977 137.068112 118.067539 119 16 0.000000
1692977881337080973 131.755441 121.889955 122 16 0.000000
1692977882337540337 139.333240 115.946720 116 16 0.000000
1692977883339675960 140.307519 114.754927 115 16 0.000000
1692977884323964912 129.113754 123.947342 122 16 0.000000
1692977885341447443 131.157212 118.920962 121 16 0.000000
1692977886343017832 135.073855 118.813432 119 16 0.000000
1692977887343119263 132.234911 121.987611 122 16 0.000000
1692977888339651235 135.341904 119.414147 119 16 0.000000
1692977889346560299 132.504593 119.176586 120 16 0.000000
1692977890344368134 135.337181 119.261440 119 16 0.000000
1692977891348474486 138.436580 117.517445 118 16 0.000000
1692977892341296907 134.892558 117.845854 117 16 0.000000
1692977893351570726 132.973497 118.779674 120 16 0.000000
1692977894350823941 134.556353 121.090417 121 16 0.000000
1692977895354069490 126.495708 124.595629 125 16 0.000000
1692977896355078040 132.372180 118.880091 119 16 0.000000
1692977897352813574 135.180170 120.272370 120 16 0.000000
1692977898357977431 136.201393 117.393795 118 16 0.000000
1692977899372129808 140.294702 113.395189 115 16 0.000000
1692977900373492313 142.687583 110.848954 111 16 0.000000
1692977901361535332 137.031616 117.403792 116 16 0.000000
1692977902375747155 130.053577 125.220390 127 16 0.000000
1692977903378289248 137.393048 113.710945 114 16 0.000000
1692977904365380388 136.879838 118.530072 117 16 0.000000
1692977905379109469 126.956060 126.266502 128 16 0.000000
1692977906366443357 141.393020 112.423960 111 16 0.000000
1692977907383297782 134.711541 118.011000 120 16 0.000000
1692977908383001597 133.936871 120.035544 120 16 0.000000
1692977909384582741 135.480577 117.813719 118 16 0.000000
1692977910373710441 138.433878 115.253067 114 16 0.000000
1692977911369084468 137.820398 116.539114 116 16 0.000000
1692977912388297834 132.739414 121.662443 124 16 0.000000
1692977913378106291 133.478148 119.214989 118 16 0.000000
1692977914372518570 129.786193 120.674293 120 16 0.000000
1692977915392625774 131.124262 127.437606 130 16 0.000000
1692977916366091115 134.143614 120.189160 117 16 0.000000
1692977917373120952 140.397630 111.218155 112 16 0.000000
1692977918396743441 135.679372 117.230714 120 16 0.000000
1692977919399025498 128.070469 122.719951 123 16 0.000000
1692977920400214267 137.467158 114.863472 115 16 0.000000
1692977921400676615 138.188257 120.944082 121 16 0.000000
1692977922403037221 133.669059 114.729154 115 16 0.000000
1692977923381344863 132.354366 123.682991 121 16 0.000000
1692977924404155280 134.875492 121.234588 124 16 0.000000
1692977925376326770 140.008131 113.148747 110 16 0.000000
1692977926386213113 124.992193 125.756734 127 16 0.000000
1692977927408360594 135.865188 119.356543 122 16 0.000000
1692977928409980023 133.017760 119.805983 120 16 0.000000
1692977929390264020 133.599129 119.353182 117 16 0.000000
1692977930412713527 137.198253 118.343257 121 16 0.000000
1692977931413987419 136.471329 117.849860 118 16 0.000000
1692977932393224381 131.345078 119.480786 117 16 0.000000
1692977933415998420 136.405942 117.327960 120 16 0.000000
1692977934417125347 132.015435 119.864925 120 16 0.000000
1692977935388883489 135.895937 120.400331 117 16 0.000000
1692977936421209763 136.582969 115.273627 119 16 0.000000
1692977937420858024 142.473224 112.039419 112 16 0.000000
1692977938422413890 132.634379 118.815132 119 16 0.000000
1692977939425490130 133.583197 122.622792 123 16 0.000000
1692977940412925495 131.596736 120.514204 119 16 0.000000
1692977941401297691 133.468807 119.388223 118 16 0.000000
1692977942428550328 133.910411 120.710319 124 16 0.000000
1692977943430387694 128.642424 121.776277 122 16 0.000000
1692977944430957062 134.299551 120.931128 121 15 0.000000
1692977945431642028 132.372571 120.917176 121 16 0.000000
1692977946420731078 133.385153 118.290657 117 16 0.000000
1692977947435549101 135.156296 120.218606 122 16 0.000000
1692977948436418413 137.146660 116.898378 117 16 0.000000
1692977949425356388 136.353343 115.275178 114 16 0.000000
1692977950410663339 143.987750 111.640337 110 16 0.000000
1692977951412876296 135.301154 120.732841 121 16 0.000000
1692977952429184558 138.063068 114.138595 116 16 0.000000
1692977953417764846 127.815433 127.455488 126 16 0.000000
1692977954418621319 129.999041 124.893053 125 16 0.000000
1692977955421617351 130.553693 119.641550 120 16 0.000000
1692977956423257505 129.044919 125.793654 126 16 0.000000
1692977957423663554 131.426508 120.950918 121 16 0.000000
1692977958426501261 134.321291 120.657601 121 16 0.000000
1692977959426396074 133.663262 117.012308 117 16 0.000000
1692977960427893026 137.236511 117.823616 118 16 0.000000
1692977961430770236 137.005617 117.661473 118 16 0.000000
1692977962410701901 128.730778 123.477974 121 16 0.000000
1692977963431199289 134.325461 118.569655 121 16 0.000000
1692977964442646542 139.792555 113.698457 115 16 0.000000
1692977965414458095 135.315312 119.364695 116 16 0.000000
1692977966435879997 135.782194 115.525248 118 16 0.000000
1692977967445768549 134.354493 121.795617 123 16 0.000000
1692977968438751044 133.782999 118.833908 118 16 0.000000
1692977969440579917 131.326749 119.780927 120 16 0.000000
1692977970442960361 133.739779 123.705544 124 16 0.000000
1692977971449722470 136.532651 117.207413 118 16 0.000000
1692977972444968949 127.018328 121.577942 121 16 0.000000
1692977973446955263 137.642196 119.762115 120 16 0.000000
1692977974453741039 133.680779 116.211416 117 16 0.000000
1692977975447840695 136.423505 117.694414 117 16 0.000000
1692977976451267740 138.087579 115.603842 116 16 0.000000
1692977977457477455 139.638387 116.277954 117 16 0.000000
1692977978450860580 135.979110 116.772670 116 16 0.000000
1692977979454350842 134.927755 119.582602 120 16 0.000000
1692977980455546107 141.205338 112.865114 113 16 0.000000
1692977981454891224 126.915353 126.082548 126 16 0.000000
1692977982457959964 136.532076 117.639014 118 16 0.000000
1692977983459332284 135.427946 114.842400 115 16 0.000000
1692977984465916070 140.909829 116.234736 117 16 0.000000
1692977985460222653 134.375074 119.681394 119 16 0.000000
1692977986464524846 129.293263 122.473094 123 16 0.000000
1692977987470275861 135.367224 118.319544 119 16 0.000000
1692977988463490484 139.960420 114.778805 114 16 0.000000
1692977989467278547 129.310465 124.528295 125 16 0.000000
1692977990473415181 127.188947 124.237600 125 16 0.000000
1692977991467580625 133.613328 121.710123 121 16 0.000000
1692977992470649075 133.269637 117.639016 118 16 0.000000
1692977993476430254 137.829418 115.333253 116 16 0.000000
1692977994473651845 125.606336 128.356625 128 16 0.000000
1692977995474847968 136.228537 117.859027 118 16 0.000000
1692977996480722036 134.624365 116.316742 117 16 0.000000
1692977997476296585 136.036447 121.537868 121 16 0.000000
1692977998478350025 126.806405 123.745877 124 16 0.000000
1692977999479997235 126.664952 125.792792 126 16 0.000000
1692978000482438848 130.233689 122.700413 123 16 0.000000
1692978001481656404 137.545369 119.093186 119 16 0.000000
