1692987334814310496 216.774879 0.000000
1692987335321871841 216.798083 0.000000
1692987335393764104 216.561102 0.000000
1692987336190580703 216.821423 0.000000
1692987336481242143 216.763257 0.000000
1692987336770164394 216.837986 0.000000
1692987338148270464 216.585538 0.000000
1692987338944170543 216.689230 0.000000
1692987339089442127 216.578227 0.000000
1692987339668348628 216.675949 0.000000
1692987340465721295 216.821783 0.000000
1692987340683702538 216.612642 0.000000
1692987340756094885 216.599412 0.000000
1692987341480304993 216.636694 0.000000
1692987343364316800 216.718158 0.000000
1692987344307020314 216.834593 0.000000
1692987345031646717 216.785509 0.000000
1692987345248723714 216.861540 0.000000
1692987345248923002 216.490863 0.000000
1692987345538451818 216.855066 0.000000
1692987346190749332 216.602413 0.000000
1692987346553075370 216.734134 0.000000
1692987347494582784 216.895861 0.000000
1692987350031532116 216.655135 0.000000
1692987350176379238 216.580973 0.000000
1692987350321472995 216.788932 0.000000
1692987350393484330 216.996289 0.000000
1692987350830748399 216.767737 0.000000
1692987350974536218 216.665740 0.000000
1692987352496155445 216.902611 0.000000
1692987352496614933 216.672666 0.000000
1692987353221191384 216.656253 0.000000
1692987353293380884 216.751104 0.000000
1692987355178041156 216.603711 0.000000
1692987356119507805 216.556321 0.000000
1692987356916576375 216.588536 0.000000
1692987357206766824 216.676240 0.000000
1692987358003751568 216.721185 0.000000
1692987358076192908 216.561703 0.000000
1692987358728282033 216.787569 0.000000
1692987360901537716 216.681988 0.000000
1692987361046387209 216.737988 0.000000
1692987361625140092 216.654754 0.000000
1692987363508730296 216.747590 0.000000
1692987364740395844 216.572639 0.000000
1692987365537955818 216.687455 0.000000
1692987366697594636 216.593502 0.000000
1692987367277332264 216.871238 0.000000
1692987367785417360 216.694085 0.000000
1692987368220157145 216.467700 0.000000
1692987368654609088 216.893678 0.000000
1692987368654656049 216.906394 0.000000
1692987368871825481 216.688670 0.000000
1692987369161570524 216.552593 0.000000
1692987369668805339 216.700732 0.000000
1692987369958759153 216.888904 0.000000
1692987370031622905 216.911475 0.000000
1692987370756548021 216.940047 0.000000
1692987372132456127 216.572422 0.000000
1692987372928651064 216.736866 0.000000
1692987373074850872 217.041143 0.000000
1692987373074890554 216.846891 0.000000
1692987373218412035 216.730496 0.000000
1692987374160082813 216.745375 0.000000
1692987375320241006 217.111597 0.000000
1692987375393974229 217.601491 0.000000
1692987376044172061 216.593161 0.000000
1692987376190167433 216.701764 0.000000
1692987376841837162 216.670962 0.000000
1692987376986066754 216.739607 0.000000
1692987377347550013 216.638242 0.000000
1692987378579599272 216.730506 0.000000
1692987378726331322 216.585824 0.000000
1692987379595657885 217.405981 0.000000
1692987380609331158 217.092116 0.000000
1692987380898472061 216.784987 0.000000
1692987381116539691 216.585514 0.000000
1692987381262008689 216.695203 0.000000
1692987381840153233 216.810131 0.000000
1692987382420922329 216.579830 0.000000
1692987382564346689 216.851768 0.000000
1692987383507232196 216.727454 0.000000
1692987383869240961 216.782853 0.000000
1692987384665680049 216.636947 0.000000
1692987385391998252 216.879923 0.000000
1692987385680493971 216.902095 0.000000
1692987385681227907 216.828289 0.000000
1692987386042197412 216.538093 0.000000
1692987386116082263 216.788570 0.000000
1692987386405963603 216.704575 0.000000
1692987386913337351 216.899740 0.000000
1692987387057051840 216.850935 0.000000
1692987387276294948 216.994941 0.000000
1692987387927030424 217.020410 0.000000
1692987387927044933 216.977019 0.000000
1692987387927120253 216.829195 0.000000
1692987388580012825 216.754266 0.000000
1692987389231331598 216.768474 0.000000
1692987389810431652 216.901643 0.000000
1692987390100756955 216.659993 0.000000
1692987390174165904 216.656067 0.000000
1692987390390500315 216.898828 0.000000
1692987390824501742 216.808176 0.000000
1692987393361416586 216.713536 0.000000
1692987393868384254 216.571186 0.000000
1692987394231130079 216.504781 0.000000
1692987394736226746 216.543230 0.000000
1692987395098635372 216.586931 0.000000
1692987395678052690 216.871428 0.000000
1692987396257556734 216.873843 0.000000
1692987396766291656 216.599542 0.000000
1692987397417919587 216.998704 0.000000
1692987398070430271 217.075382 0.000000
1692987398214536872 216.573411 0.000000
1692987398505505650 216.642746 0.000000
1692987398794850739 216.943320 0.000000
1692987398939869380 217.154838 0.000000
1692987399519017707 216.923705 0.000000
1692987400896750673 216.675543 0.000000
1692987401042612665 216.432683 0.000000
1692987401115232119 216.582316 0.000000
1692987401547632139 216.749484 0.000000
1692987401621774955 216.840777 0.000000
1692987401910798831 216.515866 0.000000
1692987402779921576 217.014541 0.000000
1692987402925331898 216.602865 0.000000
1692987403214679337 217.003555 0.000000
1692987403431600951 216.801731 0.000000
1692987403866645529 216.902234 0.000000
1692987404011503768 216.738660 0.000000
1692987404374085110 216.791252 0.000000
1692987405388504987 216.834647 0.000000
1692987405606238730 216.544764 0.000000
1692987405751794771 217.040837 0.000000
1692987406619810115 216.775935 0.000000
1692987407562405210 216.595371 0.000000
1692987407924254445 216.883135 0.000000
1692987408286603873 216.788858 0.000000
1692987409155327543 217.126531 0.000000
1692987409517139677 216.700295 0.000000
1692987409519146930 216.728005 0.000000
1692987409879671388 216.534595 0.000000
1692987409880430015 216.625161 0.000000
1692987409952034316 216.510364 0.000000
1692987410026263823 216.765432 0.000000
1692987410314420940 216.575490 0.000000
1692987410749443076 216.542964 0.000000
1692987410893609491 216.834051 0.000000
1692987411473160173 216.566079 0.000000
1692987412052238999 216.822098 0.000000
1692987413139581851 217.128151 0.000000
1692987413211849232 217.018932 0.000000
1692987415602583657 216.639398 0.000000
1692987415820129884 216.652419 0.000000
1692987416689084532 216.463976 0.000000
1692987416906187974 216.766600 0.000000
1692987417050908122 216.728351 0.000000
1692987418065691218 216.771226 0.000000
1692987418210502347 216.786014 0.000000
1692987418645848265 216.614200 0.000000
1692987418716825712 216.649141 0.000000
1692987418936117332 216.751244 0.000000
1692987420819234333 216.870407 0.000000
1692987421327686417 216.755088 0.000000
1692987421542961148 216.689414 0.000000
1692987421832935399 216.990834 0.000000
1692987421833806965 216.592194 0.000000
1692987421833831698 216.511687 0.000000
1692987422049953729 216.907081 0.000000
1692987422122228687 216.811715 0.000000
1692987422268317983 216.894152 0.000000
1692987422848560834 216.536299 0.000000
1692987422994229466 216.832542 0.000000
1692987423935897642 216.811483 0.000000
1692987424443299384 216.610736 0.000000
1692987424878069082 216.764850 0.000000
1692987425022651930 216.620880 0.000000
1692987425094135099 216.648931 0.000000
1692987425892691631 216.610731 0.000000
1692987426398345559 217.124216 0.000000
1692987427268472302 216.606889 0.000000
1692987427414477081 216.641774 0.000000
1692987428719170295 216.759158 0.000000
1692987429442150273 216.790244 0.000000
1692987429516353805 216.572718 0.000000
1692987429586966558 216.932730 0.000000
1692987429660690646 216.587638 0.000000
1692987430965141917 216.909958 0.000000
1692987430965725584 217.407982 0.000000
1692987431037169400 217.526020 0.000000
1692987431616645198 216.729472 0.000000
1692987432340902305 216.849486 0.000000
1692987432484942167 216.540278 0.000000
1692987432560288405 216.595583 0.000000
1692987432777352641 216.520738 0.000000
1692987432920471245 216.688588 0.000000
1692987433354661737 216.782881 0.000000
1692987434513648745 216.799611 0.000000
1692987435096617273 218.485826 0.000000
1692987435966552712 216.689581 0.000000
1692987436038717368 216.674165 0.000000
1692987436038991856 216.716318 0.000000
1692987436327894491 216.706414 0.000000
1692987436402204375 216.674294 0.000000
1692987436546852943 216.662473 0.000000
1692987437198062579 217.500907 0.000000
1692987437559065726 216.620905 0.000000
1692987438068038701 216.638983 0.000000
1692987439081467584 216.850274 0.000000
1692987439154204983 216.895719 0.000000
1692987439299351822 216.536529 0.000000
1692987439370177260 216.560705 0.000000
1692987440747867044 216.763117 0.000000
1692987441328171303 216.588586 0.000000
1692987441617866771 216.712183 0.000000
1692987441907292787 216.575335 0.000000
1692987442703798304 216.626981 0.000000
1692987443355061685 216.760100 0.000000
1692987443935572604 216.567928 0.000000
1692987444514386964 216.442686 0.000000
1692987444659596921 216.748874 0.000000
1692987444730692667 216.771171 0.000000
1692987445383664232 216.657080 0.000000
1692987446108850855 216.753084 0.000000
1692987446542377829 216.719158 0.000000
1692987446977595443 216.680765 0.000000
1692987447340717466 216.561106 0.000000
1692987447412238187 217.055687 0.000000
1692987447557226412 217.081476 0.000000
1692987449223650910 216.828758 0.000000
1692987449948079546 216.884112 0.000000
1692987450456758793 216.921028 0.000000
1692987451614572783 216.714162 0.000000
1692987451614843292 216.719274 0.000000
1692987453137758478 216.628618 0.000000
1692987454007566575 216.924807 0.000000
1692987454658457451 216.693885 0.000000
1692987454731231685 216.568664 0.000000
1692987454733525678 216.608131 0.000000
1692987455092792088 216.560886 0.000000
1692987455383390309 216.567266 0.000000
1692987455383422404 216.692847 0.000000
1692987455817045497 216.722036 0.000000
1692987455819810300 216.716609 0.000000
1692987456179502253 216.686142 0.000000
1692987456904101651 216.901328 0.000000
1692987456976852977 216.817457 0.000000
1692987456977851202 216.567125 0.000000
1692987457701782527 216.806076 0.000000
1692987457845311691 216.572558 0.000000
1692987458062706935 216.640687 0.000000
1692987458280198441 216.695605 0.000000
1692987458569326465 216.658006 0.000000
1692987459148979389 216.887836 0.000000
1692987459220973475 216.581048 0.000000
1692987459946028417 216.817594 0.000000
1692987460236212666 216.814901 0.000000
1692987460599025650 216.844485 0.000000
1692987462266421165 216.963462 0.000000
1692987462917581002 216.796068 0.000000
1692987463208549880 216.620274 0.000000
1692987463498171902 216.659671 0.000000
1692987463714175067 216.832484 0.000000
1692987464294575599 216.709882 0.000000
1692987465309496099 216.765006 0.000000
1692987465599341560 216.636932 0.000000
1692987465671532785 216.862999 0.000000
1692987466032767705 216.561542 0.000000
1692987467048206500 216.585603 0.000000
1692987467192420741 216.585397 0.000000
1692987467265347485 216.796433 0.000000
1692987467481920473 216.600909 0.000000
1692987467626672415 217.061048 0.000000
1692987468133969493 216.831444 0.000000
1692987468640438375 216.712288 0.000000
1692987469511338475 216.567917 0.000000
1692987469873028269 216.752301 0.000000
1692987469947009543 216.987778 0.000000
1692987470525012617 216.944127 0.000000
1692987471033336633 217.347733 0.000000
1692987471539523198 216.649398 0.000000
1692987473713802917 216.952422 0.000000
1692987474438569829 216.753584 0.000000
1692987474656519864 216.847653 0.000000
1692987475381532408 216.574337 0.000000
1692987475743373368 216.866486 0.000000
1692987475744355927 216.963291 0.000000
1692987475888230899 216.828568 0.000000
1692987476903464417 216.769044 0.000000
1692987477482396986 216.970668 0.000000
1692987477555501498 216.619817 0.000000
1692987478352058947 216.842130 0.000000
1692987478642900905 216.455075 0.000000
1692987478715409436 216.574667 0.000000
1692987479295904969 216.603785 0.000000
1692987480020080477 217.279441 0.000000
1692987480382158167 216.706494 0.000000
1692987480817228197 216.683972 0.000000
1692987481179401345 216.622254 0.000000
1692987481180173681 216.469098 0.000000
1692987481251010816 216.606858 0.000000
1692987481540687776 216.829921 0.000000
1692987482628867221 217.120847 0.000000
1692987483135834578 216.651547 0.000000
1692987483207456898 216.749108 0.000000
