1692987334961766946 76.262548 214.399409 213 16 0.000000
1692987335902209358 78.448316 204.159231 192 16 0.000000
1692987336916413566 77.293581 206.072899 209 16 0.000000
1692987337931724492 78.438151 203.878432 207 16 0.000000
1692987338945425490 76.568472 207.161677 210 16 0.000000
1692987339959765168 77.222489 208.017102 211 16 0.000000
1692987340974019066 78.761892 203.104962 206 16 0.000000
1692987341915600391 78.444233 204.974331 193 16 0.000000
1692987342930271074 75.476537 212.876949 216 16 0.000000
1692987343945032158 77.674257 205.959812 209 16 0.000000
1692987344960110872 75.575066 208.850797 212 16 0.000000
1692987345974519851 79.086239 204.059707 207 16 0.000000
1692987346988523026 76.874664 208.086116 211 16 0.000000
1692987347930084164 76.449825 210.289066 198 16 0.000000
1692987348944663224 76.557782 208.953658 212 16 0.000000
1692987349959890480 75.978508 205.865238 209 16 0.000000
1692987350976268516 83.427529 195.793290 199 16 0.000000
1692987351990119246 75.171433 212.062764 215 16 0.000000
1692987353004526496 78.399065 204.060066 207 16 0.000000
1692987353946856527 77.711471 205.872666 194 16 0.000000
1692987354962010111 77.698851 204.895109 208 16 0.000000
1692987355975565104 78.403242 202.258388 205 16 0.000000
1692987356990149376 79.492341 203.038826 206 16 0.000000
1692987358004560690 80.339815 199.130272 202 16 0.000000
1692987359018568125 79.795217 194.278656 197 16 0.000000
1692987359960784696 77.854041 213.326751 201 16 0.000000
1692987360974918731 79.156547 201.156841 204 16 0.000000
1692987361988836342 77.596976 206.131147 209 16 0.000000
1692987363003372500 77.643644 205.019798 208 16 0.000000
1692987364017335492 79.094715 204.149456 207 16 0.000000
1692987365031518781 77.302069 206.077157 209 16 0.000000
1692987365973579906 76.095877 211.238947 199 16 0.000000
1692987366988722229 78.555695 199.971961 203 16 0.000000
1692987368003821482 78.295066 208.846571 212 16 0.000000
1692987369017761239 79.552510 200.209069 203 16 0.000000
1692987370032198158 79.169567 202.082617 205 16 0.000000
1692987370974454973 76.101181 211.195077 199 16 0.000000
1692987371988906440 75.155657 211.937197 215 16 0.000000
1692987373003476532 76.592556 204.027275 207 16 0.000000
1692987374017335481 80.897911 202.197780 205 16 0.000000
1692987375031717733 75.847044 210.965835 214 16 0.000000
1692987376046499206 78.001234 204.970239 208 16 0.000000
1692987376988304241 78.879691 202.802022 191 15 0.000000
1692987378003251771 75.837911 210.848371 214 16 0.000000
1692987379016353234 76.876649 207.284274 210 16 0.000000
1692987380031306177 77.279206 208.876681 212 16 0.000000
1692987381045370549 78.453465 201.170629 204 16 0.000000
1692987382060171698 79.049262 204.966287 208 16 0.000000
1692987383001288057 78.840542 202.950470 191 16 0.000000
1692987384015671134 75.515881 209.979845 213 16 0.000000
1692987385030230892 77.584641 207.971979 211 16 0.000000
1692987386044541777 78.496062 201.121769 204 16 0.000000
1692987387059578113 78.377857 205.903947 209 16 0.000000
1692987388073748271 78.038552 204.107757 207 16 0.000000
1692987389015688129 76.075592 211.266158 199 16 0.000000
1692987390030033805 77.683294 204.072445 207 16 0.000000
1692987391044338760 78.284680 207.038327 210 16 0.000000
1692987392058844483 74.795004 213.897264 217 16 0.000000
1692987393072960078 77.248488 207.076954 210 16 0.000000
1692987394087151424 76.561282 208.047557 211 16 0.000000
1692987395029297637 75.752158 206.974244 195 16 0.000000
1692987396042502016 78.219626 208.250187 211 16 0.000000
1692987397056540029 76.525730 209.065139 212 16 0.000000
1692987398071811477 77.009372 206.841228 210 16 0.000000
1692987399086232683 77.601053 207.014608 210 16 0.000000
1692987400100222436 75.788517 212.033701 215 16 0.000000
1692987401043341389 77.420564 204.640138 193 16 0.000000
1692987402057246140 80.601243 200.216045 203 16 0.000000
1692987403071419414 77.301204 205.093167 208 16 0.000000
1692987404086093212 78.017507 204.991986 208 16 0.000000
1692987405100607819 75.823953 212.909701 216 16 0.000000
1692987406114941993 82.106422 192.244336 195 16 0.000000
1692987407056819841 77.635441 207.033216 195 16 0.000000
1692987408070508634 79.833511 201.245195 204 16 0.000000
1692987409084939607 77.323654 205.041059 208 16 0.000000
1692987410098837457 82.210198 196.272237 199 16 0.000000
1692987411112270239 79.080530 203.269527 206 16 0.000000
1692987412127284758 76.563785 208.864006 212 16 0.000000
1692987413068703410 76.133751 206.071975 194 16 0.000000
1692987414082674779 79.789932 203.161553 206 16 0.000000
1692987415096584405 75.445110 213.036739 216 16 0.000000
1692987416111154257 78.413882 203.041714 206 16 0.000000
1692987417125005061 76.163511 210.090082 213 16 0.000000
1692987418139239472 78.416888 202.122869 205 16 0.000000
1692987419081519600 78.424546 205.883607 194 16 0.000000
1692987420096090924 76.957443 206.983937 210 16 0.000000
1692987421110920975 77.272855 207.916612 211 16 0.000000
1692987422124269808 80.659630 198.352237 201 16 0.000000
1692987423139391406 77.677208 206.871765 210 16 0.000000
1692987424154628160 77.684714 205.863320 209 16 0.000000
1692987425096081914 79.274471 201.815532 190 16 0.000000
1692987426111236916 75.176243 211.790321 215 16 0.000000
1692987427125327898 75.492486 212.012529 215 16 0.000000
1692987428139652123 76.183580 209.992031 213 16 0.000000
1692987429154999350 76.547669 209.780455 213 16 0.000000
1692987430096742711 78.499246 203.877199 192 16 0.000000
1692987431111412975 78.770585 203.021619 206 16 0.000000
1692987432126369660 76.163042 209.861165 213 16 0.000000
1692987433139664797 77.662702 204.284024 207 16 0.000000
1692987434154751950 77.274004 207.863924 211 16 0.000000
1692987435171077688 77.451658 206.626666 210 16 0.000000
1692987436113174605 79.249209 202.739228 191 16 0.000000
1692987437126730062 76.926816 206.204798 209 16 0.000000
1692987438141092114 76.863500 209.984196 213 16 0.000000
1692987439155210154 77.285093 206.090407 209 16 0.000000
1692987440169591367 78.747077 203.079472 206 16 0.000000
1692987441184138734 74.776082 213.888468 217 16 0.000000
1692987442124904602 77.970145 206.214983 194 15 0.000000
1692987443138780032 75.107935 213.043910 216 16 0.000000
1692987444153415415 75.839748 210.913218 214 16 0.000000
1692987445168272067 78.804235 201.998971 205 16 0.000000
1692987446182883645 78.023145 205.004561 208 16 0.000000
1692987447196838505 76.876480 208.096046 211 16 0.000000
1692987448138880795 78.045958 205.935556 194 16 0.000000
1692987449153662127 74.500908 212.853736 216 16 0.000000
1692987450167254350 77.919519 207.183912 210 16 0.000000
1692987451181937819 77.646375 204.990035 208 16 0.000000
1692987452196275018 79.183803 201.116548 204 16 0.000000
1692987453210759825 77.237153 208.973021 212 16 0.000000
1692987454153793415 77.402164 205.719126 194 16 0.000000
1692987455168811677 78.715340 203.937219 207 16 0.000000
1692987456182144466 79.934769 199.342212 202 16 0.000000
1692987457196274744 78.765743 203.129710 206 16 0.000000
1692987458209649546 79.167115 199.333960 202 16 0.000000
1692987459224294726 80.113535 203.026606 206 16 0.000000
1692987460165483411 75.768098 208.247312 196 16 0.000000
1692987461180565532 78.381665 206.879833 210 16 0.000000
1692987462194603039 76.556150 207.092922 210 16 0.000000
1692987463209110278 78.775146 204.039944 207 16 0.000000
1692987464223213483 78.032024 203.135152 206 16 0.000000
1692987465237867965 76.176296 210.909227 214 16 0.000000
1692987466179209906 80.561714 198.652582 187 16 0.000000
1692987467193982487 78.082339 203.001149 206 16 0.000000
1692987468207883316 79.031117 205.148268 208 16 0.000000
1692987469222822590 77.648385 206.908924 210 16 0.000000
1692987470237336430 80.339207 198.124461 201 16 0.000000
1692987471251105882 77.648380 206.161265 209 16 0.000000
1692987472193355649 77.630562 206.951504 195 16 0.000000
1692987473208147881 74.828558 213.836874 217 16 0.000000
1692987474223653126 77.331651 206.793615 210 16 0.000000
1692987475238189808 76.948968 206.005366 209 16 0.000000
1692987476252724705 79.183610 202.063038 205 16 0.000000
1692987477265627956 77.100751 199.426733 202 16 0.000000
1692987478209954391 75.976752 220.262829 208 16 0.000000
1692987479224231995 79.279007 199.156518 202 16 0.000000
1692987480239227670 76.904418 209.853113 213 16 0.000000
1692987481253241462 79.883015 200.194518 203 16 0.000000
1692987482266684311 77.203025 208.201182 211 16 0.000000
1692987483208405719 78.444483 204.943837 193 16 0.000000
