1692986426752072491 178.057350 0.000000
1692986429502941364 177.234408 0.000000
1692986429738874800 178.117954 0.000000
1692986429915933208 177.952313 0.000000
1692986430448118833 177.456925 0.000000
1692986430626038145 177.909573 0.000000
1692986431011758030 177.816498 0.000000
1692986431158023247 177.440834 0.000000
1692986431247229490 178.464182 0.000000
1692986431601739462 177.563094 0.000000
1692986431780050578 178.345811 0.000000
1692986432134123923 177.916537 0.000000
1692986432253658675 177.494726 0.000000
1692986434175797223 177.595073 0.000000
1692986434354377785 177.679172 0.000000
1692986434443250944 177.825366 0.000000
1692986434709754132 177.805980 0.000000
1692986435508118169 177.624079 0.000000
1692986435773204412 177.079268 0.000000
1692986436040615240 178.192453 0.000000
1692986437193824537 177.687466 0.000000
1692986437225529659 178.326296 0.000000
1692986437339151987 178.512375 0.000000
1692986438170212682 177.287449 0.000000
1692986438289563551 177.664694 0.000000
1692986438704517793 177.658242 0.000000
1692986439007203237 177.377137 0.000000
1692986439090298253 178.331525 0.000000
1692986439503332376 177.608009 0.000000
1692986439710994059 176.927973 0.000000
1692986440567824768 178.238619 0.000000
1692986440745010777 177.735749 0.000000
1692986441633262424 178.618193 0.000000
1692986443230989572 177.817551 0.000000
1692986443408505096 177.403664 0.000000
1692986443586264649 177.655628 0.000000
1692986444119116686 177.693559 0.000000
1692986445127126006 178.382690 0.000000
1692986445717262761 177.521355 0.000000
1692986446428045861 177.825507 0.000000
1692986446468022759 177.534692 0.000000
1692986448558162929 177.359123 0.000000
1692986448678886201 178.106072 0.000000
1692986448825454535 178.330252 0.000000
1692986448887430527 177.887373 0.000000
1692986449033869239 177.750955 0.000000
1692986449535251567 177.070572 0.000000
1692986449624652305 177.661500 0.000000
1692986449801481214 177.389590 0.000000
1692986450157481050 177.848280 0.000000
1692986450601445473 177.753913 0.000000
1692986450690778123 177.772967 0.000000
1692986451046246485 177.944901 0.000000
1692986451087620312 178.337748 0.000000
1692986451400829816 178.004072 0.000000
1692986451489514762 177.519983 0.000000
1692986451489612375 177.690613 0.000000
1692986451519214935 177.325128 0.000000
1692986452289309443 178.135157 0.000000
1692986452851813322 178.071058 0.000000
1692986453353430310 177.813834 0.000000
1692986454449340708 177.610302 0.000000
1692986455926366348 177.035136 0.000000
1692986457111251844 177.992901 0.000000
1692986457702426483 178.525337 0.000000
1692986458500710774 177.600735 0.000000
1692986459300148446 177.935412 0.000000
1692986459831982596 177.747800 0.000000
1692986461460117203 177.382586 0.000000
1692986462189305322 178.189899 0.000000
1692986462851574652 177.284041 0.000000
1692986463294795120 177.924853 0.000000
1692986463916583194 177.928900 0.000000
1692986463946470738 177.963135 0.000000
1692986464411201553 178.532632 0.000000
1692986464537481252 177.320991 0.000000
1692986464625417364 177.431047 0.000000
1692986465069458140 177.313066 0.000000
1692986467466550141 178.194429 0.000000
1692986468708419261 177.910014 0.000000
1692986468709523301 177.719657 0.000000
1692986468964055888 178.060718 0.000000
1692986469063356375 177.334987 0.000000
1692986471015937925 177.301045 0.000000
1692986471226295292 177.663462 0.000000
1692986471725575822 177.493475 0.000000
1692986472701919467 178.238140 0.000000
1692986472968217481 177.488174 0.000000
1692986473300622933 178.018297 0.000000
1692986473622752331 177.247863 0.000000
1692986473712171844 178.094271 0.000000
1692986474565580221 178.028727 0.000000
1692986475185643934 177.575086 0.000000
1692986476677966967 177.518231 0.000000
1692986476873050908 177.240197 0.000000
1692986477761724732 177.729266 0.000000
1692986477794716415 178.056459 0.000000
1692986478205010534 177.211135 0.000000
1692986478327069110 177.508284 0.000000
1692986478471929503 177.784530 0.000000
1692986478504741147 177.557342 0.000000
1692986478737563232 177.899306 0.000000
1692986478737592056 176.890014 0.000000
1692986478948781885 177.613661 0.000000
1692986479609760717 178.463072 0.000000
1692986479625181117 177.595555 0.000000
1692986480158678468 177.570980 0.000000
1692986480191788221 177.770394 0.000000
1692986480602954834 178.088328 0.000000
1692986480691408809 177.467076 0.000000
1692986480868557796 177.371546 0.000000
1692986481223903109 177.779621 0.000000
1692986482465792671 177.546062 0.000000
1692986484064532826 178.277967 0.000000
1692986484330532723 177.307706 0.000000
1692986484596928761 177.730538 0.000000
1692986485572670450 177.351387 0.000000
1692986487205120512 177.689539 0.000000
1692986487792988127 177.421550 0.000000
1692986488137166072 177.463138 0.000000
1692986489745016588 177.565759 0.000000
1692986490223325871 177.455812 0.000000
1692986490543830235 177.508884 0.000000
1692986491965777241 177.796744 0.000000
1692986493290131570 178.556657 0.000000
1692986493773262423 177.470641 0.000000
1692986495161336654 177.495468 0.000000
1692986495249979612 177.933680 0.000000
1692986495871098023 177.379340 0.000000
1692986496493426104 177.835506 0.000000
1692986497292273844 177.769915 0.000000
1692986497466453105 178.363777 0.000000
1692986497913009229 177.857588 0.000000
1692986499065721614 178.246316 0.000000
1692986499277222467 177.657032 0.000000
1692986499687122155 177.521919 0.000000
1692986501106906987 176.929096 0.000000
1692986501585662158 177.446136 0.000000
1692986501851937370 177.395040 0.000000
1692986502083889533 177.551181 0.000000
1692986502971837459 177.448111 0.000000
1692986503272689857 178.048666 0.000000
1692986503326208505 177.212419 0.000000
1692986503326336464 177.319079 0.000000
1692986503415162916 177.555150 0.000000
1692986503415356339 177.311584 0.000000
1692986503503967467 177.629830 0.000000
1692986505813008139 177.796602 0.000000
1692986505902244608 178.008578 0.000000
1692986506434245514 177.715571 0.000000
1692986506468470579 177.558186 0.000000
1692986506557146600 177.513272 0.000000
1692986506789054498 177.145310 0.000000
1692986506823626405 177.687108 0.000000
1692986508120305191 176.904793 0.000000
1692986509097400201 177.882034 0.000000
1692986509664170412 178.350001 0.000000
1692986509808067429 178.833185 0.000000
1692986510428562495 177.660299 0.000000
1692986510784740448 177.728837 0.000000
1692986511761181720 177.210893 0.000000
1692986512327591669 177.328930 0.000000
1692986513482091829 177.728706 0.000000
1692986514014557509 177.429097 0.000000
1692986514280813165 177.771346 0.000000
1692986515842681210 177.103804 0.000000
1692986518771411289 178.142652 0.000000
1692986518949092155 177.241573 0.000000
1692986519570372032 177.981449 0.000000
1692986522232035066 177.567625 0.000000
1692986523564813562 178.225206 0.000000
1692986523830066401 176.909191 0.000000
1692986523831233539 177.961473 0.000000
1692986524274341387 178.085444 0.000000
1692986524274429993 178.144326 0.000000
1692986524362900798 177.773870 0.000000
1692986524806938611 177.223268 0.000000
1692986525339768051 178.147532 0.000000
1692986525732089539 177.539723 0.000000
1692986526619192403 177.430618 0.000000
1692986530045585997 177.772389 0.000000
1692986530755991136 177.479608 0.000000
1692986531591675142 178.355794 0.000000
1692986532926752598 177.830497 0.000000
1692986532991743073 177.602510 0.000000
1692986533080534179 177.842309 0.000000
1692986533169584541 178.043336 0.000000
1692986533169662587 177.869139 0.000000
1692986534323468399 177.358834 0.000000
1692986535234513683 177.220434 0.000000
1692986536188201059 177.486744 0.000000
1692986536655833497 177.647453 0.000000
1692986537875777184 178.481959 0.000000
1692986539650177268 177.346742 0.000000
1692986541425720425 177.639489 0.000000
1692986541425765089 178.261104 0.000000
1692986541513898253 177.765717 0.000000
1692986541603673715 177.951586 0.000000
1692986542845547354 177.250510 0.000000
1692986542935829375 177.618560 0.000000
1692986543469122685 178.172408 0.000000
1692986544444274807 177.164719 0.000000
1692986545090361273 178.047565 0.000000
1692986545243012846 177.774713 0.000000
1692986545775655197 177.579267 0.000000
1692986546066510744 177.851498 0.000000
1692986546396134604 177.558959 0.000000
1692986547283192115 177.286458 0.000000
1692986548970369070 178.115030 0.000000
1692986549528433896 178.146842 0.000000
1692986550833917615 178.109951 0.000000
1692986551101108787 177.953207 0.000000
1692986551303093006 177.726710 0.000000
1692986552608840363 177.770276 0.000000
1692986552785778466 177.983032 0.000000
1692986553761179295 177.245028 0.000000
1692986555625269032 177.015048 0.000000
1692986556809169857 178.163172 0.000000
1692986556986727533 177.556284 0.000000
1692986558377429351 178.047103 0.000000
1692986559265872099 177.575930 0.000000
1692986559798345835 177.263925 0.000000
1692986559976571133 177.723467 0.000000
1692986560181799898 177.587752 0.000000
1692986560420125963 178.008691 0.000000
1692986561218733679 178.028219 0.000000
1692986561396693138 177.957075 0.000000
1692986561663177645 177.947668 0.000000
1692986562224302906 177.942046 0.000000
1692986562313527956 178.298433 0.000000
1692986563438155396 177.060033 0.000000
1692986563615305248 177.176702 0.000000
1692986563792969505 177.661822 0.000000
1692986563793934975 178.080287 0.000000
1692986563793978657 177.270709 0.000000
1692986567079463673 178.175667 0.000000
1692986568855570481 177.464932 0.000000
1692986569477592363 177.780516 0.000000
1692986571341452092 177.861988 0.000000
1692986572583898061 177.655420 0.000000
1692986572583942344 177.738896 0.000000
1692986572699544125 178.469446 0.000000
1692986573027747494 177.930055 0.000000
1692986574003963718 177.473016 0.000000
1692986574448530497 178.021857 0.000000
1692986574891399642 177.273414 0.000000
1692986575247751475 177.946177 0.000000
