1692986427407523875 217.904046 0.000000
1692986427663227065 145.862553 0.000000
1692986427917325144 145.964943 0.000000
1692986427917342948 146.245860 0.000000
1692986428353545807 217.769562 0.000000
1692986429552963405 145.382903 0.000000
1692986429844964727 146.503163 0.000000
1692986430026491019 145.580823 0.000000
1692986430572955016 145.644313 0.000000
1692986430644712065 145.134196 0.000000
1692986430718456660 145.500121 0.000000
1692986430790304590 146.287930 0.000000
1692986430935044137 145.364498 0.000000
1692986431480867362 145.564053 0.000000
1692986431699215559 145.302762 0.000000
1692986432319201684 145.726175 0.000000
1692986432718870591 145.886337 0.000000
1692986434574021622 145.436554 0.000000
1692986434683639973 146.355517 0.000000
1692986435084011948 146.482785 0.000000
1692986435156499748 145.335885 0.000000
1692986435302496302 145.971948 0.000000
1692986435411580030 146.031799 0.000000
1692986435446997950 146.315268 0.000000
1692986435520581436 146.079589 0.000000
1692986436211916614 145.802198 0.000000
1692986437665988645 145.620707 0.000000
1692986437846763061 145.740493 0.000000
1692986438100566010 145.291714 0.000000
1692986438246232003 145.664441 0.000000
1692986438283708564 146.100588 0.000000
1692986438575506965 145.277114 0.000000
1692986438756006044 145.642871 0.000000
1692986438793445254 145.090194 0.000000
1692986440102401566 146.365775 0.000000
1692986440394255242 146.303759 0.000000
1692986440502744227 146.046097 0.000000
1692986440865620255 145.275613 0.000000
1692986441812312856 145.861891 0.000000
1692986441885126918 146.108633 0.000000
1692986442720461328 145.089413 0.000000
1692986443229893477 218.433548 0.000000
1692986443776152520 146.061836 0.000000
1692986444286423562 145.950026 0.000000
1692986444614458961 145.553865 0.000000
1692986444904274465 145.292232 0.000000
1692986445159147210 146.054723 0.000000
1692986446031731534 145.916452 0.000000
1692986446031963749 145.499250 0.000000
1692986446978439974 145.975393 0.000000
1692986447232812741 145.951459 0.000000
1692986447268636553 146.336651 0.000000
1692986448542328122 145.490505 0.000000
1692986448615959096 145.744863 0.000000
1692986448687240362 145.175944 0.000000
1692986449161436671 145.555777 0.000000
1692986449669075599 145.321307 0.000000
1692986451234909028 145.407690 0.000000
1692986451998118519 146.091791 0.000000
1692986452653310219 145.570625 0.000000
1692986452798453241 146.055082 0.000000
1692986453016626861 145.257226 0.000000
1692986453708149086 145.452164 0.000000
1692986455053243290 145.628153 0.000000
1692986455381545979 145.505863 0.000000
1692986456507699617 145.550016 0.000000
1692986456618096909 145.667817 0.000000
1692986456653480465 145.774236 0.000000
1692986457126782039 145.837785 0.000000
1692986457672302950 146.146124 0.000000
1692986457781162689 146.283551 0.000000
1692986458072293070 145.144007 0.000000
1692986458436918236 145.686723 0.000000
1692986458690527240 145.337838 0.000000
1692986460328569826 145.575244 0.000000
1692986460838063021 145.984410 0.000000
1692986462035954611 145.473863 0.000000
1692986462219768835 145.697272 0.000000
1692986462400437803 145.599730 0.000000
1692986462655979010 145.387682 0.000000
1692986462692147839 146.243357 0.000000
1692986463018769286 145.651034 0.000000
1692986465056032819 145.549605 0.000000
1692986465165876184 145.578510 0.000000
1692986465311643087 146.135043 0.000000
1692986465602818962 145.953733 0.000000
1692986465675097288 145.529628 0.000000
1692986466365929871 145.459117 0.000000
1692986466437580560 145.032635 0.000000
1692986466547155742 145.785708 0.000000
1692986466875558501 145.884615 0.000000
1692986467093621705 145.480085 0.000000
1692986467528817970 144.779943 0.000000
1692986467710069710 145.585925 0.000000
1692986467965620195 145.659773 0.000000
1692986468510908879 146.114694 0.000000
1692986469857403883 145.182949 0.000000
1692986470076077620 146.065703 0.000000
1692986470112202147 146.272823 0.000000
1692986470330337965 145.964292 0.000000
1692986471857288526 145.528067 0.000000
1692986472221798047 146.145934 0.000000
1692986472549563400 145.460338 0.000000
1692986472695150696 145.532875 0.000000
1692986473094013541 145.672506 0.000000
1692986473894729884 145.119220 0.000000
1692986475132827534 145.260525 0.000000
1692986475642535132 145.533035 0.000000
1692986477388866056 146.098152 0.000000
1692986477607349170 145.198428 0.000000
1692986478333660677 144.973906 0.000000
1692986479464068784 146.127509 0.000000
1692986479789456310 145.859879 0.000000
1692986480263619320 145.325336 0.000000
1692986480699291027 145.464136 0.000000
1692986480991390274 145.712765 0.000000
1692986481099147147 145.569514 0.000000
1692986481608518315 145.672236 0.000000
1692986483499836605 217.580700 0.000000
1692986484118364290 146.242636 0.000000
1692986484155263609 145.711962 0.000000
1692986484847116290 145.620888 0.000000
1692986485136421192 145.233454 0.000000
1692986485937963851 146.729157 0.000000
1692986486883039907 145.333249 0.000000
1692986487137608693 145.721497 0.000000
1692986488665244751 146.069639 0.000000
1692986488701378607 145.078914 0.000000
1692986488920560299 146.261641 0.000000
1692986489392776680 145.842046 0.000000
1692986489865759166 145.824270 0.000000
1692986489938009020 145.756735 0.000000
1692986490846840136 145.626699 0.000000
1692986491065200629 145.782032 0.000000
1692986491758244617 146.379911 0.000000
1692986492156328587 145.595363 0.000000
1692986492591888203 144.881733 0.000000
1692986493502133472 145.167792 0.000000
1692986494301999881 145.975637 0.000000
1692986494993051424 145.780119 0.000000
1692986495138798480 218.795517 0.000000
1692986495247715928 144.898877 0.000000
1692986495284051090 145.902057 0.000000
1692986495430046791 145.877219 0.000000
1692986495466520884 145.590955 0.000000
1692986495648248556 145.090684 0.000000
1692986495975055602 145.508007 0.000000
1692986496012299988 146.100598 0.000000
1692986496194377838 145.685301 0.000000
1692986496703781195 146.585556 0.000000
1692986496848080379 145.233256 0.000000
1692986498960735506 146.063059 0.000000
1692986499359988907 146.048582 0.000000
1692986499542467818 145.516134 0.000000
1692986500779869936 145.507224 0.000000
1692986501179598661 145.690792 0.000000
1692986502525366354 145.410664 0.000000
1692986502669390941 145.305969 0.000000
1692986503325163936 145.812157 0.000000
1692986505253540349 145.909832 0.000000
1692986505470706051 144.982974 0.000000
1692986506088797669 217.123001 0.000000
1692986506561519988 145.821177 0.000000
1692986507070739783 145.467934 0.000000
1692986508306397067 145.397102 0.000000
1692986508780440624 218.247120 0.000000
1692986508962019538 145.905332 0.000000
1692986508962075854 145.676823 0.000000
1692986509289785224 145.911024 0.000000
1692986510890482654 146.819107 0.000000
1692986511144457546 145.635929 0.000000
1692986511945662306 145.807781 0.000000
1692986511945691080 145.754581 0.000000
1692986512526470328 145.337470 0.000000
1692986513690022117 145.618626 0.000000
1692986514018865656 146.409811 0.000000
1692986514163528669 217.695044 0.000000
1692986514598813952 218.205953 0.000000
1692986515254999654 145.808201 0.000000
1692986515582703012 146.528371 0.000000
1692986515654695243 146.230152 0.000000
1692986516819002419 145.928356 0.000000
1692986516928106217 145.958483 0.000000
1692986516928156321 146.094999 0.000000
1692986517473293537 146.085383 0.000000
1692986517764456728 145.859246 0.000000
1692986518164775348 145.543716 0.000000
1692986518855436148 145.830261 0.000000
1692986518928709892 145.623095 0.000000
1692986518964808350 145.931232 0.000000
1692986519183271785 146.317075 0.000000
1692986519400999341 145.576227 0.000000
1692986519619934983 146.327014 0.000000
1692986520784355001 217.977676 0.000000
1692986521731857010 145.983391 0.000000
1692986522640420117 145.604901 0.000000
1692986523258714668 146.047218 0.000000
1692986523403577437 145.830333 0.000000
1692986523404762589 145.707433 0.000000
1692986523440800653 145.169874 0.000000
1692986523768326139 146.262584 0.000000
1692986524095924661 145.992348 0.000000
1692986524241964948 146.519194 0.000000
1692986524714261729 146.119776 0.000000
1692986524823648990 145.997106 0.000000
1692986524932592738 145.424735 0.000000
1692986525478705401 145.944517 0.000000
1692986527260282882 145.533968 0.000000
1692986527553805879 145.554597 0.000000
1692986529116910042 145.725255 0.000000
1692986530355680354 146.561535 0.000000
1692986530719231049 145.825223 0.000000
1692986530937579620 145.697254 0.000000
1692986531336970800 145.730348 0.000000
1692986532289185886 145.823972 0.000000
1692986532944441291 145.991195 0.000000
1692986533162693311 145.963633 0.000000
1692986534950090975 145.887410 0.000000
1692986536259355088 145.732458 0.000000
1692986536944340642 145.894575 0.000000
1692986537743974058 146.062860 0.000000
1692986538544732213 145.533176 0.000000
1692986538981294953 146.369194 0.000000
1692986539053843678 145.713074 0.000000
1692986539167464705 144.997352 0.000000
1692986539272320570 145.922267 0.000000
1692986540144791743 145.374899 0.000000
1692986540185077231 145.411548 0.000000
1692986540331580245 145.868745 0.000000
1692986540549283317 145.302935 0.000000
1692986540799466782 145.237241 0.000000
1692986540839783307 146.005593 0.000000
1692986540945077404 145.617104 0.000000
1692986541567039993 145.613498 0.000000
1692986541712762184 145.687105 0.000000
1692986542003091443 145.287104 0.000000
1692986542182236886 145.997776 0.000000
1692986542875892425 145.459768 0.000000
1692986543056189717 145.861721 0.000000
1692986543675249694 145.604961 0.000000
1692986544257183757 145.751335 0.000000
1692986544329654444 145.726937 0.000000
1692986544547078253 145.442686 0.000000
1692986544875443414 145.938436 0.000000
1692986545201932889 145.792362 0.000000
1692986545602235058 146.057641 0.000000
1692986545929738493 146.088478 0.000000
1692986546075534060 145.731797 0.000000
1692986546293599030 145.395960 0.000000
1692986546837640361 145.226831 0.000000
1692986546948260463 145.128348 0.000000
1692986547493637799 145.947333 0.000000
1692986548330141641 145.460561 0.000000
1692986548365247447 145.392082 0.000000
1692986548984766163 145.842867 0.000000
1692986549566345252 146.140026 0.000000
1692986550183907371 145.396171 0.000000
1692986551094438350 145.822387 0.000000
1692986551457994709 145.398525 0.000000
1692986552150135159 145.757708 0.000000
1692986552258268007 145.619840 0.000000
1692986552330706024 145.840522 0.000000
1692986552513714400 146.066378 0.000000
1692986553823065292 145.409225 0.000000
1692986554476602115 145.244374 0.000000
1692986555132642675 146.066767 0.000000
1692986556041842048 145.549638 0.000000
1692986556258619643 145.426076 0.000000
1692986557532491575 145.851332 0.000000
1692986557822896929 145.321219 0.000000
1692986558115936382 146.188686 0.000000
1692986558224424517 146.301679 0.000000
1692986559533932052 145.632254 0.000000
1692986560188565913 145.715438 0.000000
1692986560371271129 145.377593 0.000000
1692986561680260192 145.581899 0.000000
1692986562043969497 146.439388 0.000000
1692986562444091757 145.797460 0.000000
1692986563172415747 145.686936 0.000000
1692986563463384905 146.423464 0.000000
1692986564518223808 145.991507 0.000000
1692986564881411205 145.501207 0.000000
1692986566225948834 145.489193 0.000000
1692986567062178246 145.198129 0.000000
1692986567426841068 145.750556 0.000000
1692986567863350159 145.927517 0.000000
1692986567864255747 145.558255 0.000000
1692986568154504086 145.651970 0.000000
1692986568481634744 145.938778 0.000000
1692986568953943782 145.181717 0.000000
1692986569864661103 146.128635 0.000000
1692986569973691202 145.705218 0.000000
1692986570338312816 145.779459 0.000000
1692986570591534169 145.493112 0.000000
1692986570591846164 145.651179 0.000000
1692986572265862865 145.566670 0.000000
1692986573465817088 145.958822 0.000000
1692986573684039223 145.685071 0.000000
1692986573684077294 145.127946 0.000000
1692986574483798737 145.656295 0.000000
1692986574883420492 145.500455 0.000000
1692986575356553477 145.559185 0.000000
