1692986426280443587 145.508208 0.000000
1692986426353330555 145.652538 0.000000
1692986426425714570 145.128526 0.000000
1692986426462570095 144.980076 0.000000
1692986426680750898 145.090624 0.000000
1692986426789640664 145.127474 0.000000
1692986426862603223 145.096225 0.000000
1692986426862647526 145.116754 0.000000
1692986426898788192 145.181915 0.000000
1692986427044091426 144.815219 0.000000
1692986427153519751 145.077099 0.000000
1692986427298668003 144.818704 0.000000
1692986427480659909 144.855063 0.000000
1692986427516834368 145.164153 0.000000
1692986427698300440 145.142231 0.000000
1692986427771358237 144.919424 0.000000
1692986427843528693 145.034861 0.000000
1692986427880640108 145.165686 0.000000
1692986428026049921 145.322350 0.000000
1692986428099886498 145.127783 0.000000
1692986428390463128 145.078541 0.000000
1692986428498160349 145.054207 0.000000
1692986428607543088 145.093870 0.000000
1692986428608644813 144.960660 0.000000
1692986428753496270 145.245485 0.000000
1692986428789497513 145.106533 0.000000
1692986428825598637 145.350252 0.000000
1692986428826478266 144.874089 0.000000
1692986428971194507 144.713155 0.000000
1692986428972278560 144.956522 0.000000
1692986429045094085 144.936016 0.000000
1692986429116227967 145.288788 0.000000
1692986429189460822 144.912299 0.000000
1692986429190463983 145.368855 0.000000
1692986429589652840 145.054907 0.000000
1692986429698432409 145.417688 0.000000
1692986429843587475 145.153102 0.000000
1692986429952998407 145.389835 0.000000
1692986429989962206 145.045609 0.000000
1692986430171172828 145.215981 0.000000
1692986430244113815 145.348285 0.000000
1692986430352781096 145.017887 0.000000
1692986430608561510 145.251165 0.000000
1692986430644014026 145.113777 0.000000
1692986430898852626 145.152300 0.000000
1692986430971405817 145.107556 0.000000
1692986431007963476 145.229946 0.000000
1692986431116700696 145.154315 0.000000
1692986431153177451 145.211721 0.000000
1692986431154673707 145.011466 0.000000
1692986431226739987 144.932248 0.000000
1692986431371909690 145.168711 0.000000
1692986431407963613 145.140899 0.000000
1692986431662475620 145.104531 0.000000
1692986431663185561 145.025132 0.000000
1692986431736191031 145.155195 0.000000
1692986431808166839 145.380957 0.000000
1692986432209294541 145.454415 0.000000
1692986432318493236 145.349048 0.000000
1692986432645525003 145.036944 0.000000
1692986432790571154 145.241136 0.000000
1692986432899677294 144.831177 0.000000
1692986432936259368 145.029309 0.000000
1692986432936568368 144.903864 0.000000
1692986433046468568 145.125581 0.000000
1692986433117761106 145.230037 0.000000
1692986433191179769 144.881772 0.000000
1692986433227733822 144.993713 0.000000
1692986433445095128 144.769372 0.000000
1692986433809113196 145.185842 0.000000
1692986433917761881 144.828775 0.000000
1692986434027516369 144.864353 0.000000
1692986434137306591 145.097016 0.000000
1692986434282465734 145.156548 0.000000
1692986434318410914 145.080456 0.000000
1692986434391578579 145.394967 0.000000
1692986434391616099 145.296131 0.000000
1692986434682597018 145.002891 0.000000
1692986434718856516 145.433638 0.000000
1692986434827901471 145.404762 0.000000
1692986434901290002 145.064466 0.000000
1692986434938259021 145.296691 0.000000
1692986435010624782 145.347276 0.000000
1692986435156522390 145.356673 0.000000
1692986435227967945 145.128305 0.000000
1692986435302042561 145.103600 0.000000
1692986435447803941 145.291409 0.000000
1692986435448101238 145.624423 0.000000
1692986435592255740 145.255325 0.000000
1692986435882842469 145.071989 0.000000
1692986435883886717 144.995566 0.000000
1692986435919569726 144.881382 0.000000
1692986435993157898 145.084775 0.000000
1692986435993276941 145.241520 0.000000
1692986436029354128 144.715671 0.000000
1692986436100694567 145.118928 0.000000
1692986436138873614 145.595480 0.000000
1692986436247293629 144.781586 0.000000
1692986436429198882 145.039407 0.000000
1692986436465628632 144.943699 0.000000
1692986436610295493 144.997841 0.000000
1692986436647619967 145.278616 0.000000
1692986437083615078 145.402039 0.000000
1692986437155372758 145.129077 0.000000
1692986437192028750 145.370268 0.000000
1692986437193269787 144.838321 0.000000
1692986437300667365 145.292693 0.000000
1692986437447503502 145.439899 0.000000
1692986437664177449 145.187966 0.000000
1692986437774198026 144.934773 0.000000
1692986437882724642 144.809238 0.000000
1692986437955778461 145.037505 0.000000
1692986437992273312 144.813505 0.000000
1692986438065360907 145.247559 0.000000
1692986438100464159 145.217364 0.000000
1692986438246270736 145.255173 0.000000
1692986438356696842 145.287224 0.000000
1692986438391795985 145.130238 0.000000
1692986438537393170 145.227752 0.000000
1692986438574410229 144.998291 0.000000
1692986438682729244 145.363876 0.000000
1692986438828603287 145.298435 0.000000
1692986438864861355 145.128837 0.000000
1692986438866267631 145.134037 0.000000
1692986438901279452 145.642380 0.000000
1692986438901388065 145.380608 0.000000
1692986438973721426 145.116345 0.000000
1692986439156332323 145.553853 0.000000
1692986439264865729 145.296979 0.000000
1692986439628938341 145.039129 0.000000
1692986439701465345 145.293916 0.000000
1692986439737502547 144.880662 0.000000
1692986439774497595 145.248841 0.000000
1692986440210431641 145.240115 0.000000
1692986440247462807 145.610851 0.000000
1692986440247977853 144.975059 0.000000
1692986440465230115 145.447244 0.000000
1692986440683328115 145.153926 0.000000
1692986440864829693 145.125031 0.000000
1692986441047906894 145.807499 0.000000
1692986441048359332 145.037836 0.000000
1692986441192398737 145.474325 0.000000
1692986441338733935 144.809097 0.000000
1692986441338781925 144.860493 0.000000
1692986441447374824 145.285319 0.000000
1692986441556696449 145.098970 0.000000
1692986441666448741 145.551698 0.000000
1692986441956769041 145.063703 0.000000
1692986442102915094 145.167820 0.000000
1692986442212597858 144.723397 0.000000
1692986442429439291 145.165235 0.000000
1692986442574677302 145.188750 0.000000
1692986442648245067 145.283107 0.000000
1692986442830301264 145.018681 0.000000
1692986442865714397 145.272285 0.000000
1692986442938571578 145.296841 0.000000
1692986443085108265 144.995608 0.000000
1692986443157103662 144.692890 0.000000
1692986443338939505 145.040319 0.000000
1692986443448231214 145.425000 0.000000
1692986443448612790 145.786047 0.000000
1692986443448688111 145.679397 0.000000
1692986443849080244 145.176105 0.000000
1692986443886330661 145.222643 0.000000
1692986443958856682 145.325746 0.000000
1692986443958910263 145.272055 0.000000
1692986444249895590 145.110032 0.000000
1692986444285819019 145.168331 0.000000
1692986444322603431 145.436643 0.000000
1692986444541079339 145.133345 0.000000
1692986444722307706 145.246788 0.000000
1692986444722785952 145.241497 0.000000
1692986444795223717 145.134606 0.000000
1692986444830740885 144.956944 0.000000
1692986444940479252 145.252299 0.000000
1692986445013245864 144.948377 0.000000
1692986445050002846 145.146920 0.000000
1692986445123178435 144.966582 0.000000
1692986445194317667 145.039530 0.000000
1692986445195658200 145.288677 0.000000
1692986445522970713 144.989946 0.000000
1692986445558773707 144.893957 0.000000
1692986445922860884 145.347827 0.000000
1692986445958228772 145.119860 0.000000
1692986445994970685 145.171857 0.000000
1692986446249467032 145.136702 0.000000
1692986446322425694 145.026794 0.000000
1692986446358757028 145.308192 0.000000
1692986446431513001 145.266065 0.000000
1692986446650085067 145.070937 0.000000
1692986446722440599 145.210770 0.000000
1692986446759018695 144.913142 0.000000
1692986446977137352 145.096997 0.000000
1692986447013470129 145.315898 0.000000
1692986447014472928 145.204769 0.000000
1692986447450604835 144.991198 0.000000
1692986447523615595 144.790691 0.000000
1692986447632174972 144.953928 0.000000
1692986448106074566 145.000876 0.000000
1692986448141297962 145.052652 0.000000
1692986448287641587 145.644885 0.000000
1692986448287695388 145.716018 0.000000
1692986448323887501 144.832282 0.000000
1692986448614386147 145.084585 0.000000
1692986448688006488 145.081858 0.000000
1692986448724305311 145.238251 0.000000
1692986448759588539 145.228342 0.000000
1692986448833773932 145.378284 0.000000
1692986449015231507 145.033367 0.000000
1692986449052363682 145.334752 0.000000
1692986449197082670 144.762309 0.000000
1692986449450941943 145.050860 0.000000
1692986449778843031 145.324603 0.000000
1692986449779456862 145.194429 0.000000
1692986449888279623 145.209950 0.000000
1692986450069815305 145.011779 0.000000
1692986450142428339 145.177438 0.000000
1692986450179004632 145.292042 0.000000
1692986450215388314 145.184290 0.000000
1692986450287557466 144.874810 0.000000
1692986450324167893 145.031004 0.000000
1692986450360469461 145.079804 0.000000
1692986450506204175 144.678394 0.000000
1692986450506490732 144.936898 0.000000
1692986450761068634 145.056461 0.000000
1692986450833873939 145.172609 0.000000
1692986450906208321 145.002029 0.000000
1692986451016140763 145.216652 0.000000
1692986451051688587 145.088953 0.000000
1692986451124890877 145.124569 0.000000
1692986451270424622 145.300298 0.000000
1692986451379234508 145.064455 0.000000
1692986451488283042 145.052943 0.000000
1692986451525322084 145.115283 0.000000
1692986451744153877 145.624595 0.000000
1692986451779141242 145.302112 0.000000
1692986451815662743 145.033920 0.000000
1692986451852224949 145.322750 0.000000
1692986451924703551 144.905397 0.000000
1692986452361419244 145.028949 0.000000
1692986452361449661 145.199389 0.000000
1692986452506824358 145.382071 0.000000
1692986452507565528 145.194069 0.000000
1692986452579997953 144.843821 0.000000
1692986452616916739 145.209037 0.000000
1692986452762494237 145.120521 0.000000
1692986452907079444 145.052734 0.000000
1692986452943213208 145.407380 0.000000
1692986453307090333 144.976332 0.000000
1692986453343920001 144.995107 0.000000
1692986453524976183 145.352948 0.000000
1692986453561483196 145.011225 0.000000
1692986453562278797 145.355281 0.000000
1692986453597760078 144.943929 0.000000
1692986453633903670 145.300027 0.000000
1692986453634848021 145.013410 0.000000
1692986453634919605 144.952966 0.000000
1692986453780283231 145.361283 0.000000
1692986453853293091 145.379537 0.000000
1692986453924776627 145.154826 0.000000
1692986453998231961 144.829745 0.000000
1692986454070349577 145.073533 0.000000
1692986454252644593 145.110252 0.000000
1692986454252835551 145.114099 0.000000
1692986454288767846 145.235396 0.000000
1692986454325354950 145.323533 0.000000
1692986454325473041 144.971803 0.000000
1692986454434387644 144.896842 0.000000
1692986454543548358 145.342527 0.000000
1692986454652325631 145.300167 0.000000
1692986454761855017 144.898064 0.000000
1692986454797877822 145.045981 0.000000
1692986454798534964 144.925886 0.000000
1692986454907841060 144.926818 0.000000
1692986454943370190 145.490234 0.000000
1692986454943538345 144.910928 0.000000
1692986454979677549 145.187366 0.000000
1692986455162112266 145.030441 0.000000
1692986455380211998 145.079654 0.000000
1692986455526268835 145.450880 0.000000
1692986455707289252 145.041974 0.000000
1692986455961896148 145.012097 0.000000
1692986455962951667 145.288866 0.000000
1692986455998329183 145.108699 0.000000
1692986456434559204 144.896001 0.000000
1692986456834347966 144.750538 0.000000
1692986456908108352 145.414713 0.000000
1692986456944029867 145.219797 0.000000
1692986456944072476 145.128556 0.000000
1692986457052676888 144.946636 0.000000
1692986457635263718 145.266295 0.000000
1692986457817128537 144.823123 0.000000
1692986457926599002 145.434069 0.000000
1692986458035413207 145.130421 0.000000
1692986458144501324 145.109612 0.000000
1692986458290279458 145.775809 0.000000
1692986458290502016 145.343379 0.000000
1692986458398805702 145.328420 0.000000
1692986458508166101 144.962264 0.000000
1692986458835291994 144.964659 0.000000
1692986458981207528 145.271386 0.000000
1692986459089900064 145.124478 0.000000
1692986459090879370 144.758282 0.000000
1692986459162838948 145.200950 0.000000
1692986459236222728 144.837150 0.000000
1692986459308325877 145.068184 0.000000
1692986459344766366 145.226380 0.000000
1692986459599898986 145.407899 0.000000
1692986459963518258 145.116473 0.000000
1692986460036949507 145.276754 0.000000
1692986460072351708 145.134225 0.000000
1692986460108713690 145.331367 0.000000
1692986460254381948 145.279660 0.000000
1692986460400391276 145.031785 0.000000
1692986460545004215 144.740728 0.000000
1692986460547026046 145.632911 0.000000
1692986460653894402 145.114359 0.000000
1692986460653926052 145.218686 0.000000
1692986460762990825 145.048977 0.000000
1692986460763031351 144.717135 0.000000
1692986461381597716 144.992651 0.000000
1692986461454721577 145.284247 0.000000
1692986461599989455 145.129919 0.000000
1692986461636813392 145.472791 0.000000
1692986461637029217 145.093670 0.000000
1692986461672311934 145.269251 0.000000
1692986461708978227 145.088301 0.000000
1692986461709006169 144.965582 0.000000
1692986461781893599 145.078012 0.000000
1692986461890478233 145.426215 0.000000
1692986462000033597 145.050742 0.000000
1692986462000568660 145.427007 0.000000
1692986462109129059 144.976642 0.000000
1692986462145723887 145.272196 0.000000
1692986462290659150 145.252568 0.000000
1692986462473244471 145.857964 0.000000
1692986462545627252 145.153932 0.000000
1692986462581725750 145.256886 0.000000
1692986462727564338 144.919926 0.000000
1692986462874331246 145.291802 0.000000
1692986462946467326 144.820339 0.000000
1692986462982698972 145.043927 0.000000
1692986463018331876 145.180011 0.000000
1692986463019195706 144.861805 0.000000
1692986463201179700 145.322871 0.000000
1692986463309477506 144.912942 0.000000
1692986463346074889 144.973446 0.000000
1692986463527403892 145.321878 0.000000
1692986463600284299 145.320328 0.000000
1692986463637269419 145.216562 0.000000
1692986463818269075 145.206783 0.000000
1692986463891589436 145.022238 0.000000
1692986463928395370 145.161929 0.000000
1692986464000906885 144.801765 0.000000
1692986464364375844 144.659096 0.000000
1692986464691559145 145.484643 0.000000
1692986464692834987 144.984355 0.000000
1692986464801558112 145.150569 0.000000
1692986464838318852 145.094335 0.000000
1692986465055174290 145.106985 0.000000
1692986465200490519 145.314576 0.000000
1692986465201333910 145.298806 0.000000
1692986465201969932 144.849364 0.000000
1692986465274626589 144.764044 0.000000
1692986465310812309 145.282175 0.000000
1692986465492386564 145.175593 0.000000
1692986465528637477 144.872225 0.000000
1692986465529624778 145.204357 0.000000
1692986465636859752 145.137003 0.000000
1692986465783879544 144.955441 0.000000
1692986465819151582 145.154737 0.000000
1692986465819185165 144.822744 0.000000
1692986465964339309 145.185524 0.000000
1692986466001632076 145.452244 0.000000
1692986466073523738 145.380901 0.000000
1692986466110028667 145.169554 0.000000
1692986466292124561 144.921058 0.000000
1692986466400616852 145.176026 0.000000
1692986466474225303 145.137133 0.000000
1692986466510019911 145.257889 0.000000
1692986466618765076 145.348128 0.000000
1692986466692543786 145.568923 0.000000
1692986466837643156 145.578468 0.000000
1692986466982662960 145.018442 0.000000
1692986467418978483 145.232471 0.000000
1692986467491486780 145.021786 0.000000
1692986467528753179 144.748144 0.000000
1692986467564447076 145.040591 0.000000
1692986467709674168 145.228856 0.000000
1692986467746805421 145.064706 0.000000
1692986467928316899 145.624196 0.000000
1692986468001247828 144.935153 0.000000
1692986468037382044 144.961855 0.000000
1692986468183566029 144.823184 0.000000
1692986468183988010 145.199258 0.000000
1692986468219308930 145.198118 0.000000
1692986468219677040 144.847731 0.000000
1692986468256108331 145.214307 0.000000
1692986468292422581 144.893704 0.000000
1692986468330059474 145.963642 0.000000
1692986468364734202 145.422888 0.000000
1692986468401554112 144.943219 0.000000
1692986468510108068 145.078913 0.000000
1692986469019479064 145.245146 0.000000
1692986469092714096 145.121132 0.000000
1692986469130176900 145.162770 0.000000
1692986469202018458 144.960791 0.000000
1692986469237922952 145.207072 0.000000
1692986469311014553 145.042314 0.000000
1692986469419657699 144.842202 0.000000
1692986469637727363 144.915077 0.000000
1692986469674770742 145.011706 0.000000
1692986469747073026 144.970661 0.000000
1692986469929245099 145.012107 0.000000
1692986470111019871 144.986291 0.000000
1692986470401993114 145.155317 0.000000
1692986470511483687 144.885219 0.000000
1692986470547254098 145.259021 0.000000
1692986470584309018 145.330314 0.000000
1692986470584569106 144.865593 0.000000
1692986470620700645 145.290921 0.000000
1692986470656873071 145.590631 0.000000
1692986470765565026 144.861766 0.000000
1692986470875349120 144.720062 0.000000
1692986470911419925 144.973828 0.000000
1692986471056898067 144.958537 0.000000
1692986471202220817 145.192075 0.000000
1692986471238717731 145.426475 0.000000
1692986471274886449 145.143765 0.000000
1692986471347176800 145.016666 0.000000
1692986471456774452 145.125369 0.000000
1692986471492509487 145.330494 0.000000
1692986471530643152 145.213365 0.000000
1692986471603221622 145.090737 0.000000
1692986471603391821 145.108991 0.000000
1692986471784822207 145.407139 0.000000
1692986471856265228 145.248412 0.000000
1692986471967298374 144.977014 0.000000
1692986472040263507 145.245807 0.000000
1692986472148151916 145.369197 0.000000
1692986472402732592 145.141269 0.000000
1692986472404064359 144.973054 0.000000
1692986472477179585 145.318081 0.000000
1692986472548585827 145.298735 0.000000
1692986472694901990 144.873478 0.000000
1692986472802647692 145.270993 0.000000
1692986472986288350 145.448837 0.000000
1692986473204023528 145.594198 0.000000
1692986473312763935 145.256406 0.000000
1692986473349809708 145.043527 0.000000
1692986473349840646 144.819878 0.000000
1692986473384880510 145.154787 0.000000
1692986473384908773 145.213897 0.000000
1692986473458908847 146.143480 0.000000
1692986473530895336 145.271302 0.000000
1692986473676139752 145.047967 0.000000
1692986473858570112 145.032257 0.000000
1692986473967542343 145.174694 0.000000
1692986474003600493 145.123054 0.000000
1692986474004295206 144.649517 0.000000
1692986474258690185 144.830938 0.000000
1692986474331941787 146.034484 0.000000
1692986474513778524 145.052954 0.000000
1692986474804809147 144.896323 0.000000
1692986475059645092 145.235897 0.000000
1692986475096924043 145.074486 0.000000
1692986475132387690 145.173140 0.000000
1692986475241455790 144.927739 0.000000
1692986475314697363 144.889547 0.000000
1692986475423406709 145.297361 0.000000
1692986475496642713 145.244082 0.000000
1692986475569022009 144.994437 0.000000
1692986475605515447 145.363156 0.000000
1692986475787311658 145.426014 0.000000
1692986475824043022 145.119450 0.000000
1692986475969877613 144.734619 0.000000
1692986475970202622 145.093342 0.000000
1692986476006070467 145.058065 0.000000
1692986476224280694 145.220517 0.000000
1692986476332870870 145.198938 0.000000
1692986476333471446 145.106665 0.000000
1692986476478755045 145.099785 0.000000
1692986476514958650 144.886274 0.000000
1692986476551680716 144.958648 0.000000
1692986476733548401 144.998662 0.000000
1692986476770404419 145.084175 0.000000
1692986476843262202 144.959511 0.000000
1692986476915228123 145.322358 0.000000
1692986476951996146 144.934604 0.000000
1692986477024765735 145.000428 0.000000
1692986477134109351 145.054178 0.000000
1692986477352372761 145.041894 0.000000
1692986477533859021 144.912524 0.000000
1692986477570694679 144.901731 0.000000
1692986477642766150 145.125782 0.000000
1692986477860664474 145.075507 0.000000
1692986477861594057 144.883938 0.000000
1692986477934794493 144.810680 0.000000
1692986478043142093 145.497830 0.000000
1692986478079342392 144.972455 0.000000
1692986478296842821 145.166849 0.000000
1692986478406331260 144.983725 0.000000
1692986478406383187 145.214688 0.000000
1692986478661839776 145.288326 0.000000
1692986478697458293 144.767951 0.000000
1692986478807200768 144.951836 0.000000
1692986478843022989 145.203138 0.000000
1692986478988597912 145.020544 0.000000
1692986479171752340 145.572380 0.000000
1692986479389872270 144.781688 0.000000
1692986479570594438 145.471939 0.000000
1692986479606980695 145.258319 0.000000
1692986479607580349 145.264913 0.000000
1692986479754080557 144.752461 0.000000
1692986479934717255 145.184531 0.000000
1692986479972246535 145.274190 0.000000
1692986480007342883 145.450010 0.000000
1692986480007654287 144.913213 0.000000
1692986480044965556 145.396227 0.000000
1692986480080223089 145.032898 0.000000
1692986480298298807 145.270161 0.000000
1692986480334991379 145.517907 0.000000
1692986480444063146 144.984607 0.000000
1692986480735152600 145.196306 0.000000
1692986480772044074 145.227022 0.000000
1692986480953626424 144.954482 0.000000
1692986481026298741 145.558755 0.000000
1692986481208222691 145.226871 0.000000
1692986481317590242 145.030512 0.000000
1692986481354017036 144.833834 0.000000
1692986481354150306 144.620585 0.000000
1692986481462840899 145.387755 0.000000
1692986481499529713 145.506806 0.000000
1692986481500274129 145.275072 0.000000
1692986481573009642 145.306370 0.000000
1692986481718576852 145.499814 0.000000
1692986481936949406 145.093652 0.000000
1692986481937074010 144.759305 0.000000
1692986482081451179 145.050010 0.000000
1692986482153954788 145.416146 0.000000
1692986482191229060 145.406979 0.000000
1692986482226517407 145.051361 0.000000
1692986482300421574 144.916750 0.000000
1692986482336743099 144.815689 0.000000
1692986482482184062 145.008843 0.000000
1692986482517228663 145.107296 0.000000
1692986482663678357 144.899497 0.000000
1692986482954616156 145.164868 0.000000
1692986482955193599 145.351618 0.000000
1692986482990540417 145.074196 0.000000
1692986483063833467 145.346305 0.000000
1692986483208923762 144.932279 0.000000
1692986483245105687 145.273249 0.000000
1692986483281709481 144.925336 0.000000
1692986483391385481 144.699000 0.000000
1692986483463068372 145.325836 0.000000
1692986483536443736 144.943600 0.000000
1692986483608263403 145.192847 0.000000
1692986483863670780 145.148123 0.000000
1692986483899816737 145.073554 0.000000
1692986483972836875 144.962836 0.000000
1692986484227412050 144.784008 0.000000
1692986484372421826 145.192158 0.000000
1692986484700251159 145.066420 0.000000
1692986484809358435 145.288098 0.000000
1692986484846390610 144.836188 0.000000
1692986485027485901 145.363639 0.000000
1692986485282987625 144.874412 0.000000
1692986485318626430 144.945654 0.000000
1692986485427333704 145.116563 0.000000
1692986485572642758 145.293915 0.000000
1692986485573784118 144.712355 0.000000
1692986485718148382 145.019793 0.000000
1692986485791943714 145.315496 0.000000
1692986485900183292 145.278699 0.000000
1692986486082123282 144.827484 0.000000
1692986486191147350 145.576959 0.000000
1692986486191453644 145.239326 0.000000
1692986486300513800 145.519710 0.000000
1692986486737705626 145.502317 0.000000
1692986486773037486 145.250396 0.000000
1692986486954510021 145.083263 0.000000
1692986486956124167 145.295931 0.000000
1692986486956126952 145.271285 0.000000
1692986487100597154 145.079855 0.000000
1692986487172393939 144.977593 0.000000
1692986487172674004 144.742312 0.000000
1692986487209482770 144.814315 0.000000
1692986487318915486 145.169262 0.000000
1692986487463921303 145.591294 0.000000
1692986487464676509 144.971162 0.000000
1692986487500723521 145.121954 0.000000
1692986487536944959 145.273498 0.000000
1692986487645931908 145.227372 0.000000
1692986487791125946 145.192645 0.000000
1692986487791261190 144.693550 0.000000
1692986487864219522 144.835567 0.000000
1692986488081935664 145.124367 0.000000
1692986488227731503 145.109663 0.000000
1692986488410016492 144.917511 0.000000
1692986488483093153 144.959728 0.000000
1692986488736854538 145.244325 0.000000
1692986488846211086 144.940101 0.000000
1692986488919482278 144.738666 0.000000
1692986489064582962 145.099162 0.000000
1692986489065183639 145.123868 0.000000
1692986489065834859 145.273148 0.000000
1692986489210633227 144.797076 0.000000
1692986489429227118 145.191996 0.000000
1692986489500983727 145.282176 0.000000
1692986489574158033 144.955821 0.000000
1692986489574354722 144.750106 0.000000
1692986489574762767 145.145508 0.000000
1692986489719214685 145.500494 0.000000
1692986489974185504 145.360202 0.000000
1692986490047019413 145.050120 0.000000
1692986490119296598 145.108980 0.000000
1692986490119780495 144.886382 0.000000
1692986490192086565 145.084634 0.000000
1692986490264468837 145.170205 0.000000
1692986490265112363 144.994044 0.000000
1692986490338026504 145.154527 0.000000
1692986490410006852 144.977875 0.000000
1692986490448100408 145.157609 0.000000
1692986490482946780 145.010615 0.000000
1692986490519187914 145.062031 0.000000
1692986490555675121 144.980068 0.000000
1692986490592543192 144.859195 0.000000
1692986490666204092 145.051133 0.000000
1692986490846957365 145.177717 0.000000
1692986491101327307 145.170373 0.000000
1692986491101354619 145.442203 0.000000
1692986491210727893 145.065949 0.000000
1692986491247399606 145.130392 0.000000
1692986491247510985 144.946288 0.000000
1692986491392790234 144.860494 0.000000
1692986491428832857 144.843835 0.000000
1692986491573957185 145.065799 0.000000
1692986491646477866 145.022746 0.000000
1692986491864922868 144.938741 0.000000
1692986491937534412 144.824358 0.000000
1692986491973574790 144.912945 0.000000
1692986492083004789 145.285491 0.000000
1692986492083567714 145.370921 0.000000
1692986492301026346 145.272406 0.000000
1692986492410438752 144.852591 0.000000
1692986492411229615 144.821713 0.000000
1692986492483352852 144.727686 0.000000
1692986492484030031 145.362365 0.000000
1692986492809863303 144.644028 0.000000
1692986492846820511 145.135469 0.000000
1692986492847609129 145.255654 0.000000
1692986492882522584 145.309938 0.000000
1692986492991520455 145.250917 0.000000
1692986492991599192 144.776677 0.000000
1692986493173649069 145.292215 0.000000
1692986493355420402 145.510452 0.000000
1692986493356459831 145.089453 0.000000
1692986493464612868 145.056322 0.000000
1692986493501726990 145.229167 0.000000
1692986493537699942 145.242741 0.000000
1692986493609793863 145.178861 0.000000
1692986493647357516 145.288245 0.000000
1692986493719254910 145.269741 0.000000
1692986493792203784 145.218456 0.000000
1692986494010280856 145.355002 0.000000
1692986494337975565 145.029509 0.000000
1692986494374429621 145.016116 0.000000
1692986494665382370 145.247349 0.000000
1692986494811720604 145.082330 0.000000
1692986494920336799 145.082100 0.000000
1692986495138146628 145.191224 0.000000
1692986495211136599 145.023028 0.000000
1692986495392713278 145.403062 0.000000
1692986495466398043 144.946115 0.000000
1692986495648158858 145.133104 0.000000
1692986495757807555 145.233802 0.000000
1692986495793422087 145.171828 0.000000
1692986495830049085 144.876685 0.000000
1692986495975132196 145.081037 0.000000
1692986496011529263 145.238262 0.000000
1692986496047517664 145.112095 0.000000
1692986496048159878 144.788819 0.000000
1692986496084378130 145.256350 0.000000
1692986496666809773 144.999767 0.000000
1692986497066915172 145.634045 0.000000
1692986497067997751 145.003202 0.000000
1692986497248926876 145.012843 0.000000
1692986497358369508 144.965520 0.000000
1692986497466894292 145.046714 0.000000
1692986497576225946 145.316790 0.000000
1692986497576515189 144.795262 0.000000
1692986497721804757 145.360110 0.000000
1692986497867934312 145.637582 0.000000
1692986497941418420 144.800442 0.000000
1692986498340873420 145.178081 0.000000
1692986498377578043 145.089234 0.000000
1692986498631674843 145.112739 0.000000
1692986498668845060 145.016256 0.000000
1692986498777355235 145.053677 0.000000
1692986498813695275 144.900669 0.000000
1692986498922772080 144.870060 0.000000
1692986498922934314 144.927788 0.000000
1692986498922959812 145.002438 0.000000
1692986499105790776 144.809569 0.000000
1692986499249792390 145.082560 0.000000
1692986499323928610 145.160547 0.000000
1692986499432046720 145.176657 0.000000
1692986499540668495 145.133467 0.000000
1692986499577322291 145.273918 0.000000
1692986499686999816 145.066260 0.000000
1692986499832229263 145.480898 0.000000
1692986499941588540 145.312022 0.000000
1692986500450903522 145.086728 0.000000
1692986500632853422 144.980771 0.000000
1692986500741579943 145.094224 0.000000
1692986500851361730 144.885992 0.000000
1692986501143363816 145.152540 0.000000
1692986501287527355 145.283930 0.000000
1692986501361128993 144.965101 0.000000
1692986501396726050 145.103901 0.000000
1692986501469613790 145.105505 0.000000
1692986501541949336 145.257520 0.000000
1692986501579505286 144.943773 0.000000
1692986501614830292 145.227444 0.000000
1692986501724385947 145.394004 0.000000
1692986501724404682 145.611321 0.000000
1692986501906554487 145.323061 0.000000
1692986501978830038 145.254442 0.000000
1692986502124728790 145.082562 0.000000
1692986502234047350 145.024684 0.000000
1692986502305973938 145.191144 0.000000
1692986502307190910 144.962065 0.000000
1692986502560468866 145.147795 0.000000
1692986502596651399 144.993866 0.000000
1692986502669360534 144.974267 0.000000
1692986502670132942 145.085667 0.000000
1692986502815653295 145.529359 0.000000
1692986502815699532 145.564766 0.000000
1692986502852068135 144.977704 0.000000
1692986503034258837 145.030524 0.000000
1692986503142792285 145.366062 0.000000
1692986503252565158 145.102579 0.000000
1692986503325211576 145.370620 0.000000
1692986503433594151 145.028760 0.000000
1692986503470289487 144.809949 0.000000
1692986503651391318 145.281455 0.000000
1692986503724370059 144.942271 0.000000
1692986503797491977 144.945223 0.000000
1692986503833768791 144.909699 0.000000
1692986504088190770 145.298807 0.000000
1692986504124326548 145.093671 0.000000
1692986504124882059 144.756108 0.000000
1692986504379056075 145.230699 0.000000
1692986504415958570 145.034872 0.000000
1692986504416837678 144.957547 0.000000
1692986504489161491 144.771808 0.000000
1692986504524480596 145.103048 0.000000
1692986504560444403 144.999726 0.000000
1692986504561351343 144.768062 0.000000
1692986504670684219 145.436215 0.000000
1692986504706501229 145.147862 0.000000
1692986504707138844 145.287094 0.000000
1692986504925627237 145.035983 0.000000
1692986505216126405 144.674416 0.000000
1692986505397575936 144.881422 0.000000
1692986505652446579 144.873349 0.000000
1692986505688126121 145.282556 0.000000
1692986505725463872 144.892507 0.000000
1692986505798217481 145.402762 0.000000
1692986506161664940 145.265843 0.000000
1692986506162440684 145.543174 0.000000
1692986506270260253 145.362864 0.000000
1692986506270731947 144.973233 0.000000
1692986506524882790 144.736119 0.000000
1692986506889300681 144.923994 0.000000
1692986507108007763 145.248122 0.000000
1692986507216188129 145.153103 0.000000
1692986507288174490 145.135541 0.000000
1692986507288751903 145.368888 0.000000
1692986507288846380 144.978036 0.000000
1692986507398381838 144.901653 0.000000
1692986507542788962 145.269551 0.000000
1692986507651989001 145.041765 0.000000
1692986507796972016 144.961996 0.000000
1692986507797458718 144.907082 0.000000
1692986507834884414 145.244706 0.000000
1692986507906614863 145.218576 0.000000
1692986508015194490 145.262340 0.000000
1692986508052085723 144.978688 0.000000
1692986508233512170 145.445489 0.000000
1692986508307042887 145.019274 0.000000
1692986508561733682 144.947828 0.000000
1692986508670876924 145.287605 0.000000
1692986508925313432 145.013191 0.000000
1692986508925986163 144.800472 0.000000
1692986509252211872 145.023662 0.000000
1692986509361623286 144.972874 0.000000
1692986509434856872 144.700512 0.000000
1692986509579417485 145.202777 0.000000
1692986509688484015 145.156089 0.000000
1692986509688949298 145.145159 0.000000
1692986509724668603 145.249275 0.000000
1692986509725041673 144.843484 0.000000
1692986509725518467 145.214870 0.000000
1692986509761548104 144.763841 0.000000
1692986509869883031 145.212223 0.000000
1692986509980052247 145.124198 0.000000
1692986510015615922 145.236660 0.000000
1692986510125180323 145.125652 0.000000
1692986510161396251 145.238854 0.000000
1692986510306778695 145.355193 0.000000
1692986510416315234 144.926919 0.000000
1692986510852957803 145.135370 0.000000
1692986511107576451 144.715041 0.000000
1692986511435286421 145.075146 0.000000
1692986511616237921 145.111615 0.000000
1692986511907518986 145.051335 0.000000
1692986512090549431 144.857270 0.000000
1692986512417374935 145.473133 0.000000
1692986512561799253 144.810562 0.000000
1692986512598917333 145.131033 0.000000
1692986512780407270 145.446165 0.000000
1692986512781118744 145.093855 0.000000
1692986512817588108 145.559437 0.000000
1692986512817675992 145.623607 0.000000
1692986513072250669 145.212385 0.000000
1692986513181015560 144.964008 0.000000
1692986513289872647 144.981481 0.000000
1692986513290017408 144.936146 0.000000
1692986513398829048 144.969901 0.000000
1692986513434989422 145.115723 0.000000
1692986513471522803 145.042434 0.000000
1692986513872675928 145.076859 0.000000
1692986513980663464 145.080610 0.000000
1692986514017683930 144.739619 0.000000
1692986514089847791 145.231710 0.000000
1692986514309050445 145.081801 0.000000
1692986514309085200 145.058246 0.000000
1692986514454422377 145.005165 0.000000
1692986514562277775 145.021346 0.000000
1692986514599243137 144.667673 0.000000
1692986514780106080 144.900098 0.000000
1692986515108148447 145.150590 0.000000
1692986515108396242 145.082091 0.000000
1692986515545696173 145.412251 0.000000
1692986515618009125 145.387412 0.000000
1692986515690263769 145.520352 0.000000
1692986515763383803 144.874712 0.000000
1692986515872460151 145.234887 0.000000
1692986515945116085 144.915699 0.000000
1692986515980909942 145.181686 0.000000
1692986516090672907 144.871687 0.000000
1692986516126717953 144.858471 0.000000
1692986516236092126 145.417506 0.000000
1692986516345752860 145.434132 0.000000
1692986516636662929 145.038688 0.000000
1692986516782030464 145.331097 0.000000
1692986516891150583 145.129469 0.000000
1692986516963031614 145.142733 0.000000
1692986517000447271 145.107810 0.000000
1692986517000505500 145.063937 0.000000
1692986517146115943 145.170678 0.000000
1692986517218232115 145.014325 0.000000
1692986517291291615 145.173870 0.000000
1692986517581796978 145.277656 0.000000
1692986517655226944 145.452753 0.000000
1692986517945260970 145.239866 0.000000
1692986517982035096 145.328042 0.000000
1692986518018617490 144.958069 0.000000
1692986518054702321 145.389164 0.000000
1692986518091958581 146.078279 0.000000
1692986518200096568 145.391833 0.000000
1692986518236747911 144.786887 0.000000
1692986518236783318 144.786355 0.000000
1692986518528806943 145.430603 0.000000
1692986518637201122 144.846439 0.000000
1692986519291687042 145.028650 0.000000
1692986519291723861 144.733096 0.000000
1692986519328220125 144.945825 0.000000
1692986519437319935 144.942940 0.000000
1692986519473605785 144.866867 0.000000
1692986519473777367 144.970822 0.000000
1692986519546137175 145.135529 0.000000
1692986519546138548 144.989085 0.000000
1692986519618890635 145.250285 0.000000
1692986519983517248 144.899478 0.000000
1692986520092328546 145.099672 0.000000
1692986520128529758 145.175887 0.000000
1692986520165052452 145.219169 0.000000
1692986520274200993 145.240517 0.000000
1692986520274981767 145.357046 0.000000
1692986520347373858 144.983546 0.000000
1692986520639082071 144.796205 0.000000
1692986520820487361 145.342999 0.000000
1692986521003247800 145.083713 0.000000
1692986521184703243 145.264412 0.000000
1692986521256691126 145.004066 0.000000
1692986521257337258 144.950466 0.000000
1692986521257591775 145.174957 0.000000
1692986521512230354 145.083634 0.000000
1692986521621123786 145.088061 0.000000
1692986521839887997 145.984003 0.000000
1692986521948899753 145.078384 0.000000
1692986522022459523 146.170421 0.000000
1692986522058492888 145.550577 0.000000
1692986522131044237 145.493360 0.000000
1692986522239350371 145.109591 0.000000
1692986522276138519 144.828814 0.000000
1692986522312145728 145.105244 0.000000
1692986522385949074 145.137575 0.000000
1692986522386012624 145.220971 0.000000
1692986522421508681 144.869102 0.000000
1692986522458662097 145.224938 0.000000
1692986522458864456 144.841959 0.000000
1692986522748766506 145.535171 0.000000
1692986522784766708 145.375310 0.000000
1692986522857660370 145.044479 0.000000
1692986523039369129 145.156940 0.000000
1692986523112636271 144.710506 0.000000
1692986523259052622 145.080557 0.000000
1692986523404204503 145.339723 0.000000
1692986523440109628 145.548434 0.000000
1692986523622032407 145.287345 0.000000
1692986523767315364 145.280693 0.000000
1692986523840561907 144.907293 0.000000
1692986524131585419 145.302014 0.000000
1692986524204081604 145.349351 0.000000
1692986524459454607 144.928440 0.000000
1692986524495340625 145.627340 0.000000
1692986524568177429 145.408019 0.000000
1692986524714409466 145.358249 0.000000
1692986524787502160 145.375909 0.000000
1692986524823369736 145.254824 0.000000
1692986524895896679 145.280901 0.000000
1692986524931997212 145.384259 0.000000
1692986525187164338 145.067672 0.000000
1692986525260017625 145.149787 0.000000
1692986525260093477 145.150729 0.000000
1692986525515199862 145.034021 0.000000
1692986525769811279 145.495066 0.000000
1692986525915107581 144.953639 0.000000
1692986525951935778 145.262920 0.000000
1692986526023668148 145.270250 0.000000
1692986526242057308 145.582270 0.000000
1692986526242085260 145.044321 0.000000
1692986526278686790 144.887456 0.000000
1692986526496437812 145.067484 0.000000
1692986526679165962 145.169677 0.000000
1692986526679715623 145.338985 0.000000
1692986526824201266 145.033841 0.000000
1692986526860918843 145.526564 0.000000
1692986526896351643 144.905682 0.000000
1692986527114747492 145.056042 0.000000
1692986527115692253 144.990058 0.000000
1692986527224522989 144.966583 0.000000
1692986527260963488 144.854574 0.000000
1692986527369603527 145.117428 0.000000
1692986527515063095 144.637166 0.000000
1692986527698478142 144.951467 0.000000
1692986527805808806 145.292876 0.000000
1692986528209530064 145.023490 0.000000
1692986528209546294 145.051392 0.000000
1692986528242720088 145.005156 0.000000
1692986528242749904 145.501377 0.000000
1692986528388250341 145.289792 0.000000
1692986528533710198 145.399123 0.000000
1692986528790881083 144.982825 0.000000
1692986528936437332 144.843002 0.000000
1692986529189711682 145.557674 0.000000
1692986529335303147 145.136111 0.000000
1692986529408004709 145.518220 0.000000
1692986529590501293 145.234375 0.000000
1692986529590887087 144.591952 0.000000
1692986529735814786 145.132124 0.000000
1692986529809470026 144.891453 0.000000
1692986529954699032 145.040032 0.000000
1692986530063409663 145.012269 0.000000
1692986530100047612 144.995698 0.000000
1692986530245056315 145.264572 0.000000
1692986530318734878 145.082952 0.000000
1692986530392046853 145.079455 0.000000
1692986530427190101 145.377146 0.000000
1692986530463565424 144.716513 0.000000
1692986530536940559 144.706546 0.000000
1692986530718478999 145.194801 0.000000
1692986530718536637 145.085416 0.000000
1692986530827272222 145.409212 0.000000
1692986530900345403 144.860736 0.000000
1692986530900922314 144.822655 0.000000
1692986531118295406 145.218496 0.000000
1692986531446126285 145.082932 0.000000
1692986531591678708 144.956276 0.000000
1692986531852419124 145.299257 0.000000
1692986531925277760 145.081559 0.000000
1692986531997599830 145.179223 0.000000
1692986532070397320 145.180805 0.000000
1692986532070432256 145.152833 0.000000
1692986532112334304 145.211593 0.000000
1692986532112448578 145.177639 0.000000
1692986532434318121 145.130321 0.000000
1692986532475980129 145.299719 0.000000
1692986532476024712 144.858422 0.000000
1692986532549034030 144.983075 0.000000
1692986532579962014 145.138016 0.000000
1692986532652647295 145.252510 0.000000
1692986532798087426 145.005957 0.000000
1692986533203658833 145.558565 0.000000
1692986533307170398 145.292136 0.000000
1692986533671113840 144.939073 0.000000
1692986533889240315 145.046143 0.000000
1692986533931275554 145.250127 0.000000
1692986534005111612 145.052385 0.000000
1692986534034867388 144.951887 0.000000
1692986534149897487 144.824638 0.000000
1692986534180719062 145.186447 0.000000
1692986534325611678 144.890061 0.000000
1692986534368087492 144.820402 0.000000
1692986534658726073 145.222935 0.000000
1692986534762268746 145.008423 0.000000
1692986534835069863 144.887216 0.000000
1692986534949888786 144.835438 0.000000
1692986535052814833 145.171629 0.000000
1692986535198274260 145.019823 0.000000
1692986535385820472 145.097249 0.000000
1692986535385858023 145.067823 0.000000
1692986535416568149 145.580718 0.000000
1692986535531105664 144.876706 0.000000
1692986535852977831 144.784702 0.000000
1692986535925787184 144.995399 0.000000
1692986536070804834 145.016147 0.000000
1692986536070837285 144.948600 0.000000
1692986536071394830 144.969731 0.000000
1692986536258610312 145.057574 0.000000
1692986536507556638 145.267356 0.000000
1692986536580510923 145.207626 0.000000
1692986536581065162 145.402711 0.000000
1692986536622101196 145.162711 0.000000
1692986536653336085 144.833423 0.000000
1692986536798444775 145.107187 0.000000
1692986536798730230 145.013351 0.000000
1692986536798849433 144.871675 0.000000
1692986536943833681 145.386051 0.000000
1692986536985789219 145.304007 0.000000
1692986537058630212 145.255967 0.000000
1692986537161964031 145.354670 0.000000
1692986537380017851 145.082511 0.000000
1692986537380264283 144.858922 0.000000
1692986537494508907 145.109369 0.000000
1692986537567313172 144.992933 0.000000
1692986537597876352 145.236169 0.000000
1692986537597908993 145.237230 0.000000
1692986537598446591 145.010025 0.000000
1692986537598513757 145.013661 0.000000
1692986537930981922 145.315097 0.000000
1692986537931006047 145.111976 0.000000
1692986538253038546 145.199803 0.000000
1692986538544030387 144.794451 0.000000
1692986538804147014 145.321699 0.000000
1692986538834923154 145.324024 0.000000
1692986538876721067 145.129489 0.000000
1692986539021948460 145.061663 0.000000
1692986539094704833 145.183501 0.000000
1692986539240041712 144.911512 0.000000
1692986539271701850 144.858001 0.000000
1692986539344678496 144.828805 0.000000
1692986539385069271 144.985820 0.000000
1692986539490071068 145.057915 0.000000
1692986539562902314 145.280363 0.000000
1692986539635599327 145.030997 0.000000
1692986539675865447 145.069087 0.000000
1692986539676452518 145.143146 0.000000
1692986539749264076 145.180406 0.000000
1692986539999240054 145.100977 0.000000
1692986540145369356 145.192987 0.000000
1692986540217633458 144.929136 0.000000
1692986540289988549 145.220019 0.000000
1692986540330801986 145.067903 0.000000
1692986540548469982 145.044299 0.000000
1692986540693761614 144.918542 0.000000
1692986540694134203 144.848732 0.000000
1692986540799456031 145.108450 0.000000
1692986540799735255 144.980419 0.000000
1692986540838842784 144.824228 0.000000
1692986540912058510 144.900972 0.000000
1692986540945109705 144.880754 0.000000
1692986541162963949 145.186216 0.000000
1692986541235973357 144.871304 0.000000
1692986541453835167 145.032207 0.000000
1692986541454319755 145.046824 0.000000
1692986541526854444 145.342670 0.000000
1692986541526922491 145.295701 0.000000
1692986541639445238 145.040384 0.000000
1692986541672632599 145.074416 0.000000
1692986541744939941 145.095435 0.000000
1692986541784738446 144.933092 0.000000
1692986542036200367 145.419352 0.000000
1692986542148408905 145.205351 0.000000
1692986542254546754 145.255506 0.000000
1692986542254553236 145.180615 0.000000
1692986542327119443 145.174675 0.000000
1692986542366990444 145.316953 0.000000
1692986542802902081 145.061722 0.000000
1692986542875716776 144.882366 0.000000
1692986542909877682 145.316681 0.000000
1692986543055327621 145.480076 0.000000
1692986543166069219 144.796545 0.000000
1692986543200686361 145.345425 0.000000
1692986543346588306 145.215829 0.000000
1692986543346645984 145.146489 0.000000
1692986543383685358 144.916471 0.000000
1692986543456451810 144.840979 0.000000
1692986543747298481 144.891354 0.000000
1692986543892777727 145.072113 0.000000
1692986543928760127 144.985490 0.000000
1692986544002659053 145.083314 0.000000
1692986544074186554 145.058196 0.000000
1692986544075084788 144.858322 0.000000
1692986544146486061 145.110944 0.000000
1692986544292017685 145.115263 0.000000
1692986544365494158 144.829887 0.000000
1692986544547158444 144.993044 0.000000
1692986544582632520 145.085897 0.000000
1692986544582677825 145.076219 0.000000
1692986544620009833 145.078422 0.000000
1692986544837663292 145.149234 0.000000
1692986544873651865 145.252189 0.000000
1692986544874456424 145.387012 0.000000
1692986544910515567 145.166107 0.000000
1692986544947319668 144.993143 0.000000
1692986545019565535 145.104152 0.000000
1692986545056135728 145.027660 0.000000
1692986545091998572 145.198758 0.000000
1692986545128742001 145.188300 0.000000
1692986545201546966 145.343561 0.000000
1692986545383530539 145.188290 0.000000
1692986545529373667 144.887546 0.000000
1692986545565148116 145.168701 0.000000
1692986545746905457 145.172911 0.000000
1692986546001993797 145.122255 0.000000
1692986546111316456 145.050151 0.000000
1692986546147233232 145.235959 0.000000
1692986546256576088 145.335364 0.000000
1692986546547218256 145.116425 0.000000
1692986546619807647 145.085918 0.000000
1692986546692137512 144.916701 0.000000
1692986546802399842 145.044940 0.000000
1692986546802422554 145.144957 0.000000
1692986546875370499 145.090196 0.000000
1692986546911316972 144.887076 0.000000
1692986546982910285 145.232393 0.000000
1692986546982942646 145.298508 0.000000
1692986547020598824 144.783310 0.000000
1692986547128133210 145.028119 0.000000
1692986547128165290 145.218506 0.000000
1692986547129676744 145.299839 0.000000
1692986547166138974 145.150019 0.000000
1692986547345972184 145.076199 0.000000
1692986547529779978 144.970150 0.000000
1692986547711056477 144.912313 0.000000
1692986547855674366 145.180435 0.000000
1692986547966424542 145.066171 0.000000
1692986548000849319 145.170715 0.000000
1692986548073762317 144.996599 0.000000
1692986548073816198 145.046652 0.000000
1692986548147561658 145.107159 0.000000
1692986548184154382 145.228325 0.000000
1692986548218936372 145.117379 0.000000
1692986548218968903 145.201556 0.000000
1692986548292632798 145.264212 0.000000
1692986548437022939 145.109270 0.000000
1692986548437376492 144.741570 0.000000
1692986548509741273 144.985699 0.000000
1692986548800718079 145.234387 0.000000
1692986548800756130 145.195113 0.000000
1692986548838323832 144.880493 0.000000
1692986549019221441 145.098491 0.000000
1692986549347385323 144.801625 0.000000
1692986549674541959 145.099873 0.000000
1692986549711240241 145.034230 0.000000
1692986549748121945 145.659843 0.000000
1692986549892745007 145.423382 0.000000
1692986549892772658 145.011770 0.000000
1692986549929352519 144.844136 0.000000
1692986549965754185 145.530491 0.000000
1692986550111398841 144.804711 0.000000
1692986550183870542 145.363710 0.000000
1692986550366267441 145.358710 0.000000
1692986550402058451 145.301481 0.000000
1692986550402074441 145.345013 0.000000
1692986550475755129 145.222886 0.000000
1692986550476007762 145.435344 0.000000
1692986550511763287 145.034372 0.000000
1692986550547725691 145.483014 0.000000
1692986550620282760 145.333212 0.000000
1692986550620906470 145.147444 0.000000
1692986550692756815 145.034710 0.000000
1692986550765781963 144.872719 0.000000
1692986551057014369 145.014454 0.000000
1692986551130298973 145.440873 0.000000
1692986551202260427 145.007471 0.000000
1692986551349210790 145.036966 0.000000
1692986551639414366 144.819820 0.000000
1692986551675547749 145.164126 0.000000
1692986551711607946 145.195094 0.000000
1692986551748259992 145.203410 0.000000
1692986551748285159 144.899049 0.000000
1692986551821233602 145.153244 0.000000
1692986551858733877 145.761344 0.000000
1692986551893985588 145.202115 0.000000
1692986552039289014 145.315779 0.000000
1692986552075369338 145.257691 0.000000
1692986552148354290 145.189633 0.000000
1692986552513474390 145.067536 0.000000
1692986552586263515 144.931789 0.000000
1692986552731225761 145.234877 0.000000
1692986552840276962 145.405026 0.000000
1692986553094760109 145.068516 0.000000
1692986553204080444 145.291153 0.000000
1692986553458434809 145.193389 0.000000
1692986553567527047 145.129491 0.000000
1692986554041632903 145.160488 0.000000
1692986554076951048 145.103682 0.000000
1692986554076983338 145.190054 0.000000
1692986554077007133 144.964822 0.000000
1692986554113089148 145.179954 0.000000
1692986554768564028 145.531071 0.000000
1692986554804843895 145.608938 0.000000
1692986554840394587 145.407393 0.000000
1692986554877687723 145.467484 0.000000
1692986554877768554 145.429804 0.000000
1692986554949715622 144.948040 0.000000
1692986555095405682 145.062223 0.000000
1692986555095666642 145.120312 0.000000
1692986555204334994 145.467343 0.000000
1692986555204985293 145.151240 0.000000
1692986555240391343 145.129050 0.000000
1692986555386926247 145.117596 0.000000
1692986555458539758 145.242511 0.000000
1692986555641055980 145.200892 0.000000
1692986555676830400 145.150068 0.000000
1692986555787060758 144.759313 0.000000
1692986555822335423 145.502738 0.000000
1692986555931720910 145.226994 0.000000
1692986555967839216 145.066603 0.000000
1692986556113191693 144.778420 0.000000
1692986556150915788 145.759059 0.000000
1692986556186654162 145.271315 0.000000
1692986556258729769 145.115173 0.000000
1692986556295139540 145.176578 0.000000
1692986556622701785 145.134006 0.000000
1692986556622704901 145.364489 0.000000
1692986556732110776 145.501539 0.000000
1692986556732432709 144.938593 0.000000
1692986556768434647 145.211214 0.000000
1692986556876941165 145.186758 0.000000
1692986556876962936 144.849505 0.000000
1692986556878188003 145.476421 0.000000
1692986557059297538 145.290841 0.000000
1692986557095564181 145.343680 0.000000
1692986557131780610 144.983937 0.000000
1692986557495857804 145.094715 0.000000
1692986557531734205 145.058025 0.000000
1692986557641714506 145.271695 0.000000
1692986558223378786 145.192940 0.000000
1692986558333046091 145.142275 0.000000
1692986558623900868 145.170549 0.000000
1692986558697456469 144.980701 0.000000
1692986558770297753 145.029351 0.000000
1692986558878684717 144.813989 0.000000
1692986559278932806 145.046724 0.000000
1692986559605840336 145.052817 0.000000
1692986559606227602 145.071973 0.000000
1692986559823848358 145.246959 0.000000
1692986559970002969 145.157772 0.000000
1692986560080845348 145.988742 0.000000
1692986560115282721 145.165889 0.000000
1692986560188244120 145.446232 0.000000
1692986560225891803 145.036687 0.000000
1692986560298431459 144.744707 0.000000
1692986560443985425 144.942179 0.000000
1692986560479099688 144.909167 0.000000
1692986560515423508 144.987164 0.000000
1692986560515988016 145.078475 0.000000
1692986560769873482 145.046654 0.000000
1692986560915511566 145.635669 0.000000
1692986561061084527 145.545490 0.000000
1692986561206430602 144.932590 0.000000
1692986561243033374 145.181655 0.000000
1692986561243732695 145.089734 0.000000
1692986561352151281 145.215842 0.000000
1692986561534085582 145.189172 0.000000
1692986561606554859 144.934255 0.000000
1692986561971285949 144.898379 0.000000
1692986562006708059 145.065661 0.000000
1692986562079876443 145.486767 0.000000
1692986562225328259 145.450223 0.000000
1692986562225344008 145.100056 0.000000
1692986562334915333 145.118109 0.000000
1692986562480542186 145.034712 0.000000
1692986562880385005 145.213168 0.000000
1692986562916682696 145.364822 0.000000
1692986562990594457 145.207767 0.000000
1692986563136170794 144.987764 0.000000
1692986563171841380 145.350975 0.000000
1692986563426255626 145.187949 0.000000
1692986563535338917 144.861338 0.000000
1692986563789297561 145.193420 0.000000
1692986563863048068 144.732105 0.000000
1692986563899152197 144.816364 0.000000
1692986564080410972 144.848923 0.000000
1692986564116684680 145.021661 0.000000
1692986564226428527 144.690657 0.000000
1692986564262863656 145.221682 0.000000
1692986564298922100 144.728460 0.000000
1692986564335060131 145.090968 0.000000
1692986564407744650 145.340797 0.000000
1692986564516803795 144.823799 0.000000
1692986564661793042 144.988114 0.000000
1692986564698549264 144.866918 0.000000
1692986564698992174 145.259554 0.000000
1692986564735647085 145.057655 0.000000
1692986564807556219 145.180765 0.000000
1692986564880178504 145.531283 0.000000
1692986564989899750 145.212466 0.000000
1692986565061763542 145.337812 0.000000
1692986565279838671 145.236241 0.000000
1692986565498504707 144.947408 0.000000
1692986565498546956 144.976432 0.000000
1692986565643396080 144.889721 0.000000
1692986565681398517 145.709746 0.000000
1692986565716201275 144.872596 0.000000
1692986565752688923 145.120273 0.000000
1692986565826858967 144.986732 0.000000
1692986565970958226 144.986552 0.000000
1692986565971022386 145.082603 0.000000
1692986566044604008 144.971463 0.000000
1692986566189230796 145.225109 0.000000
1692986566189678946 145.017720 0.000000
1692986566480520338 144.746762 0.000000
1692986566516857233 145.165027 0.000000
1692986566626417288 145.356526 0.000000
1692986566662120755 144.832554 0.000000
1692986566734944304 145.292815 0.000000
1692986566771912933 144.963788 0.000000
1692986566844808278 144.739201 0.000000
1692986566880176986 145.230007 0.000000
1692986567353619182 145.124771 0.000000
1692986567389407116 144.888477 0.000000
1692986567753706930 145.142405 0.000000
1692986568008849982 145.498641 0.000000
1692986568081255078 145.656016 0.000000
1692986568154537238 144.783292 0.000000
1692986568190113306 145.080700 0.000000
1692986568408341423 145.324195 0.000000
1692986568517781341 145.094765 0.000000
1692986568626774402 145.113008 0.000000
1692986568699642587 145.391513 0.000000
1692986568954426016 145.101797 0.000000
1692986569245005577 145.075218 0.000000
1692986569427088017 145.295914 0.000000
1692986569681461239 145.119382 0.000000
1692986569718529703 145.142143 0.000000
1692986569755550220 145.005407 0.000000
1692986570009376825 145.161969 0.000000
1692986570009405188 145.315768 0.000000
1692986570120085153 145.575196 0.000000
1692986570155376688 145.186377 0.000000
1692986570264878031 144.779173 0.000000
1692986570300863127 145.149137 0.000000
1692986570409837542 144.958280 0.000000
1692986570700622379 145.314627 0.000000
1692986570736642389 145.106297 0.000000
1692986570773220596 145.141271 0.000000
1692986570919013560 144.876686 0.000000
1692986571173853045 145.078174 0.000000
1692986571246405156 145.293767 0.000000
1692986571246426126 144.781687 0.000000
1692986571355660981 145.274222 0.000000
1692986571356116234 145.504954 0.000000
1692986571429305909 145.225680 0.000000
1692986571573993363 144.743649 0.000000
1692986571646180528 145.153713 0.000000
1692986571646986228 144.643437 0.000000
1692986571828433759 145.289820 0.000000
1692986571864515695 144.744077 0.000000
1692986572155378669 145.032178 0.000000
1692986572192465119 144.900152 0.000000
1692986572337712931 144.943241 0.000000
1692986572373538528 145.312945 0.000000
1692986572373569646 145.047818 0.000000
1692986572482842580 145.127266 0.000000
1692986572518802709 144.950443 0.000000
1692986572556126454 145.082672 0.000000
1692986572810862955 145.244866 0.000000
1692986572846378291 144.848744 0.000000
1692986572955531022 144.969783 0.000000
1692986572956162075 144.788392 0.000000
1692986573028978542 144.917653 0.000000
1692986573209604369 144.980351 0.000000
1692986573209982829 144.869523 0.000000
1692986573283164851 145.037116 0.000000
1692986573427914749 145.299368 0.000000
1692986573718771468 145.243563 0.000000
1692986573756374697 144.858522 0.000000
1692986573973662600 145.111755 0.000000
1692986573974392779 145.019873 0.000000
1692986573974944874 144.871866 0.000000
1692986574083275544 144.985130 0.000000
1692986574155475172 145.215610 0.000000
1692986574191620489 144.994526 0.000000
1692986574264521666 144.922492 0.000000
1692986574300907442 145.279805 0.000000
1692986574373792207 144.898948 0.000000
1692986574411346624 145.469567 0.000000
1692986574701837569 144.889971 0.000000
1692986574701848480 145.042697 0.000000
1692986574737328979 145.116165 0.000000
1692986574737866216 145.063626 0.000000
1692986574920296168 145.090339 0.000000
1692986574992444632 145.013703 0.000000
1692986575028907753 145.314357 0.000000
1692986575101695957 145.297514 0.000000
1692986575283928099 145.455913 0.000000
1692986575356388197 144.984848 0.000000
