1692986426318266417 146.049052 0.000000
1692986427700494303 146.021810 0.000000
1692986428316957761 145.673829 0.000000
1692986428790606983 145.802748 0.000000
1692986430571991981 145.877370 0.000000
1692986431263486198 145.298815 0.000000
1692986432209349715 145.911493 0.000000
1692986432574165940 145.138194 0.000000
1692986432790562377 217.967643 0.000000
1692986432865285547 146.335968 0.000000
1692986433373614306 146.309889 0.000000
1692986434173102341 145.674798 0.000000
1692986434682992359 145.727970 0.000000
1692986435266161220 145.555086 0.000000
1692986435374448857 145.545719 0.000000
1692986435920000073 145.716999 0.000000
1692986436138532184 145.733209 0.000000
1692986436575185689 218.014552 0.000000
1692986437047320042 145.966997 0.000000
1692986437338700620 146.301676 0.000000
1692986437883654796 146.002044 0.000000
1692986438101941558 145.547133 0.000000
1692986438247640744 145.396027 0.000000
1692986438392392544 145.406427 0.000000
1692986438501698610 145.838927 0.000000
1692986440284252710 145.417678 0.000000
1692986440684683326 145.933717 0.000000
1692986440794087155 145.208096 0.000000
1692986441012229486 145.898900 0.000000
1692986441084646913 145.500783 0.000000
1692986441957300097 145.370769 0.000000
1692986442831273156 146.086684 0.000000
1692986443776082188 145.987567 0.000000
1692986444723728329 145.613405 0.000000
1692986445704480476 145.568932 0.000000
1692986447051035265 145.703653 0.000000
1692986447159071621 145.577018 0.000000
1692986448032530757 145.495765 0.000000
1692986448142969736 145.860978 0.000000
1692986448177423039 145.241647 0.000000
1692986449596830144 145.476058 0.000000
1692986449597792408 145.564654 0.000000
1692986449961244427 145.520373 0.000000
1692986450108182965 146.136965 0.000000
1692986450326411390 146.011272 0.000000
1692986450471020423 145.947282 0.000000
1692986451126161428 145.124598 0.000000
1692986452945074908 145.647410 0.000000
1692986453562954745 146.547085 0.000000
1692986453672189689 146.038563 0.000000
1692986453744698989 146.238137 0.000000
1692986453744766084 145.827998 0.000000
1692986453816565353 145.987636 0.000000
1692986453890646821 145.989611 0.000000
1692986454507533507 145.368336 0.000000
1692986455053312971 146.135885 0.000000
1692986455491033727 145.726818 0.000000
1692986455927595923 146.077467 0.000000
1692986456290257027 145.135429 0.000000
1692986456435548509 145.691021 0.000000
1692986456435681709 145.266876 0.000000
1692986458035396175 145.677957 0.000000
1692986459053702541 145.531982 0.000000
1692986459128733849 145.765280 0.000000
1692986459163684543 145.730012 0.000000
1692986460218953087 146.125707 0.000000
1692986461019265068 145.600862 0.000000
1692986461747494968 146.263003 0.000000
1692986462037297769 145.235917 0.000000
1692986462547402200 145.911102 0.000000
1692986462983765492 145.738750 0.000000
1692986463128588817 145.400748 0.000000
1692986464220062025 145.512617 0.000000
1692986464584040250 146.256771 0.000000
1692986464584223654 146.263093 0.000000
1692986464692710844 145.668298 0.000000
1692986464838724131 146.058441 0.000000
1692986465856073553 145.987396 0.000000
1692986465893679016 145.647370 0.000000
1692986466620243087 218.190714 0.000000
1692986466692362426 145.472162 0.000000
1692986466802343668 146.162295 0.000000
1692986466984715408 146.016864 0.000000
1692986467492602061 145.919399 0.000000
1692986468365602239 145.947923 0.000000
1692986468511862257 145.698425 0.000000
1692986471130668721 145.953131 0.000000
1692986472112314638 145.255834 0.000000
1692986473495438122 146.235914 0.000000
1692986473713551601 145.437307 0.000000
1692986474405211051 146.392475 0.000000
1692986474440557008 145.594560 0.000000
1692986474550488407 219.335488 0.000000
1692986475861875330 145.928237 0.000000
1692986475897246704 145.706090 0.000000
1692986475933611371 145.119280 0.000000
1692986476006851381 145.846343 0.000000
1692986476443193294 145.033710 0.000000
1692986477317458544 145.838779 0.000000
1692986477389759741 146.254314 0.000000
1692986478334900882 145.524179 0.000000
1692986478443315008 145.963563 0.000000
1692986478661459493 145.332880 0.000000
1692986478880273125 146.248317 0.000000
1692986478989387703 145.860609 0.000000
1692986479208639236 146.040517 0.000000
1692986479499416123 145.463395 0.000000
1692986480699846067 146.017323 0.000000
1692986480809318244 146.203001 0.000000
1692986480845310621 145.460656 0.000000
1692986481901064991 145.425795 0.000000
1692986481936440893 145.530851 0.000000
1692986482918538609 145.445271 0.000000
1692986483138305447 146.439976 0.000000
1692986483173320894 146.064141 0.000000
1692986483391713266 145.551139 0.000000
1692986483681881392 145.858194 0.000000
1692986484955638690 217.590338 0.000000
1692986486265368649 145.490154 0.000000
1692986486410985031 145.613827 0.000000
1692986487246203046 145.293917 0.000000
1692986489247685341 146.050233 0.000000
1692986489320756377 145.908610 0.000000
1692986489429043133 145.579522 0.000000
1692986489574132666 145.435732 0.000000
1692986489574167160 145.121702 0.000000
1692986489792115139 145.589691 0.000000
1692986491065644821 145.376120 0.000000
1692986492628532173 145.304025 0.000000
1692986493174932606 145.569264 0.000000
1692986493829919353 145.783494 0.000000
1692986494010819866 145.876268 0.000000
1692986494592994116 145.345834 0.000000
1692986494703263298 145.908278 0.000000
1692986495939552469 145.701407 0.000000
1692986496739628052 145.535350 0.000000
1692986496740038252 145.536672 0.000000
1692986496776326585 146.215475 0.000000
1692986496812855530 146.043102 0.000000
1692986497831755233 145.198509 0.000000
1692986498706936694 145.843981 0.000000
1692986498777923159 145.763317 0.000000
1692986500050478195 145.508560 0.000000
1692986500050556923 145.169454 0.000000
1692986500234389062 145.864307 0.000000
1692986501252297656 145.515363 0.000000
1692986501616188368 145.422869 0.000000
1692986501688009758 145.543873 0.000000
1692986502052415517 145.538776 0.000000
1692986502124724522 144.824228 0.000000
1692986504342857330 145.656096 0.000000
1692986504342970762 145.242309 0.000000
1692986505035004577 145.793403 0.000000
1692986505107745222 145.745073 0.000000
1692986506199492970 145.934730 0.000000
1692986506490200898 145.444490 0.000000
1692986506670119330 217.680449 0.000000
1692986506852456767 145.382945 0.000000
1692986506854295665 146.039266 0.000000
1692986506999377052 145.990872 0.000000
1692986507361418117 145.020134 0.000000
1692986507762396302 146.129813 0.000000
1692986508308588886 146.129525 0.000000
1692986508453923500 145.511335 0.000000
1692986508780080189 218.383977 0.000000
1692986509399122950 146.337472 0.000000
1692986509580359231 146.149652 0.000000
1692986509907853468 145.314446 0.000000
1692986509980078195 145.823979 0.000000
1692986510199421240 145.361384 0.000000
1692986510999892535 145.934828 0.000000
1692986511362587495 145.281322 0.000000
1692986512309430941 145.975557 0.000000
1692986512745764992 145.739422 0.000000
1692986512963734523 145.452695 0.000000
1692986513071502146 145.320758 0.000000
1692986514017172291 145.560538 0.000000
1692986514054523417 145.023851 0.000000
1692986514417280975 145.309937 0.000000
1692986514526361620 145.937965 0.000000
1692986515690679569 145.966189 0.000000
1692986515690685379 145.200734 0.000000
1692986515799530131 145.011609 0.000000
1692986516200656382 146.274625 0.000000
1692986517037154090 144.959219 0.000000
1692986517073247145 145.340633 0.000000
1692986517109737870 145.820615 0.000000
1692986517110817224 145.709487 0.000000
1692986517328520935 145.829521 0.000000
1692986517692248332 145.954715 0.000000
1692986518055215703 145.750050 0.000000
1692986518128000863 146.014228 0.000000
1692986518347387228 146.221165 0.000000
1692986518419761566 145.569614 0.000000
1692986518454791950 145.391050 0.000000
1692986519220221659 146.057470 0.000000
1692986519729258363 145.507247 0.000000
1692986520020894302 145.693506 0.000000
1692986520201819181 145.610631 0.000000
1692986520312072534 145.909029 0.000000
1692986520929976772 146.084028 0.000000
1692986521330761674 146.021882 0.000000
1692986521549654315 145.718465 0.000000
1692986521948872151 145.872854 0.000000
1692986522059410899 145.733730 0.000000
1692986522131401246 146.116388 0.000000
1692986523077420286 145.669003 0.000000
1692986523732640055 145.381873 0.000000
1692986524023147899 145.992246 0.000000
1692986524170165769 146.645622 0.000000
1692986525260501562 145.840442 0.000000
1692986525334355243 145.801931 0.000000
1692986525843063943 145.769670 0.000000
1692986526061082695 145.156860 0.000000
1692986526133865439 146.263585 0.000000
1692986527153927487 146.709882 0.000000
1692986527226414645 146.717656 0.000000
1692986527663532816 145.696011 0.000000
1692986527881889683 146.689684 0.000000
1692986528172848293 145.602125 0.000000
1692986528790555602 146.028325 0.000000
1692986529191409145 145.998890 0.000000
1692986529191854489 146.400413 0.000000
1692986529337766856 145.849198 0.000000
1692986529409809392 145.285904 0.000000
1692986529410567092 145.857314 0.000000
1692986529517581633 145.538717 0.000000
1692986529590728780 146.153008 0.000000
1692986529773681589 146.510480 0.000000
1692986530210668905 146.114586 0.000000
1692986530355060061 145.547674 0.000000
1692986531156456841 145.533216 0.000000
1692986531814761701 146.177402 0.000000
1692986531966709867 217.841059 0.000000
1692986533204417035 145.936454 0.000000
1692986534150105968 145.917397 0.000000
1692986535604637672 145.601724 0.000000
1692986536070832326 145.955218 0.000000
1692986536331957464 145.572430 0.000000
1692986536331983493 145.301942 0.000000
1692986536623261191 145.794486 0.000000
1692986536768197247 145.341376 0.000000
1692986538004335485 145.824592 0.000000
1692986538108174101 145.649456 0.000000
1692986538398786874 145.618465 0.000000
1692986538586319390 145.745403 0.000000
1692986539635647688 145.411500 0.000000
1692986540767794993 146.089270 0.000000
1692986541494614418 145.124890 0.000000
1692986542003222168 145.690441 0.000000
1692986542512740596 145.268119 0.000000
1692986542983057168 145.900485 0.000000
1692986543165378655 145.349762 0.000000
1692986543529531291 145.312644 0.000000
1692986544330621667 145.881837 0.000000
1692986545237732146 145.539470 0.000000
1692986545275456722 145.516665 0.000000
1692986545638700773 146.103755 0.000000
1692986545929487372 146.101542 0.000000
1692986545929498984 145.024723 0.000000
1692986546149071268 146.029867 0.000000
1692986546621316867 146.021733 0.000000
1692986547057426478 145.783476 0.000000
1692986547239164412 145.098021 0.000000
1692986547783980024 145.297896 0.000000
1692986547930057049 145.297443 0.000000
1692986548075640879 146.114986 0.000000
1692986548184146878 145.277878 0.000000
1692986548220635758 145.542205 0.000000
1692986548257860648 145.958284 0.000000
1692986548330092599 145.443599 0.000000
1692986548512411029 146.206438 0.000000
1692986548621439025 145.361765 0.000000
1692986548802294745 146.027063 0.000000
1692986548839948027 146.143992 0.000000
1692986549349026310 146.847620 0.000000
1692986549384046164 145.692925 0.000000
1692986549857836902 145.869949 0.000000
1692986550584150158 145.298877 0.000000
1692986551203578748 146.128492 0.000000
1692986551493581486 145.306941 0.000000
1692986552258303443 146.196430 0.000000
1692986552768347716 145.808521 0.000000
1692986554805451314 145.511175 0.000000
1692986555897588590 146.047110 0.000000
1692986557750193493 145.434911 0.000000
1692986557788030151 145.434734 0.000000
1692986558078904323 146.071194 0.000000
1692986558515873566 146.253626 0.000000
1692986558808014465 145.832378 0.000000
1692986559315394646 145.467494 0.000000
1692986559388340314 145.668372 0.000000
1692986559535096695 146.027815 0.000000
1692986559934018705 146.279155 0.000000
1692986560117169619 146.766149 0.000000
1692986560188797017 145.497108 0.000000
1692986560188811103 145.984672 0.000000
1692986560224476189 145.776283 0.000000
1692986560408484327 146.001936 0.000000
1692986560770367308 145.898411 0.000000
1692986561643483985 145.451756 0.000000
1692986561826738658 145.919278 0.000000
1692986561935588052 145.528820 0.000000
1692986562153724235 145.289689 0.000000
1692986562444315216 145.415635 0.000000
1692986562517529811 145.149418 0.000000
1692986563827035422 146.180791 0.000000
1692986563898870620 145.653433 0.000000
1692986564044446436 145.855552 0.000000
1692986564408837720 146.069813 0.000000
1692986564700163360 146.134695 0.000000
1692986564844898139 145.777835 0.000000
1692986564917142333 144.937649 0.000000
1692986565244437007 146.020870 0.000000
1692986566008846689 145.822170 0.000000
1692986567099823663 146.155813 0.000000
1692986567754595546 145.500546 0.000000
1692986567827801071 145.817659 0.000000
1692986568518196630 146.100782 0.000000
1692986568735388664 145.275233 0.000000
1692986569938086610 145.883452 0.000000
1692986570084021261 145.933128 0.000000
1692986570446610565 145.063686 0.000000
1692986570628023951 146.062521 0.000000
1692986571137505810 145.726758 0.000000
1692986571321052606 146.441499 0.000000
1692986571465505388 145.708997 0.000000
1692986571973716395 145.471720 0.000000
1692986573319545419 145.556160 0.000000
1692986573502816606 145.793524 0.000000
1692986573502851441 145.616221 0.000000
1692986573575450890 145.926944 0.000000
1692986574956308014 145.447678 0.000000
1692986574957245622 145.379871 0.000000
