1692986426279994144 144.947847 0.000000
1692986426534841248 145.194007 0.000000
1692986426607601808 145.150325 0.000000
1692986426681014993 144.769292 0.000000
1692986426716939714 145.068321 0.000000
1692986426753875612 145.203558 0.000000
1692986426825830591 145.257666 0.000000
1692986427043686437 145.177569 0.000000
1692986427044587957 144.620825 0.000000
1692986427118047939 145.403191 0.000000
1692986427189556981 145.015511 0.000000
1692986427190433254 144.993360 0.000000
1692986427261883550 145.088721 0.000000
1692986427263260441 145.142782 0.000000
1692986427626306405 145.258087 0.000000
1692986427626625674 144.901399 0.000000
1692986427699224873 144.789310 0.000000
1692986427771360141 145.048666 0.000000
1692986427844933556 145.255644 0.000000
1692986427844999480 144.957906 0.000000
1692986427916639519 145.201261 0.000000
1692986427989276618 145.248018 0.000000
1692986427989922098 144.986087 0.000000
1692986428061940929 144.995216 0.000000
1692986428171279304 145.206059 0.000000
1692986428208605685 145.567048 0.000000
1692986428243910243 145.093701 0.000000
1692986428498750565 144.866184 0.000000
1692986428571311932 145.033026 0.000000
1692986428789402014 145.192253 0.000000
1692986428826330950 145.225367 0.000000
1692986428863103030 144.812022 0.000000
1692986429081169830 144.949872 0.000000
1692986429153685712 144.760826 0.000000
1692986429589194601 144.820518 0.000000
1692986429662592496 144.859390 0.000000
1692986429734723949 145.101766 0.000000
1692986429735697815 145.279049 0.000000
1692986429807665809 145.051632 0.000000
1692986430099640520 144.966772 0.000000
1692986430208588837 145.786090 0.000000
1692986430244797898 144.879767 0.000000
1692986430389858358 145.058627 0.000000
1692986430462925714 144.855794 0.000000
1692986430463292351 145.146539 0.000000
1692986430681330937 144.960409 0.000000
1692986430753931980 145.245996 0.000000
1692986430826510420 145.325497 0.000000
1692986430972772881 146.219020 0.000000
1692986431045026692 145.193949 0.000000
1692986431080400030 145.105463 0.000000
1692986431263254343 144.649307 0.000000
1692986431408179828 144.918842 0.000000
1692986431627340479 145.196664 0.000000
1692986431845345783 144.986220 0.000000
1692986431845430783 145.039189 0.000000
1692986432063600196 144.987392 0.000000
1692986432064323712 145.161407 0.000000
1692986432099078901 145.219286 0.000000
1692986432136394961 144.974137 0.000000
1692986432171973603 145.083182 0.000000
1692986432172512804 145.113459 0.000000
1692986432244849210 145.016175 0.000000
1692986432281814001 145.453795 0.000000
1692986432282012503 145.471709 0.000000
1692986432354584310 145.233022 0.000000
1692986432645321492 145.018570 0.000000
1692986432791518009 145.145236 0.000000
1692986432864830684 145.799363 0.000000
1692986433008700339 145.133674 0.000000
1692986433009688151 145.035530 0.000000
1692986433190440874 145.058983 0.000000
1692986433372765484 145.505421 0.000000
1692986433591787346 145.655304 0.000000
1692986433626924700 145.110571 0.000000
1692986433663835912 145.624907 0.000000
1692986433810175948 145.239794 0.000000
1692986433882046180 145.021364 0.000000
1692986433882329451 144.844393 0.000000
1692986433882679698 144.870492 0.000000
1692986433990622850 145.314054 0.000000
1692986434100370794 145.064415 0.000000
1692986434174188126 145.372100 0.000000
1692986434318557689 145.388413 0.000000
1692986434427549938 145.439330 0.000000
1692986434610090833 145.800955 0.000000
1692986434683525168 145.305428 0.000000
1692986434755938147 145.211351 0.000000
1692986434756379535 145.327770 0.000000
1692986434791663545 145.381031 0.000000
1692986434900861348 144.959819 0.000000
1692986434937313398 145.628072 0.000000
1692986435082842285 145.329483 0.000000
1692986435118995705 145.464075 0.000000
1692986435409659619 145.187726 0.000000
1692986435554990205 145.328502 0.000000
1692986435628808657 145.017796 0.000000
1692986435847990278 145.147420 0.000000
1692986436029302631 145.094561 0.000000
1692986436210672532 145.016415 0.000000
1692986436357169754 145.138424 0.000000
1692986436537903522 145.324184 0.000000
1692986436647135679 144.841737 0.000000
1692986436683634988 145.326727 0.000000
1692986436720006187 144.919515 0.000000
1692986436828473670 144.884337 0.000000
1692986436938709099 144.816280 0.000000
1692986436939055849 145.045269 0.000000
1692986437229188308 144.943860 0.000000
1692986437301396532 144.953728 0.000000
1692986437447449761 144.828883 0.000000
1692986437519732778 144.972113 0.000000
1692986437555736998 144.913102 0.000000
1692986437629217759 144.935453 0.000000
1692986437665568778 144.956171 0.000000
1692986437665928322 145.106543 0.000000
1692986437666090536 145.107114 0.000000
1692986437846897283 144.848481 0.000000
1692986438100493774 145.216151 0.000000
1692986438137440722 145.245467 0.000000
1692986438174677744 145.038518 0.000000
1692986438210059728 144.719309 0.000000
1692986438318810523 145.145148 0.000000
1692986438537492266 144.954470 0.000000
1692986438574361858 145.577497 0.000000
1692986438975939504 145.726188 0.000000
1692986439083534883 145.514922 0.000000
1692986439228656135 145.119749 0.000000
1692986439228707471 145.150647 0.000000
1692986439628277042 144.992602 0.000000
1692986439702025214 145.129868 0.000000
1692986439702132585 144.935565 0.000000
1692986439737671664 145.022077 0.000000
1692986439847063580 144.906799 0.000000
1692986439847980669 145.149073 0.000000
1692986440029398270 144.823994 0.000000
1692986440211105654 144.829074 0.000000
1692986440283744216 145.074204 0.000000
1692986440357113378 145.301590 0.000000
1692986440574659392 145.035160 0.000000
1692986440610712785 145.136111 0.000000
1692986440610910486 144.796123 0.000000
1692986440648096873 144.837340 0.000000
1692986441010435744 145.326367 0.000000
1692986441156385970 145.518246 0.000000
1692986441230169568 145.282555 0.000000
1692986441374465544 145.185483 0.000000
1692986441374632888 145.307442 0.000000
1692986441520971522 145.423389 0.000000
1692986441556666242 145.046141 0.000000
1692986441702297641 145.114780 0.000000
1692986441739283812 145.009723 0.000000
1692986442029603100 145.159593 0.000000
1692986442102991979 144.838683 0.000000
1692986442320803321 145.152782 0.000000
1692986442612191063 144.889617 0.000000
1692986442721650096 145.585493 0.000000
1692986442757280334 145.222762 0.000000
1692986442758063362 145.060006 0.000000
1692986442793291068 145.186615 0.000000
1692986442902437374 145.154846 0.000000
1692986442903352830 144.846518 0.000000
1692986442976036258 144.760837 0.000000
1692986443049474249 145.221351 0.000000
1692986443121803771 144.974637 0.000000
1692986443194757846 145.080136 0.000000
1692986443412467665 145.251144 0.000000
1692986443557942119 145.043898 0.000000
1692986443703941068 145.117205 0.000000
1692986443775277619 145.218065 0.000000
1692986443848890378 144.945803 0.000000
1692986443848924472 145.012147 0.000000
1692986444067846866 145.179953 0.000000
1692986444249674876 145.324514 0.000000
1692986444358221628 145.236357 0.000000
1692986444394618546 144.940153 0.000000
1692986444431045067 144.980568 0.000000
1692986444540374047 145.151509 0.000000
1692986444540911124 145.066239 0.000000
1692986444577285820 145.317983 0.000000
1692986444758774804 145.043016 0.000000
1692986444794649520 145.250533 0.000000
1692986445085940741 145.009181 0.000000
1692986445159300638 144.803358 0.000000
1692986445340391495 145.126251 0.000000
1692986445886963645 144.822823 0.000000
1692986445995569087 145.646948 0.000000
1692986446177421412 145.267536 0.000000
1692986446396057039 145.318343 0.000000
1692986446468314285 145.425373 0.000000
1692986446759602349 144.709189 0.000000
1692986446760405946 145.095454 0.000000
1692986446905286768 145.530921 0.000000
1692986446940436816 145.149835 0.000000
1692986446978137527 144.927429 0.000000
1692986447013526123 144.956313 0.000000
1692986447085876476 145.436915 0.000000
1692986447633135032 144.957615 0.000000
1692986447633380753 145.180132 0.000000
1692986447705757946 144.824438 0.000000
1692986447741145220 145.381671 0.000000
1692986447924516773 144.964109 0.000000
1692986447997305457 144.853731 0.000000
1692986448068507866 145.083350 0.000000
1692986448069703929 144.690925 0.000000
1692986448250339954 144.941335 0.000000
1692986448687215105 145.182597 0.000000
1692986448724258213 145.162148 0.000000
1692986448797939320 145.463244 0.000000
1692986448905458776 145.298635 0.000000
1692986449015617691 144.846296 0.000000
1692986449087510185 145.162020 0.000000
1692986449233656167 144.876502 0.000000
1692986449378944142 144.884588 0.000000
1692986449452023050 145.702972 0.000000
1692986449452138166 145.259341 0.000000
1692986449560743289 144.947959 0.000000
1692986449596867564 145.238603 0.000000
1692986449633016967 145.328181 0.000000
1692986449815722392 145.290310 0.000000
1692986449816008128 144.985749 0.000000
1692986449851048492 145.128007 0.000000
1692986450543117030 144.885452 0.000000
1692986450615584531 145.110302 0.000000
1692986450761051151 145.123617 0.000000
1692986450761187627 144.684724 0.000000
1692986450979383711 145.465449 0.000000
1692986451197858817 144.804920 0.000000
1692986451343565258 144.894930 0.000000
1692986451451881507 145.456851 0.000000
1692986451562044267 145.081134 0.000000
1692986451597526401 145.281633 0.000000
1692986451634385364 144.796042 0.000000
1692986451634853372 144.837711 0.000000
1692986451708063847 145.664674 0.000000
1692986451742905447 145.377172 0.000000
1692986451779167421 144.977693 0.000000
1692986451780242026 145.387171 0.000000
1692986451997167115 145.029740 0.000000
1692986452070351682 145.029441 0.000000
1692986452143119646 144.877305 0.000000
1692986452144145359 145.362815 0.000000
1692986452216237839 145.189160 0.000000
1692986452362051159 144.955091 0.000000
1692986452434061934 145.077651 0.000000
1692986452652376228 145.249984 0.000000
1692986453052266059 145.200230 0.000000
1692986453088672834 145.038357 0.000000
1692986453234312799 145.037084 0.000000
1692986453343052424 145.327350 0.000000
1692986453452686896 144.757530 0.000000
1692986453816728880 145.252138 0.000000
1692986453997471896 145.037825 0.000000
1692986454070269968 145.001639 0.000000
1692986454108031573 145.487560 0.000000
1692986454252693625 144.971302 0.000000
1692986454398171406 145.303194 0.000000
1692986454616855573 145.181364 0.000000
1692986454616879348 144.974627 0.000000
1692986454652859683 145.057773 0.000000
1692986454689628768 144.971681 0.000000
1692986454834518957 144.912811 0.000000
1692986454980719593 144.764864 0.000000
1692986455417025587 145.118677 0.000000
1692986455489765188 145.352787 0.000000
1692986455525599129 145.197124 0.000000
1692986455634483797 145.097128 0.000000
1692986455780936034 145.091466 0.000000
1692986455781431663 145.093049 0.000000
1692986455816389764 145.367164 0.000000
1692986455852962841 145.134017 0.000000
1692986455854213135 144.918473 0.000000
1692986455854536772 145.122956 0.000000
1692986456107384919 145.195451 0.000000
1692986456217320626 145.163312 0.000000
1692986456325206770 144.928210 0.000000
1692986456689187309 145.410726 0.000000
1692986456798097153 145.020785 0.000000
1692986456907218554 145.022828 0.000000
1692986456943236439 145.102667 0.000000
1692986457016151470 145.051871 0.000000
1692986457052570679 145.350512 0.000000
1692986457198035745 145.346593 0.000000
1692986457343400776 145.152743 0.000000
1692986457344006070 145.297244 0.000000
1692986457380865154 144.991900 0.000000
1692986457817776011 145.040159 0.000000
1692986457890695921 145.135870 0.000000
1692986457962871877 145.044199 0.000000
1692986458217622281 145.472680 0.000000
1692986458254443093 145.207634 0.000000
1692986458362939872 145.279249 0.000000
1692986458726347246 145.165114 0.000000
1692986458908168495 145.137734 0.000000
1692986458982052302 145.001570 0.000000
1692986459417889357 144.855465 0.000000
1692986459454031426 144.954611 0.000000
1692986459490839183 145.358287 0.000000
1692986459854819070 144.667822 0.000000
1692986459890556290 145.194430 0.000000
1692986459999469059 145.277045 0.000000
1692986460072002173 145.102727 0.000000
1692986460073463883 145.237209 0.000000
1692986460108680998 145.294929 0.000000
1692986460218502312 144.962296 0.000000
1692986460508734397 145.534568 0.000000
1692986460509255073 144.942878 0.000000
1692986460872904893 144.795362 0.000000
1692986461018966137 144.809699 0.000000
1692986461164101315 144.902371 0.000000
1692986461381540920 145.275873 0.000000
1692986461454957480 144.933029 0.000000
1692986461490585215 145.101966 0.000000
1692986461599529623 145.285000 0.000000
1692986461600076999 144.808516 0.000000
1692986461746568431 145.404394 0.000000
1692986461818741229 145.332279 0.000000
1692986461818840986 144.856847 0.000000
1692986462108868140 144.943801 0.000000
1692986462182579093 144.787668 0.000000
1692986462328000718 145.484944 0.000000
1692986462400314121 145.272386 0.000000
1692986462619460885 144.963466 0.000000
1692986462691888813 145.300500 0.000000
1692986462946384360 144.928260 0.000000
1692986463018830721 144.951163 0.000000
1692986463054865240 145.001848 0.000000
1692986463128837263 145.069908 0.000000
1692986463237056301 145.140639 0.000000
1692986463419416900 144.871134 0.000000
1692986463491160765 145.136661 0.000000
1692986463492156341 145.035912 0.000000
1692986463564649780 145.514308 0.000000
1692986463564701638 145.598285 0.000000
1692986463636312985 145.149907 0.000000
1692986463636462135 144.683191 0.000000
1692986463927407408 145.342197 0.000000
1692986464037351140 145.130069 0.000000
1692986464073759888 145.402269 0.000000
1692986464328175015 145.143494 0.000000
1692986464364300743 145.132855 0.000000
1692986464365251326 145.376231 0.000000
1692986464437135514 144.916429 0.000000
1692986464583367910 145.452163 0.000000
1692986464583471073 145.598879 0.000000
1692986464801139988 144.962617 0.000000
1692986464946743435 145.146380 0.000000
1692986465091946261 145.220219 0.000000
1692986465092068099 144.883848 0.000000
1692986465092731423 145.076900 0.000000
1692986465455398870 144.834175 0.000000
1692986465492343834 145.113557 0.000000
1692986465529066862 144.633347 0.000000
1692986465637416666 145.070038 0.000000
1692986465747268234 144.976030 0.000000
1692986465820305425 144.892876 0.000000
1692986465965352479 145.115562 0.000000
1692986466001070834 144.869963 0.000000
1692986466146686254 144.956114 0.000000
1692986466256249613 145.059298 0.000000
1692986466329073673 145.239214 0.000000
1692986466400995131 144.872407 0.000000
1692986466474238027 144.646373 0.000000
1692986466547379031 144.966222 0.000000
1692986466547523000 144.660178 0.000000
1692986466838670071 145.275681 0.000000
1692986467128165027 145.305368 0.000000
1692986467129458412 145.018430 0.000000
1692986467346200539 145.152751 0.000000
1692986467346680308 144.980539 0.000000
1692986467419034448 145.227372 0.000000
1692986467528773677 145.155818 0.000000
1692986467528790599 145.202365 0.000000
1692986467710824976 145.206093 0.000000
1692986467855458593 145.112735 0.000000
1692986467892284515 145.316168 0.000000
1692986467929055033 145.682245 0.000000
1692986468001089121 145.570866 0.000000
1692986468220080767 145.322391 0.000000
1692986468874272120 145.433827 0.000000
1692986468910717197 145.111114 0.000000
1692986468948089645 145.061201 0.000000
1692986469165148244 145.100604 0.000000
1692986469238672126 145.084162 0.000000
1692986469419465849 144.965723 0.000000
1692986469457500346 145.154436 0.000000
1692986469457774680 145.398464 0.000000
1692986469530174885 145.658399 0.000000
1692986469675590098 144.714609 0.000000
1692986469711065758 145.382124 0.000000
1692986469748054165 145.225579 0.000000
1692986469748302391 144.815330 0.000000
1692986470001551980 145.494622 0.000000
1692986470111847933 144.899879 0.000000
1692986470185185946 145.474465 0.000000
1692986470257008146 144.857074 0.000000
1692986470292851166 145.248912 0.000000
1692986470403030919 145.456611 0.000000
1692986470475756915 145.207264 0.000000
1692986470840127355 144.928553 0.000000
1692986470911503662 145.076671 0.000000
1692986471020138731 144.927670 0.000000
1692986471276024293 145.001648 0.000000
1692986471640266113 145.426076 0.000000
1692986471712625361 145.110472 0.000000
1692986471857933325 145.189873 0.000000
1692986472076777353 145.036313 0.000000
1692986472149215069 144.815008 0.000000
1692986472221721524 144.942859 0.000000
1692986472257460938 145.169082 0.000000
1692986472367347452 144.920116 0.000000
1692986472512560748 145.211452 0.000000
1692986472656959406 145.292473 0.000000
1692986472657419519 144.857148 0.000000
1692986472730430499 145.140321 0.000000
1692986472803974089 145.460308 0.000000
1692986473167932005 145.740875 0.000000
1692986473276449152 145.548464 0.000000
1692986473312723018 145.223415 0.000000
1692986473385664981 145.244775 0.000000
1692986473458088880 145.423900 0.000000
1692986473531460907 144.918982 0.000000
1692986473821831714 145.355662 0.000000
1692986473857957864 144.897554 0.000000
1692986473895347412 144.922912 0.000000
1692986474040345924 145.037264 0.000000
1692986474258400712 145.191043 0.000000
1692986474404751289 145.559073 0.000000
1692986474622802472 145.179662 0.000000
1692986474659031593 145.049958 0.000000
1692986474804595206 145.526644 0.000000
1692986474987310690 145.410214 0.000000
1692986475059612140 145.111395 0.000000
1692986475095763637 145.324163 0.000000
1692986475205777681 145.022077 0.000000
1692986475241429791 145.233873 0.000000
1692986475278700917 144.919224 0.000000
1692986475569035274 145.208988 0.000000
1692986475569776113 144.775866 0.000000
1692986475787281001 145.122214 0.000000
1692986475787308883 145.239514 0.000000
1692986475787803811 144.836358 0.000000
1692986476225105801 145.282764 0.000000
1692986476297893115 145.344201 0.000000
1692986476441804491 145.011098 0.000000
1692986476661107870 144.911309 0.000000
1692986476951953817 144.861647 0.000000
1692986476952834908 144.929475 0.000000
1692986477024440295 145.286184 0.000000
1692986477061294969 145.314536 0.000000
1692986477097388827 144.972623 0.000000
1692986477133391275 145.200331 0.000000
1692986477607422828 144.800461 0.000000
1692986477825976399 145.292772 0.000000
1692986477898010380 144.689463 0.000000
1692986477933344535 144.912061 0.000000
1692986477971362681 144.722247 0.000000
1692986478116224729 144.977184 0.000000
1692986478187942125 144.960572 0.000000
1692986478188925328 144.947107 0.000000
1692986478260815898 145.038018 0.000000
1692986478479645939 144.808927 0.000000
1692986478770258238 145.061068 0.000000
1692986478843049298 144.843904 0.000000
1692986479061305364 145.054127 0.000000
1692986479207814119 145.108459 0.000000
1692986479425171611 145.244575 0.000000
1692986479571254305 145.600561 0.000000
1692986479571344314 145.119880 0.000000
1692986479643510160 144.762391 0.000000
1692986479789614116 144.952296 0.000000
1692986479861847989 144.937609 0.000000
1692986479934663624 144.856766 0.000000
1692986480153307668 144.912543 0.000000
1692986480371118318 145.443295 0.000000
1692986480372517973 144.893605 0.000000
1692986480444424513 145.470478 0.000000
1692986480480327043 145.359259 0.000000
1692986480589284234 145.242007 0.000000
1692986480590728662 145.558431 0.000000
1692986480590962079 145.499930 0.000000
1692986480591002435 145.527132 0.000000
1692986480662123063 145.092489 0.000000
1692986480663112819 145.032116 0.000000
1692986481026260058 145.551160 0.000000
1692986481026279625 145.476540 0.000000
1692986481099642526 145.023300 0.000000
1692986481099848522 144.893928 0.000000
1692986481244722020 144.996328 0.000000
1692986481244747628 145.222192 0.000000
1692986481682396681 145.130661 0.000000
1692986481755034713 144.877916 0.000000
1692986481755053999 144.910768 0.000000
1692986482118611526 144.921590 0.000000
1692986482190682816 144.862258 0.000000
1692986482191485100 144.930686 0.000000
1692986482263381882 144.955302 0.000000
1692986482481104768 145.134978 0.000000
1692986482482000367 144.794070 0.000000
1692986482554670159 145.209231 0.000000
1692986482736038868 144.983554 0.000000
1692986482845653022 144.832872 0.000000
1692986482881758353 144.843864 0.000000
1692986482991203891 144.865325 0.000000
1692986483099217074 145.213676 0.000000
1692986483136083702 144.878238 0.000000
1692986483390122293 145.091977 0.000000
1692986483427139284 144.843203 0.000000
1692986483644892245 145.153995 0.000000
1692986483645297224 145.124008 0.000000
1692986483718603368 144.890781 0.000000
1692986483864094104 144.903885 0.000000
1692986484009381669 144.810220 0.000000
1692986484154316964 145.375911 0.000000
1692986484155000365 146.078478 0.000000
1692986484155029850 145.986846 0.000000
1692986484228251303 145.064664 0.000000
1692986484882832172 144.794211 0.000000
1692986485028347656 144.919747 0.000000
1692986485064111766 145.225479 0.000000
1692986485100789650 145.391942 0.000000
1692986485172603967 144.991649 0.000000
1692986485282279809 144.859194 0.000000
1692986485536938070 145.187528 0.000000
1692986485608839531 145.068184 0.000000
1692986485754562111 145.256126 0.000000
1692986485936272060 145.285150 0.000000
1692986485972758054 145.331307 0.000000
1692986486118333078 145.572519 0.000000
1692986486154502238 145.372205 0.000000
1692986486337559132 145.060198 0.000000
1692986486410253870 145.275262 0.000000
1692986486555160001 145.124290 0.000000
1692986486555774032 144.817825 0.000000
1692986486773939387 145.218576 0.000000
1692986486846748119 144.703732 0.000000
1692986486882339684 145.143183 0.000000
1692986486918522732 144.931788 0.000000
1692986487283288613 145.202826 0.000000
1692986487355258423 145.200985 0.000000
1692986487500672686 145.160276 0.000000
1692986487537271361 145.195362 0.000000
1692986487572884599 144.963637 0.000000
1692986487645794270 145.101606 0.000000
1692986487646150258 145.017720 0.000000
1692986487646737989 144.983746 0.000000
1692986488156144022 145.182088 0.000000
1692986488191864381 145.312261 0.000000
1692986488227135716 145.181848 0.000000
1692986488301633958 144.962126 0.000000
1692986488374008725 144.840489 0.000000
1692986488664024563 145.114949 0.000000
1692986488918953226 144.863961 0.000000
1692986489101633716 144.834647 0.000000
1692986489319563570 145.110503 0.000000
1692986489684434387 144.979764 0.000000
1692986489792090252 145.130670 0.000000
1692986489828833047 145.661598 0.000000
1692986489829828794 145.393265 0.000000
1692986489902243729 144.927651 0.000000
1692986490010368080 145.330086 0.000000
1692986490010403386 145.448357 0.000000
1692986490047776904 145.017959 0.000000
1692986490048263155 145.503229 0.000000
1692986490048599385 145.764439 0.000000
1692986490155519348 145.114780 0.000000
1692986490192707459 145.573751 0.000000
1692986490265945896 145.169143 0.000000
1692986490337766046 145.076390 0.000000
1692986490338255934 145.507468 0.000000
1692986490338847754 144.898998 0.000000
1692986490410874138 145.378536 0.000000
1692986490482972779 145.204108 0.000000
1692986490557058124 145.008752 0.000000
1692986490628546721 145.105725 0.000000
1692986490700928954 145.154927 0.000000
1692986490701976087 144.917101 0.000000
1692986490810368921 145.214226 0.000000
1692986490920267639 145.002391 0.000000
1692986491064393956 145.010645 0.000000
1692986491066211895 145.087440 0.000000
1692986491101321607 145.411616 0.000000
1692986491138089762 144.967756 0.000000
1692986491391930753 145.197175 0.000000
1692986491392449435 145.079084 0.000000
1692986491647338971 144.931435 0.000000
1692986491683078627 144.852129 0.000000
1692986491793333783 145.177420 0.000000
1692986491864605734 145.328974 0.000000
1692986491974142915 145.139880 0.000000
1692986492011188507 144.922171 0.000000
1692986492155402641 145.099453 0.000000
1692986492447846655 145.599821 0.000000
1692986492482793062 145.303374 0.000000
1692986492483226244 144.980559 0.000000
1692986492627954220 145.158974 0.000000
1692986492811312310 145.909251 0.000000
1692986492883750065 144.889459 0.000000
1692986492955652910 145.107448 0.000000
1692986492955721218 145.187728 0.000000
1692986493027974197 144.975141 0.000000
1692986493173621858 145.132305 0.000000
1692986493246517713 145.005485 0.000000
1692986493756004498 145.125290 0.000000
1692986493864903412 144.870223 0.000000
1692986493902546125 145.299870 0.000000
1692986494119751081 144.916980 0.000000
1692986494120133968 145.004443 0.000000
1692986494337940930 145.256845 0.000000
1692986494338517511 144.829524 0.000000
1692986494446733526 145.100213 0.000000
1692986494629579787 144.943390 0.000000
1692986494738402578 145.406238 0.000000
1692986494993517157 145.328152 0.000000
1692986495029182733 145.542212 0.000000
1692986495138348466 145.414303 0.000000
1692986495138671462 144.669786 0.000000
1692986495174811637 145.045951 0.000000
1692986495284555205 145.117036 0.000000
1692986495393193138 145.432997 0.000000
1692986495721011141 145.170184 0.000000
1692986495794087795 145.299848 0.000000
1692986495829523791 145.164384 0.000000
1692986495975783236 145.400846 0.000000
1692986496012467812 145.173611 0.000000
1692986496230248578 145.000727 0.000000
1692986496375333344 145.083373 0.000000
1692986496557062679 145.314716 0.000000
1692986496848333724 145.065292 0.000000
1692986496994179605 145.316528 0.000000
1692986497395288235 144.824737 0.000000
1692986497467550883 144.595218 0.000000
1692986497540174899 144.884881 0.000000
1692986497686333206 144.782648 0.000000
1692986497904815637 145.417458 0.000000
1692986498050153587 145.542444 0.000000
1692986498050169707 145.622875 0.000000
1692986498340841951 145.160488 0.000000
1692986498342168909 145.155449 0.000000
1692986498414596986 145.261246 0.000000
1692986498449765670 144.981451 0.000000
1692986498487486587 145.293753 0.000000
1692986498522801347 145.139617 0.000000
1692986498668006718 145.282846 0.000000
1692986498705557609 145.248274 0.000000
1692986498886135927 145.050411 0.000000
1692986498922959461 144.925936 0.000000
1692986498995830934 145.160668 0.000000
1692986498996812875 144.889479 0.000000
1692986499031358270 145.219429 0.000000
1692986499213757923 145.038729 0.000000
1692986499249778925 144.971282 0.000000
1692986499360357949 145.081098 0.000000
1692986499505985149 145.626068 0.000000
1692986499541024161 145.080378 0.000000
1692986499577403383 144.921778 0.000000
1692986499686214233 145.187386 0.000000
1692986499723399378 145.182239 0.000000
1692986500014326118 144.915708 0.000000
1692986500196103384 145.545139 0.000000
1692986500232878319 144.975732 0.000000
1692986500378054816 145.397651 0.000000
1692986500378823447 145.563442 0.000000
1692986500378922763 145.344661 0.000000
1692986500451341823 144.704151 0.000000
1692986500668872911 145.070510 0.000000
1692986500669799058 144.838395 0.000000
1692986500743087590 144.995740 0.000000
1692986500887244174 145.115091 0.000000
1692986500960237222 145.283589 0.000000
1692986501032410442 145.166539 0.000000
1692986501106780660 144.844293 0.000000
1692986501142425647 145.384385 0.000000
1692986501142437750 145.458394 0.000000
1692986501323450171 145.151617 0.000000
1692986501542456367 144.908165 0.000000
1692986501688167364 145.211791 0.000000
1692986501761357442 145.089244 0.000000
1692986501833942253 145.691032 0.000000
1692986501906874947 145.190613 0.000000
1692986501942792225 145.317560 0.000000
1692986502196945451 145.211522 0.000000
1692986502197978137 145.551980 0.000000
1692986502633956920 145.180314 0.000000
1692986502634476474 145.046814 0.000000
1692986502851653908 145.214479 0.000000
1692986503143644903 145.476899 0.000000
1692986503251898308 145.356144 0.000000
1692986503288707518 145.697685 0.000000
1692986503362363276 145.378604 0.000000
1692986503397258429 145.323472 0.000000
1692986503434285928 145.107988 0.000000
1692986503434368262 144.816141 0.000000
1692986503434494278 144.798157 0.000000
1692986503469854652 145.192937 0.000000
1692986503580418195 145.364608 0.000000
1692986503724736566 144.863013 0.000000
1692986503943376842 144.943550 0.000000
1692986504088871416 145.235047 0.000000
1692986504270015996 145.182999 0.000000
1692986504379026119 145.079125 0.000000
1692986504524253971 145.225929 0.000000
1692986504560887243 145.078243 0.000000
1692986504633812913 145.123356 0.000000
1692986504669632538 144.932600 0.000000
1692986504669731944 144.823646 0.000000
1692986504670139889 145.062153 0.000000
1692986504779457779 145.594873 0.000000
1692986504816515014 145.137204 0.000000
1692986504887989734 145.177238 0.000000
1692986505070682886 145.117145 0.000000
1692986505106730369 144.858341 0.000000
1692986505179107721 145.326969 0.000000
1692986505179138078 145.189822 0.000000
1692986505252662103 145.929840 0.000000
1692986505542355650 145.201535 0.000000
1692986505615945777 145.274191 0.000000
1692986505652303621 145.419733 0.000000
1692986505762129223 145.049931 0.000000
1692986505870010217 145.189921 0.000000
1692986505979126486 145.363106 0.000000
1692986505979549299 144.815971 0.000000
1692986506197246809 145.185516 0.000000
1692986506343141932 144.803497 0.000000
1692986506344325351 145.103389 0.000000
1692986506344350588 145.046693 0.000000
1692986506524693435 145.242919 0.000000
1692986506633905627 144.858822 0.000000
1692986506742997031 145.371621 0.000000
1692986506780445998 144.779731 0.000000
1692986506852480462 144.981413 0.000000
1692986506888058773 145.107087 0.000000
1692986507070206724 144.955674 0.000000
1692986507071275417 145.156180 0.000000
1692986507106993893 145.060520 0.000000
1692986507216154937 144.835026 0.000000
1692986507217076956 145.046393 0.000000
1692986507324645757 145.220022 0.000000
1692986507324932735 145.118531 0.000000
1692986507435187281 145.143726 0.000000
1692986507580347196 144.977262 0.000000
1692986507725286549 144.933302 0.000000
1692986508342763436 145.124730 0.000000
1692986508379914387 145.105435 0.000000
1692986508488063796 145.298306 0.000000
1692986508525876748 145.047556 0.000000
1692986508597797743 145.022175 0.000000
1692986508633436140 145.370000 0.000000
1692986508744167630 145.064820 0.000000
1692986508852069425 145.213637 0.000000
1692986508889811513 145.118057 0.000000
1692986508890173071 144.855115 0.000000
1692986508961509222 145.243782 0.000000
1692986508962714972 144.885279 0.000000
1692986509252856882 144.679417 0.000000
1692986509397944290 145.085164 0.000000
1692986509544167941 145.043819 0.000000
1692986509689724040 145.129509 0.000000
1692986509725018069 145.156371 0.000000
1692986509762152487 144.794990 0.000000
1692986509798224605 144.942819 0.000000
1692986510125580844 144.737384 0.000000
1692986510161574706 144.868671 0.000000
1692986510270541477 145.141062 0.000000
1692986510416536399 145.493151 0.000000
1692986510598061423 145.263112 0.000000
1692986510743629463 145.087589 0.000000
1692986510781231730 145.104955 0.000000
1692986510853196811 145.884235 0.000000
1692986510853403840 146.046780 0.000000
1692986511217592069 145.055700 0.000000
1692986511217628607 144.957837 0.000000
1692986511325231401 144.914086 0.000000
1692986511325445522 144.907754 0.000000
1692986511654075590 145.041966 0.000000
1692986511688873727 145.172589 0.000000
1692986511799235554 144.819776 0.000000
1692986512308280264 144.740843 0.000000
1692986512308789699 144.898338 0.000000
1692986512380305577 144.994376 0.000000
1692986512671984378 144.935526 0.000000
1692986512744691219 144.938680 0.000000
1692986513035070102 144.867259 0.000000
1692986513036664892 145.501999 0.000000
1692986513108804049 145.067302 0.000000
1692986513253754110 144.948758 0.000000
1692986513399061785 144.727658 0.000000
1692986513435025129 145.243823 0.000000
1692986513435357281 145.554075 0.000000
1692986513725998147 144.960253 0.000000
1692986513764238200 145.453017 0.000000
1692986513835814608 145.388243 0.000000
1692986513871609669 145.378505 0.000000
1692986513871748499 145.455970 0.000000
1692986514016972527 145.221583 0.000000
1692986514162134275 144.960170 0.000000
1692986514418177326 144.971053 0.000000
1692986514418250302 144.727195 0.000000
1692986514418531980 144.740060 0.000000
1692986514671542415 145.130872 0.000000
1692986514708173431 145.074847 0.000000
1692986514744029444 145.056774 0.000000
1692986514853379586 145.204071 0.000000
1692986514927436337 145.421899 0.000000
1692986515035736989 145.112718 0.000000
1692986515144424888 144.748806 0.000000
1692986515362971970 145.141381 0.000000
1692986515399013661 145.242701 0.000000
1692986515544746362 145.351717 0.000000
1692986515654195717 145.738551 0.000000
1692986515654517320 145.180675 0.000000
1692986515800100280 145.173593 0.000000
1692986515872984844 145.607675 0.000000
1692986515945539509 145.274101 0.000000
1692986516054745950 145.382455 0.000000
1692986516090600180 145.443650 0.000000
1692986516345067245 144.820060 0.000000
1692986516381551956 145.068036 0.000000
1692986516708951156 145.101488 0.000000
1692986516744858584 145.161671 0.000000
1692986516891293050 145.016077 0.000000
1692986516892061521 145.645477 0.000000
1692986517473136673 144.733448 0.000000
1692986517473318333 144.960905 0.000000
1692986517545055165 145.271886 0.000000
1692986517546066691 144.874411 0.000000
1692986517654229154 145.221430 0.000000
1692986517764358033 145.549796 0.000000
1692986517909463328 144.845027 0.000000
1692986518346455792 145.360031 0.000000
1692986518454370570 145.102429 0.000000
1692986518454401538 145.226943 0.000000
1692986518637012258 144.865735 0.000000
1692986518637491165 145.232563 0.000000
1692986518818395344 145.331997 0.000000
1692986519219461384 145.028542 0.000000
1692986519254991516 145.140419 0.000000
1692986519473650349 145.376453 0.000000
1692986519510625969 144.786054 0.000000
1692986519618845841 145.283066 0.000000
1692986519728854336 145.052475 0.000000
1692986520020168311 145.012509 0.000000
1692986520093067732 144.728196 0.000000
1692986520238006535 144.936038 0.000000
1692986520347148185 145.272899 0.000000
1692986520456635921 145.668649 0.000000
1692986520529577292 145.277957 0.000000
1692986520675032432 145.416137 0.000000
1692986520710919260 145.438336 0.000000
1692986520893650547 144.978947 0.000000
1692986521039006300 145.592617 0.000000
1692986521257550567 144.996763 0.000000
1692986521257946500 144.967949 0.000000
1692986521330830323 144.991240 0.000000
1692986521403932796 145.314356 0.000000
1692986521548526100 145.174805 0.000000
1692986521657109453 145.067683 0.000000
1692986521693898896 145.369600 0.000000
1692986521985282754 145.453747 0.000000
1692986522131809972 145.340614 0.000000
1692986522204485395 145.190944 0.000000
1692986522277025242 145.157712 0.000000
1692986522422564090 144.969310 0.000000
1692986522530407355 145.166558 0.000000
1692986523077259655 145.058939 0.000000
1692986523476751354 145.068217 0.000000
1692986523731510747 144.991792 0.000000
1692986523949600240 145.460045 0.000000
1692986523949790206 145.009751 0.000000
1692986523985765445 145.388344 0.000000
1692986524022436896 145.357205 0.000000
1692986524095981508 145.119933 0.000000
1692986524167977877 145.508670 0.000000
1692986524240940457 145.055010 0.000000
1692986524241604352 145.065419 0.000000
1692986524678068535 145.114992 0.000000
1692986524713580171 145.406599 0.000000
1692986524751054670 145.090616 0.000000
1692986525623514209 145.084545 0.000000
1692986525697292199 145.418751 0.000000
1692986525914850790 144.824257 0.000000
1692986526060378545 145.492719 0.000000
1692986526279348100 145.041113 0.000000
1692986526424215790 144.865225 0.000000
1692986526496802105 144.765698 0.000000
1692986526787322805 145.189132 0.000000
1692986526788646917 145.162471 0.000000
1692986526933809629 145.161059 0.000000
1692986527005315699 145.088002 0.000000
1692986527152063263 145.011629 0.000000
1692986527370829906 144.936529 0.000000
1692986527589745009 145.223566 0.000000
1692986527662547218 145.055740 0.000000
1692986527736033371 145.081790 0.000000
1692986527881839228 146.768993 0.000000
1692986527881868894 146.751971 0.000000
1692986528027000568 144.995509 0.000000
1692986528027244044 145.373427 0.000000
1692986528101230844 144.907032 0.000000
1692986528536137398 144.763001 0.000000
1692986528608980696 144.827955 0.000000
1692986528754258292 144.998502 0.000000
1692986528789763728 145.209450 0.000000
1692986528827517740 145.124731 0.000000
1692986528900234699 145.133066 0.000000
1692986529007330000 144.854801 0.000000
1692986529045918758 145.479485 0.000000
1692986529118821476 144.946626 0.000000
1692986529409651917 144.918054 0.000000
1692986529700325471 144.889368 0.000000
1692986529918682749 144.961996 0.000000
1692986530026877113 145.192679 0.000000
1692986530064326361 145.024201 0.000000
1692986530136333440 145.280823 0.000000
1692986530391011902 145.746937 0.000000
1692986530827447591 144.971300 0.000000
1692986530864755659 145.127125 0.000000
1692986531155142106 145.138797 0.000000
1692986531409323867 145.270272 0.000000
1692986531446326140 144.987694 0.000000
1692986531447049676 145.142784 0.000000
1692986531482066175 145.186737 0.000000
1692986531668502737 147.878493 0.000000
1692986531668564222 148.474951 0.000000
1692986531772837394 145.310159 0.000000
1692986531894141005 145.352788 0.000000
1692986531925263643 145.272437 0.000000
1692986531997653691 144.917362 0.000000
1692986532032892205 145.363466 0.000000
1692986532112540540 145.196475 0.000000
1692986532331079549 145.258613 0.000000
1692986532548730471 144.877578 0.000000
1692986532579896852 145.296522 0.000000
1692986532694596371 145.066741 0.000000
1692986532766959006 145.334723 0.000000
1692986532798079441 145.090646 0.000000
1692986533052433213 145.181395 0.000000
1692986533234464738 145.316730 0.000000
1692986533301749985 145.456653 0.000000
1692986533494622854 145.218237 0.000000
1692986533670985971 145.394516 0.000000
1692986533786488304 145.080648 0.000000
1692986533961746870 145.103791 0.000000
1692986534149850078 144.782940 0.000000
1692986534179916207 145.254344 0.000000
1692986534222194789 145.133266 0.000000
1692986534295082020 145.230520 0.000000
1692986534440708202 145.591667 0.000000
1692986534613369858 145.392431 0.000000
1692986534658695616 145.212666 0.000000
1692986534689071103 145.043037 0.000000
1692986534731622609 144.849423 0.000000
1692986534803955299 145.103951 0.000000
1692986534834459509 145.386492 0.000000
1692986534876629219 145.152343 0.000000
1692986535094713675 145.056984 0.000000
1692986535095046629 144.927431 0.000000
1692986535197992381 145.217794 0.000000
1692986535380423343 144.977533 0.000000
1692986535414335583 145.342320 0.000000
1692986535531132284 145.076831 0.000000
1692986535531385919 144.749597 0.000000
1692986535671539139 145.411597 0.000000
1692986535676783271 144.785705 0.000000
1692986535853005583 145.084975 0.000000
1692986536107562027 145.055070 0.000000
1692986536113192353 145.220450 0.000000
1692986536113356270 144.801946 0.000000
1692986536113504828 144.901603 0.000000
1692986536252920314 145.355692 0.000000
1692986536258425726 145.067843 0.000000
1692986536549528306 145.117185 0.000000
1692986536840921251 144.954352 0.000000
1692986536871417315 145.001229 0.000000
1692986536913277383 145.077661 0.000000
1692986537130989261 145.081309 0.000000
1692986537276395490 145.192969 0.000000
1692986537422093253 144.955122 0.000000
1692986537422397945 144.753924 0.000000
1692986537712820852 144.955044 0.000000
1692986537712855878 145.069138 0.000000
1692986537744339162 145.016309 0.000000
1692986537858508909 145.114693 0.000000
1692986537962335221 145.243853 0.000000
1692986538180199926 145.018611 0.000000
1692986538294950382 145.170396 0.000000
1692986538295058574 145.228696 0.000000
1692986538543869926 145.361744 0.000000
1692986538658686555 145.127205 0.000000
1692986538804201075 145.541111 0.000000
1692986538871669335 145.323162 0.000000
1692986538950049974 145.324135 0.000000
1692986539458406003 145.113821 0.000000
1692986539490061580 145.212965 0.000000
1692986539530737209 145.146671 0.000000
1692986539531231796 144.871124 0.000000
1692986539675821144 145.081029 0.000000
1692986539676472165 145.001691 0.000000
1692986539853801013 145.285983 0.000000
1692986539894713035 145.163153 0.000000
1692986539966933103 145.079889 0.000000
1692986540112825924 144.967285 0.000000
1692986540184615085 144.976162 0.000000
1692986540184769805 144.905088 0.000000
1692986540217523973 145.354604 0.000000
1692986540257930526 144.698231 0.000000
1692986540290020159 144.969520 0.000000
1692986540330798730 145.156610 0.000000
1692986540402720911 145.383376 0.000000
1692986540403199458 144.956356 0.000000
1692986540403727719 145.422480 0.000000
1692986540621495770 144.781927 0.000000
1692986540693360482 144.899747 0.000000
1692986540766661678 144.897114 0.000000
1692986540766707524 144.786046 0.000000
1692986540836005384 145.098702 0.000000
1692986540911371041 145.288398 0.000000
1692986540911475477 144.809761 0.000000
1692986541421402650 144.761758 0.000000
1692986541421728261 144.849082 0.000000
1692986541493939342 145.290461 0.000000
1692986541890864220 145.004035 0.000000
1692986542181598749 145.372623 0.000000
1692986542436651012 145.196154 0.000000
1692986542439048437 144.891724 0.000000
1692986542657759918 145.006267 0.000000
1692986542727710764 145.144608 0.000000
1692986542730249574 145.258502 0.000000
1692986542836921682 145.324567 0.000000
1692986543021160274 144.916019 0.000000
1692986543166200756 145.037186 0.000000
1692986543239030197 144.849815 0.000000
1692986543310515549 144.755028 0.000000
1692986543346621688 145.243691 0.000000
1692986543382888934 144.971854 0.000000
1692986543492317993 145.562995 0.000000
1692986543528725370 145.270955 0.000000
1692986543528746850 144.885643 0.000000
1692986543747333396 144.993405 0.000000
1692986543928759376 144.994086 0.000000
1692986544038733785 145.134498 0.000000
1692986544038783488 145.150468 0.000000
1692986544038944120 145.260554 0.000000
1692986544110304076 145.187377 0.000000
1692986544146928100 145.184142 0.000000
1692986544365005061 145.121354 0.000000
1692986544402511980 145.094254 0.000000
1692986544510359443 145.116876 0.000000
1692986544547200603 144.657144 0.000000
1692986544619499887 144.961872 0.000000
1692986544693063527 145.301603 0.000000
1692986544838536188 145.213586 0.000000
1692986544910511930 145.332639 0.000000
1692986544984122838 144.902988 0.000000
1692986545057084577 144.833686 0.000000
1692986545057637884 144.946878 0.000000
1692986545091979256 145.230127 0.000000
1692986545420372402 145.493153 0.000000
1692986545420422205 144.944233 0.000000
1692986545420873301 145.025376 0.000000
1692986545710762576 145.014395 0.000000
1692986545783890496 145.064307 0.000000
1692986546220587407 144.968118 0.000000
1692986546256550770 145.308113 0.000000
1692986546293195724 144.914197 0.000000
1692986546438620917 145.064657 0.000000
1692986546729771919 145.030445 0.000000
1692986546729785785 144.957547 0.000000
1692986546730188420 144.976763 0.000000
1692986546911442687 145.239136 0.000000
1692986547020887385 144.913003 0.000000
1692986547275308625 145.206083 0.000000
1692986547457160261 144.723748 0.000000
1692986547493066538 145.115874 0.000000
1692986547529819332 144.822614 0.000000
1692986547675740807 145.083544 0.000000
1692986547893548091 144.872226 0.000000
1692986547929062655 145.023109 0.000000
1692986547966311059 145.285682 0.000000
1692986547966673408 145.148386 0.000000
1692986548111582034 144.945765 0.000000
1692986548330251677 145.401851 0.000000
1692986548403082370 145.297754 0.000000
1692986548693298958 145.167810 0.000000
1692986548693596726 144.943070 0.000000
1692986548730171217 145.152294 0.000000
1692986548765920622 144.975623 0.000000
1692986548766383760 144.944484 0.000000
1692986548837792966 145.061432 0.000000
1692986548838296049 144.993495 0.000000
1692986548983998724 145.017961 0.000000
1692986549165881420 145.048849 0.000000
1692986549202181174 145.228154 0.000000
1692986549348073534 145.268049 0.000000
1692986549420648087 145.303986 0.000000
1692986549601528312 145.122035 0.000000
1692986549639029598 144.888906 0.000000
1692986550002374903 144.944673 0.000000
1692986550148676799 144.928241 0.000000
1692986550183885891 145.231512 0.000000
1692986550221041079 144.798770 0.000000
1692986550329357370 145.258470 0.000000
1692986550438847574 145.289260 0.000000
1692986550474911136 145.025527 0.000000
1692986550548185393 145.508652 0.000000
1692986550585345990 145.486119 0.000000
1692986550803171492 145.022760 0.000000
1692986550947690208 145.379651 0.000000
1692986551094433561 145.470026 0.000000
1692986551129384429 145.144859 0.000000
1692986551238842269 145.031666 0.000000
1692986551239436093 144.777700 0.000000
1692986551312437225 144.856326 0.000000
1692986551384610398 145.106979 0.000000
1692986551384641777 144.945997 0.000000
1692986551530545227 144.918564 0.000000
1692986551602741180 144.883639 0.000000
1692986551603367986 144.984979 0.000000
1692986551675418527 145.202618 0.000000
1692986551820635871 145.213658 0.000000
1692986551821634854 144.899899 0.000000
1692986551894531792 145.195102 0.000000
1692986551966991658 145.354209 0.000000
1692986552003153947 145.054088 0.000000
1692986552294437637 145.593229 0.000000
1692986552476188236 145.137505 0.000000
1692986552512401689 145.266399 0.000000
1692986552549749980 145.330788 0.000000
1692986552658029432 145.241809 0.000000
1692986552766911954 145.149736 0.000000
1692986552840628651 144.757933 0.000000
1692986552948987022 145.366143 0.000000
1692986552986570293 145.160888 0.000000
1692986553058628640 145.725288 0.000000
1692986553131883227 145.120714 0.000000
1692986553204112113 145.408343 0.000000
1692986553385962648 145.222956 0.000000
1692986553423462362 145.037347 0.000000
1692986553496150179 144.845520 0.000000
1692986553568587906 144.925198 0.000000
1692986553569032529 144.967447 0.000000
1692986553604492439 145.128779 0.000000
1692986553713448871 145.153485 0.000000
1692986553895128856 145.234158 0.000000
1692986553932074792 145.039501 0.000000
1692986554040208743 145.027278 0.000000
1692986554076966036 144.930688 0.000000
1692986554258370544 145.163244 0.000000
1692986554549545441 144.934855 0.000000
1692986554694991482 145.023028 0.000000
1692986554877726936 145.277899 0.000000
1692986554950145288 144.985090 0.000000
1692986555023405597 144.869283 0.000000
1692986555423233955 145.135609 0.000000
1692986555678393621 145.008692 0.000000
1692986555750183243 145.345157 0.000000
1692986555750823093 145.015559 0.000000
1692986555858719097 144.932630 0.000000
1692986555896365366 144.885422 0.000000
1692986555968434853 144.855728 0.000000
1692986555968932375 144.826101 0.000000
1692986556004380364 144.924676 0.000000
1692986556042448164 144.858913 0.000000
1692986556259160547 145.012912 0.000000
1692986556259341576 144.674296 0.000000
1692986556332431715 144.727134 0.000000
1692986556695896252 145.358469 0.000000
1692986556987242809 144.900670 0.000000
1692986557204923686 145.619195 0.000000
1692986557277685974 144.841780 0.000000
1692986557496490871 144.687121 0.000000
1692986557497075677 145.209199 0.000000
1692986557532131220 145.263150 0.000000
1692986557569732624 144.832371 0.000000
1692986557860421832 145.396542 0.000000
1692986557932926774 145.325037 0.000000
1692986557933315082 145.499945 0.000000
1692986558151161422 145.218767 0.000000
1692986558297026601 145.179583 0.000000
1692986558442825737 145.064949 0.000000
1692986558478761418 145.437215 0.000000
1692986558623937417 145.082473 0.000000
1692986558732910708 145.063695 0.000000
1692986558768960095 145.021385 0.000000
1692986558878507114 145.100987 0.000000
1692986558878546157 145.173673 0.000000
1692986558878627329 144.742214 0.000000
1692986558915090903 145.272859 0.000000
1692986559097086810 144.801675 0.000000
1692986559097277448 144.938673 0.000000
1692986559242228300 145.169282 0.000000
1692986559423695129 145.146052 0.000000
1692986559423871620 144.871638 0.000000
1692986559496670232 145.170456 0.000000
1692986559787669919 145.234765 0.000000
1692986559825070729 145.917867 0.000000
1692986559860547522 145.280914 0.000000
1692986559898249736 145.414206 0.000000
1692986560079961781 145.941774 0.000000
1692986560224424502 144.817165 0.000000
1692986560405852944 145.048749 0.000000
1692986560551675102 145.267197 0.000000
1692986560843762146 145.481175 0.000000
1692986560916277341 145.084125 0.000000
1692986561025089283 145.110797 0.000000
1692986561279859768 145.345154 0.000000
1692986561280065995 144.950565 0.000000
1692986561426194325 145.458534 0.000000
1692986561716717913 145.240710 0.000000
1692986562006723157 145.083524 0.000000
1692986562007438799 145.238054 0.000000
1692986562189323947 144.999013 0.000000
1692986562334544909 145.218577 0.000000
1692986562371151138 145.203890 0.000000
1692986562443419997 145.195892 0.000000
1692986562734511560 145.028701 0.000000
1692986562734540705 144.858973 0.000000
1692986562807975881 145.222614 0.000000
1692986563025643186 145.273279 0.000000
1692986563135264455 145.060350 0.000000
1692986563171865175 145.081651 0.000000
1692986563243692496 145.197186 0.000000
1692986563317006516 145.138836 0.000000
1692986563317827876 145.197126 0.000000
1692986563462803726 145.229977 0.000000
1692986563463155165 145.326087 0.000000
1692986563534681304 145.131504 0.000000
1692986563681133133 144.877778 0.000000
1692986563681461759 145.183752 0.000000
1692986563681514148 144.991302 0.000000
1692986563789828186 145.279812 0.000000
1692986563898485728 145.119842 0.000000
1692986563898862033 145.458778 0.000000
1692986563935054818 145.224408 0.000000
1692986564117781686 145.055563 0.000000
1692986564225681907 145.209280 0.000000
1692986564262970055 144.708660 0.000000
1692986564336138413 145.209761 0.000000
1692986564336451900 145.415307 0.000000
1692986564480172559 145.157482 0.000000
1692986564625388119 144.908845 0.000000
1692986565280307459 144.885322 0.000000
1692986565280927632 145.140501 0.000000
1692986565316234636 145.069608 0.000000
1692986565571441490 145.195194 0.000000
1692986565679691035 144.991520 0.000000
1692986565679755637 145.062012 0.000000
1692986565716574545 145.220028 0.000000
1692986565861903118 145.008894 0.000000
1692986566043376006 145.503030 0.000000
1692986566188819755 145.410947 0.000000
1692986566480070455 145.430474 0.000000
1692986566517118493 145.074597 0.000000
1692986566916511538 145.077984 0.000000
1692986566953825876 144.927783 0.000000
1692986566989500208 144.820490 0.000000
1692986567426105199 144.953822 0.000000
1692986567462760087 145.056380 0.000000
1692986567644103063 145.329917 0.000000
1692986567680837504 145.125814 0.000000
1692986567754889908 145.243374 0.000000
1692986568081014206 145.382383 0.000000
1692986568335847620 144.839084 0.000000
1692986568409387233 144.942709 0.000000
1692986568517260975 145.214409 0.000000
1692986568699613963 145.076231 0.000000
1692986568700367265 145.032379 0.000000
1692986568735260524 145.284210 0.000000
1692986569064223776 145.064681 0.000000
1692986569064264402 144.943184 0.000000
1692986569064764881 145.315451 0.000000
1692986569136049374 145.293537 0.000000
1692986569137028339 144.943460 0.000000
1692986569137246378 144.974879 0.000000
1692986569427699603 145.881372 0.000000
1692986569427771889 145.450644 0.000000
1692986569428471621 145.457497 0.000000
1692986569500358012 145.107887 0.000000
1692986569646806967 144.934625 0.000000
1692986569827253060 145.171808 0.000000
1692986569900223843 144.916187 0.000000
1692986570045542058 145.283851 0.000000
1692986570118632719 145.055672 0.000000
1692986570190791301 145.247690 0.000000
1692986570301544885 144.976142 0.000000
1692986570519852459 145.087040 0.000000
1692986570700572645 145.403053 0.000000
1692986570810192141 144.825452 0.000000
1692986570883048994 144.835679 0.000000
1692986570955130753 145.283709 0.000000
1692986571028511738 145.115242 0.000000
1692986571137368071 144.942598 0.000000
1692986571318977826 145.150278 0.000000
1692986571355692881 145.398175 0.000000
1692986571391475636 145.234026 0.000000
1692986571464781771 144.942440 0.000000
1692986571536760007 145.282257 0.000000
1692986571756399499 145.215172 0.000000
1692986571829211918 145.175276 0.000000
1692986572118672190 145.313927 0.000000
1692986572191839556 144.905061 0.000000
1692986572337934155 145.082011 0.000000
1692986572627952293 145.217806 0.000000
1692986572882818149 145.152464 0.000000
1692986572919141047 145.189332 0.000000
1692986573211138315 145.125293 0.000000
1692986573464661481 145.114679 0.000000
1692986573573755321 145.033990 0.000000
1692986573646711620 144.764504 0.000000
1692986573719803774 144.702860 0.000000
1692986573901124816 145.046986 0.000000
1692986574009624832 144.975241 0.000000
1692986574010369268 144.834086 0.000000
1692986574082590550 145.051956 0.000000
1692986574084064784 144.922653 0.000000
1692986574192362080 145.130702 0.000000
1692986574229483876 145.189041 0.000000
1692986574264486781 145.250537 0.000000
1692986574482896435 144.774752 0.000000
1692986574592159073 145.519030 0.000000
1692986574773984709 145.002970 0.000000
1692986574956842155 144.892667 0.000000
1692986575028688622 144.986944 0.000000
1692986575174380698 144.910069 0.000000
1692986575319552526 145.706350 0.000000
