1692986426365060746 177.155810 0.000000
1692986426453868061 177.178041 0.000000
1692986426502989834 177.243133 0.000000
1692986426631203177 177.362617 0.000000
1692986426720523293 176.740511 0.000000
1692986426808666463 177.327712 0.000000
1692986426897632876 177.115795 0.000000
1692986426897685564 177.135130 0.000000
1692986426986035282 177.216024 0.000000
1692986427252232968 177.133720 0.000000
1692986427784864529 177.189102 0.000000
1692986427901922328 177.402462 0.000000
1692986428079061656 177.137274 0.000000
1692986428228768045 177.305380 0.000000
1692986428317759724 176.872427 0.000000
1692986428615307645 177.099534 0.000000
1692986428617478906 177.164736 0.000000
1692986428672616188 177.164798 0.000000
1692986428672648158 177.284302 0.000000
1692986428700217755 177.401230 0.000000
1692986428761324948 176.947160 0.000000
1692986428850191673 176.814258 0.000000
1692986428850213724 177.598969 0.000000
1692986428938438929 177.112549 0.000000
1692986429294309073 176.926772 0.000000
1692986429294383883 177.026107 0.000000
1692986429682569660 177.332101 0.000000
1692986429826370276 177.199322 0.000000
1692986430124135291 177.362415 0.000000
1692986430145261810 177.306713 0.000000
1692986430181449014 177.195535 0.000000
1692986430270310701 177.246009 0.000000
1692986430322507028 177.243194 0.000000
1692986430358742382 177.099464 0.000000
1692986430358792286 176.755500 0.000000
1692986430447738611 176.984910 0.000000
1692986430802557162 177.337803 0.000000
1692986430891094601 177.214301 0.000000
1692986430979898841 176.918275 0.000000
1692986430979924128 177.369971 0.000000
1692986431014332016 177.157313 0.000000
1692986431068782440 177.159419 0.000000
1692986431068836331 177.264245 0.000000
1692986431335334468 177.034883 0.000000
1692986431632399033 177.219370 0.000000
1692986431632428057 177.155580 0.000000
1692986431809556254 177.126293 0.000000
1692986431956204120 176.856830 0.000000
1692986432098913501 177.249526 0.000000
1692986432134203793 176.653219 0.000000
1692986432164676153 177.307206 0.000000
1692986432342015235 177.327400 0.000000
1692986432430687678 177.024604 0.000000
1692986432542516884 177.273932 0.000000
1692986432578034903 176.773072 0.000000
1692986433021670426 176.981804 0.000000
1692986433376493704 176.826171 0.000000
1692986433376783437 176.784474 0.000000
1692986433465086678 177.129661 0.000000
1692986433465117446 177.060291 0.000000
1692986433674173152 177.289802 0.000000
1692986433674201194 177.265757 0.000000
1692986433820121455 177.193762 0.000000
1692986433851329263 177.154378 0.000000
1692986434531308342 177.094525 0.000000
1692986434619931001 177.474107 0.000000
1692986434619947703 177.542976 0.000000
1692986434709553105 177.572472 0.000000
1692986434828108329 177.029403 0.000000
1692986434886657419 176.938203 0.000000
1692986435152445426 177.294981 0.000000
1692986435385321331 177.386743 0.000000
1692986435507706698 177.034933 0.000000
1692986435595761933 176.935998 0.000000
1692986435740166722 177.172381 0.000000
1692986435773255968 176.961887 0.000000
1692986435862855057 177.114061 0.000000
1692986435917403425 177.235531 0.000000
1692986436039528853 177.405057 0.000000
1692986436159960548 177.045191 0.000000
1692986436662479937 177.443691 0.000000
1692986436662498422 177.432699 0.000000
1692986436839528967 177.045905 0.000000
1692986436877566219 177.340407 0.000000
1692986437143732966 177.310570 0.000000
1692986437224328377 177.146434 0.000000
1692986437409738491 177.279101 0.000000
1692986437637575809 176.874513 0.000000
1692986437992142447 176.778403 0.000000
1692986438258595683 177.236582 0.000000
1692986438347669357 177.216434 0.000000
1692986438563681124 177.172311 0.000000
1692986438703932847 177.143617 0.000000
1692986438703946693 177.171710 0.000000
1692986438741022803 177.339665 0.000000
1692986439058624081 177.080580 0.000000
1692986439324974482 177.062686 0.000000
1692986439413806304 177.181178 0.000000
1692986439450433622 176.932874 0.000000
1692986439590869138 177.119892 0.000000
1692986439680298321 177.090768 0.000000
1692986439768586573 176.966216 0.000000
1692986439768624143 176.962480 0.000000
1692986440034685352 176.917764 0.000000
1692986440153554889 177.138177 0.000000
1692986440300723900 177.094886 0.000000
1692986440389610244 176.951307 0.000000
1692986440597405507 177.279481 0.000000
1692986440656223489 177.372799 0.000000
1692986440714107097 177.430835 0.000000
1692986440922647540 177.539901 0.000000
1692986441188484599 177.126536 0.000000
1692986441188515887 177.237954 0.000000
1692986441277310148 176.852341 0.000000
1692986441454641718 176.939064 0.000000
1692986441809765050 177.385631 0.000000
1692986441809793413 177.442147 0.000000
1692986441810452649 177.094826 0.000000
1692986442046640873 177.226704 0.000000
1692986442254249216 177.297958 0.000000
1692986442431338141 177.018603 0.000000
1692986442551368914 177.239558 0.000000
1692986442817416419 177.196587 0.000000
1692986442825796238 177.363399 0.000000
1692986442875534747 177.532567 0.000000
1692986442964456568 177.704258 0.000000
1692986443053200164 177.256169 0.000000
1692986443053398776 177.480169 0.000000
1692986443141826329 177.344765 0.000000
1692986443358565069 177.384618 0.000000
1692986443408482243 177.337420 0.000000
1692986443616858998 177.359523 0.000000
1692986443852651379 176.774796 0.000000
1692986443853047812 176.754448 0.000000
1692986444158096766 177.166620 0.000000
1692986444208514499 177.926265 0.000000
1692986444712239209 177.221935 0.000000
1692986444859642781 177.157544 0.000000
1692986444918964807 177.302166 0.000000
1692986444919251284 176.969392 0.000000
1692986445007766502 177.207478 0.000000
1692986445185160279 177.359413 0.000000
1692986445224042054 177.496520 0.000000
1692986445273690214 177.078406 0.000000
1692986445334507164 177.804968 0.000000
1692986445362514520 176.799191 0.000000
1692986445450942685 176.934335 0.000000
1692986445924920255 177.094235 0.000000
1692986446071956246 177.041105 0.000000
1692986446072348221 176.985991 0.000000
1692986446666586312 177.275613 0.000000
1692986447256773393 177.078095 0.000000
1692986447493469017 177.120724 0.000000
1692986447643170597 177.112039 0.000000
1692986447760492783 177.311904 0.000000
1692986447800414237 177.403596 0.000000
1692986447848419045 177.437149 0.000000
1692986448114450029 177.194453 0.000000
1692986448145070024 177.128268 0.000000
1692986448292403995 177.128538 0.000000
1692986448500190093 177.252894 0.000000
1692986448558853223 177.391002 0.000000
1692986448777277303 177.275455 0.000000
1692986449446408183 177.421989 0.000000
1692986449508960888 177.222497 0.000000
1692986449712951608 176.998165 0.000000
1692986449801527991 177.070501 0.000000
1692986449863657842 177.153537 0.000000
1692986450040782584 177.122698 0.000000
1692986450067749051 177.238486 0.000000
1692986450453761745 177.198882 0.000000
1692986450542412920 177.113985 0.000000
1692986450956407916 177.177403 0.000000
1692986451045172241 177.185477 0.000000
1692986451045232995 177.133530 0.000000
1692986451222835693 177.059810 0.000000
1692986451311891054 177.110356 0.000000
1692986451353754670 177.293800 0.000000
1692986451372951078 177.209630 0.000000
1692986451638841800 177.083285 0.000000
1692986451666691471 177.195554 0.000000
1692986451666739080 177.123439 0.000000
1692986451932636374 177.099074 0.000000
1692986452287448885 177.334557 0.000000
1692986452554553120 177.177291 0.000000
1692986452820420256 176.855308 0.000000
1692986452820625611 177.103804 0.000000
1692986452939582251 177.101439 0.000000
1692986453530455637 176.962389 0.000000
1692986453619596868 177.301233 0.000000
1692986453619835646 177.354333 0.000000
1692986453707999465 177.342160 0.000000
1692986453974115257 177.084649 0.000000
1692986454240203258 176.944855 0.000000
1692986454418220053 176.847944 0.000000
1692986454595511137 177.177923 0.000000
1692986454772588290 177.074047 0.000000
1692986454861392008 177.012691 0.000000
1692986454861802678 176.894790 0.000000
1692986455127795840 177.275755 0.000000
1692986455192365366 177.226374 0.000000
1692986455216473503 177.017291 0.000000
1692986455216939817 176.960414 0.000000
1692986455248036437 177.344214 0.000000
1692986455482626005 177.258003 0.000000
1692986455482671310 176.923656 0.000000
1692986455571181588 176.964613 0.000000
1692986455571240779 177.081733 0.000000
1692986455748414063 177.171841 0.000000
1692986455973111314 177.107440 0.000000
1692986456223549233 176.981934 0.000000
1692986456666627193 177.110916 0.000000
1692986456725207771 177.230291 0.000000
1692986456902212538 176.968419 0.000000
1692986457079584735 177.291976 0.000000
1692986457465504957 176.991543 0.000000
1692986457789811493 177.592971 0.000000
1692986457967432727 176.927352 0.000000
1692986458144488460 177.198961 0.000000
1692986458234381081 177.489286 0.000000
1692986458677615204 176.954614 0.000000
1692986458766301663 176.644603 0.000000
1692986458766332731 176.689577 0.000000
1692986458796735931 177.216385 0.000000
1692986459032662145 176.838897 0.000000
1692986459033498823 176.978670 0.000000
1692986459239966317 176.994317 0.000000
1692986459328779003 177.040675 0.000000
1692986459435514289 177.324097 0.000000
1692986459565401350 177.154286 0.000000
1692986459790494454 177.139660 0.000000
1692986460098353798 176.905011 0.000000
1692986460098372563 176.893890 0.000000
1692986460630742758 177.166681 0.000000
1692986460631131907 177.012241 0.000000
1692986460720067764 177.205965 0.000000
1692986461074995992 177.307075 0.000000
1692986461145738660 177.586019 0.000000
1692986461607580427 177.036106 0.000000
1692986462140678087 177.124353 0.000000
1692986462389489717 177.088114 0.000000
1692986462702759614 177.042508 0.000000
1692986462761913514 177.191056 0.000000
1692986462851266314 177.128029 0.000000
1692986462880407718 177.075120 0.000000
1692986462939840041 177.479869 0.000000
1692986462988659758 177.272931 0.000000
1692986463116867792 177.049231 0.000000
1692986463205827052 176.767895 0.000000
1692986463382845696 177.015908 0.000000
1692986463383145799 176.934366 0.000000
1692986463877192916 177.445474 0.000000
1692986463915770701 177.166581 0.000000
1692986464181746772 177.061724 0.000000
1692986464270579736 177.187631 0.000000
1692986464300855817 177.117299 0.000000
1692986464359504061 177.296265 0.000000
1692986464447983963 177.401783 0.000000
1692986464448016363 177.398547 0.000000
1692986464877260077 177.275766 0.000000
1692986464891557853 177.245740 0.000000
1692986464891588651 177.304461 0.000000
1692986464891782694 177.408075 0.000000
1692986464892501532 178.149865 0.000000
1692986465246780513 177.320730 0.000000
1692986465690700292 177.020717 0.000000
1692986465868280759 177.598761 0.000000
1692986465899986040 177.216163 0.000000
1692986465956798413 177.052238 0.000000
1692986466400259793 177.258996 0.000000
1692986466489103066 177.109274 0.000000
1692986466667054739 177.043861 0.000000
1692986466900647678 177.257942 0.000000
1692986466933476796 177.389368 0.000000
1692986466933526309 177.513000 0.000000
1692986467110902172 176.895442 0.000000
1692986467110933701 177.406280 0.000000
1692986467110969869 176.892487 0.000000
1692986467143392806 177.344956 0.000000
1692986467199504605 177.017723 0.000000
1692986467409577639 177.207802 0.000000
1692986467453759942 177.120716 0.000000
1692986467586804453 177.218668 0.000000
1692986467732199377 177.288621 0.000000
1692986467820872902 177.115464 0.000000
1692986467998349835 177.262901 0.000000
1692986467998512750 176.864935 0.000000
1692986468030108618 177.029456 0.000000
1692986468175576611 177.224682 0.000000
1692986468264198088 176.980022 0.000000
1692986468529959076 177.224290 0.000000
1692986468619393235 177.151804 0.000000
1692986468828758412 177.098642 0.000000
1692986468975101727 176.884553 0.000000
1692986469595530243 177.089436 0.000000
1692986469763735434 177.370134 0.000000
1692986469772839682 176.905652 0.000000
1692986469772976027 176.704936 0.000000
1692986469805256677 177.271599 0.000000
1692986470188948309 177.144649 0.000000
1692986470217240751 177.123599 0.000000
1692986470483296862 176.801647 0.000000
1692986470572223770 176.992603 0.000000
1692986470660380587 177.082313 0.000000
1692986471015736157 176.979692 0.000000
1692986471095750397 177.247392 0.000000
1692986471104201551 176.910011 0.000000
1692986471104216109 177.351578 0.000000
1692986471192755462 176.985642 0.000000
1692986471362021240 177.270115 0.000000
1692986471370724657 177.079388 0.000000
1692986471492408969 177.322612 0.000000
1692986471636429430 177.182282 0.000000
1692986471636894161 176.765300 0.000000
1692986472079997901 177.220863 0.000000
1692986472434904619 177.030236 0.000000
1692986472468647249 177.370605 0.000000
1692986472523657793 177.054592 0.000000
1692986472789756383 177.249687 0.000000
1692986473056381129 176.875756 0.000000
1692986473145064953 176.878281 0.000000
1692986473179086587 177.383799 0.000000
1692986473322546566 176.976986 0.000000
1692986473410930767 176.724002 0.000000
1692986473533841760 176.952871 0.000000
1692986473588260055 177.288611 0.000000
1692986473677009863 176.864596 0.000000
1692986473765035403 177.247604 0.000000
1692986473765160477 176.898008 0.000000
1692986473922801621 177.311583 0.000000
1692986474031978897 177.337671 0.000000
1692986474032018071 177.306643 0.000000
1692986474120730809 176.832315 0.000000
1692986474298069764 176.912956 0.000000
1692986474386342407 177.046666 0.000000
1692986474510368110 177.192319 0.000000
1692986474741322462 177.017311 0.000000
1692986474741899053 176.844027 0.000000
1692986474918981797 177.060843 0.000000
1692986474953753056 177.049311 0.000000
1692986475362694067 177.288299 0.000000
1692986475451636896 177.150271 0.000000
1692986475451667564 176.854286 0.000000
1692986475540217917 176.973940 0.000000
1692986475629181807 177.103162 0.000000
1692986475717916606 176.923916 0.000000
1692986475752770930 177.228337 0.000000
1692986475752829721 177.275074 0.000000
1692986476429167117 177.558637 0.000000
1692986476517754892 177.005641 0.000000
1692986476784347819 177.095989 0.000000
1692986476855328694 177.360003 0.000000
1692986476872699900 177.292235 0.000000
1692986477050390817 176.938416 0.000000
1692986477172595394 176.835741 0.000000
1692986477317171767 177.131106 0.000000
1692986477387954046 177.308294 0.000000
1692986477565344969 177.388799 0.000000
1692986477583868699 176.895084 0.000000
1692986477761153702 176.840820 0.000000
1692986477938218903 176.807418 0.000000
1692986477938831191 177.027310 0.000000
1692986478027570831 176.879004 0.000000
1692986478115818487 176.998497 0.000000
1692986478204924764 177.087774 0.000000
1692986478382033606 177.022010 0.000000
1692986478559207140 177.172091 0.000000
1692986479003481105 177.214342 0.000000
1692986479180885042 176.995120 0.000000
1692986479214673919 177.032200 0.000000
1692986479269806140 176.898247 0.000000
1692986479447562188 177.253405 0.000000
1692986479713712174 177.326851 0.000000
1692986479713819154 176.820862 0.000000
1692986479802518217 177.288811 0.000000
1692986479980285146 177.245361 0.000000
1692986480601867516 177.027069 0.000000
1692986480690577831 176.941190 0.000000
1692986480778994184 177.277501 0.000000
1692986480779851611 177.137639 0.000000
1692986480956305467 177.122890 0.000000
1692986480957009787 177.057597 0.000000
1692986481120445978 177.271630 0.000000
1692986481134151573 176.910452 0.000000
1692986481386498729 177.271366 0.000000
1692986481400462570 176.975541 0.000000
1692986481524244138 177.163005 0.000000
1692986481666361728 177.078024 0.000000
1692986482021205109 177.271198 0.000000
1692986482021235125 177.017282 0.000000
1692986482110122431 177.214161 0.000000
1692986482110309402 176.854877 0.000000
1692986482198612622 177.404447 0.000000
1692986482198842433 177.103613 0.000000
1692986482234239465 177.086922 0.000000
1692986482287599325 177.259576 0.000000
1692986482411395235 177.153305 0.000000
1692986482465278668 177.165750 0.000000
1692986482629793360 176.975544 0.000000
1692986482642792339 177.482533 0.000000
1692986482820501676 176.994937 0.000000
1692986482909287064 177.169548 0.000000
1692986483175233429 177.083996 0.000000
1692986483264326241 177.337412 0.000000
1692986483606967133 177.347119 0.000000
1692986483708332283 177.491581 0.000000
1692986484187412380 177.263032 0.000000
1692986484507418456 177.004095 0.000000
1692986484507448052 177.018252 0.000000
1692986484507834246 176.895632 0.000000
1692986484986485582 177.278201 0.000000
1692986485039742588 176.946671 0.000000
1692986485040138851 177.313008 0.000000
1692986485395317720 176.817698 0.000000
1692986485430406535 177.068428 0.000000
1692986485751295627 177.345408 0.000000
1692986485874366029 177.243466 0.000000
1692986485928514175 177.194853 0.000000
1692986486140538649 177.271709 0.000000
1692986486371658392 177.192050 0.000000
1692986486583686541 177.050914 0.000000
1692986486583805554 177.139852 0.000000
1692986486637609436 177.165460 0.000000
1692986486638771585 177.022451 0.000000
1692986486638806730 177.094356 0.000000
1692986487082992960 177.329427 0.000000
1692986487171070227 177.115597 0.000000
1692986487615121524 176.903098 0.000000
1692986487703901808 177.206525 0.000000
1692986488092778913 177.117006 0.000000
1692986488147350977 176.816185 0.000000
1692986488324462175 177.084018 0.000000
1692986488358900680 177.227215 0.000000
1692986488413924108 177.408127 0.000000
1692986488590778223 176.762773 0.000000
1692986488680102086 177.078265 0.000000
1692986488857187646 176.984280 0.000000
1692986488891442028 177.293660 0.000000
1692986488945912900 177.290334 0.000000
1692986488945942095 177.255689 0.000000
1692986489157656266 177.283461 0.000000
1692986489300929275 177.174056 0.000000
1692986489389567323 177.092473 0.000000
1692986489389672570 176.912786 0.000000
1692986489478498471 176.982156 0.000000
1692986489566884708 177.232896 0.000000
1692986489655688276 177.093825 0.000000
1692986489656175820 177.274534 0.000000
1692986489744730481 177.194042 0.000000
1692986489912585757 177.279653 0.000000
1692986490366356877 177.133400 0.000000
1692986490666847188 177.155653 0.000000
1692986490809812728 177.052337 0.000000
1692986490898545564 177.133670 0.000000
1692986490987454240 176.989109 0.000000
1692986490987495417 176.900322 0.000000
1692986491876850570 177.465712 0.000000
1692986491965183728 177.340047 0.000000
1692986492231279644 177.146193 0.000000
1692986492409076578 176.792281 0.000000
1692986492497284320 177.194905 0.000000
1692986492675703139 177.460213 0.000000
1692986492764041677 177.133751 0.000000
1692986492797284711 177.252113 0.000000
1692986492885653925 176.840500 0.000000
1692986492941480920 177.486362 0.000000
1692986493151693697 177.154510 0.000000
1692986493474598208 176.784024 0.000000
1692986493651496587 176.942061 0.000000
1692986493740700085 176.851570 0.000000
1692986494095710169 177.131957 0.000000
1692986494128153924 177.132377 0.000000
1692986494184528044 177.050805 0.000000
1692986494572148234 177.172623 0.000000
1692986494716909302 177.317525 0.000000
1692986494805744561 177.293019 0.000000
1692986494805761823 177.184015 0.000000
1692986494894348866 177.102191 0.000000
1692986494982902697 177.101119 0.000000
1692986494983842729 177.037449 0.000000
1692986495072042335 177.005430 0.000000
1692986495244631274 177.478436 0.000000
1692986495282278747 177.260831 0.000000
1692986495371056176 177.065412 0.000000
1692986495604503472 177.242714 0.000000
1692986495782323619 177.260627 0.000000
1692986495865960462 177.264124 0.000000
1692986495871023964 176.689316 0.000000
1692986496137262959 177.326784 0.000000
1692986496403433676 177.222839 0.000000
1692986496492295664 177.174626 0.000000
1692986496492334287 177.164388 0.000000
1692986496614245725 177.309038 0.000000
1692986496759506982 177.008315 0.000000
1692986496880291487 177.307837 0.000000
1692986496936315813 177.435275 0.000000
1692986497025236963 176.861079 0.000000
1692986497557987673 177.026278 0.000000
1692986497557993454 177.092913 0.000000
1692986497646008736 176.984871 0.000000
1692986497646074950 176.985713 0.000000
1692986497734939663 176.942562 0.000000
1692986498000779741 177.295103 0.000000
1692986498090432061 177.035676 0.000000
1692986498178575553 177.067186 0.000000
1692986498266820515 177.369914 0.000000
1692986498301100654 177.160520 0.000000
1692986498355377160 177.026478 0.000000
1692986498355405413 176.827285 0.000000
1692986498356009505 176.789625 0.000000
1692986498443323122 177.460082 0.000000
1692986498444187362 176.603095 0.000000
1692986498621170890 177.019375 0.000000
1692986498744519464 176.959916 0.000000
1692986498798491560 176.950186 0.000000
1692986498798935402 176.751764 0.000000
1692986499065002596 176.899040 0.000000
1692986499065190989 176.959694 0.000000
1692986499099563561 177.221597 0.000000
1692986499153531438 177.350154 0.000000
1692986499188134133 176.991373 0.000000
1692986499330720915 177.221387 0.000000
1692986499598071473 177.375713 0.000000
1692986499775158175 177.084638 0.000000
1692986499864032117 177.246763 0.000000
1692986499952817952 177.111258 0.000000
1692986500041643864 176.962330 0.000000
1692986500130121350 177.326631 0.000000
1692986500253512093 177.282579 0.000000
1692986500485373967 177.461013 0.000000
1692986500485516515 176.771241 0.000000
1692986500485899232 177.057006 0.000000
1692986501052967311 177.171781 0.000000
1692986501195713021 177.200024 0.000000
1692986501373455202 177.055554 0.000000
1692986501408026727 177.310993 0.000000
1692986501550986628 177.579105 0.000000
1692986501639969493 177.524132 0.000000
1692986501640002766 177.358542 0.000000
1692986501728318790 177.265597 0.000000
1692986501817112300 177.133400 0.000000
1692986502172422175 177.319629 0.000000
1692986502207018696 177.276128 0.000000
1692986502261193804 176.963612 0.000000
1692986502350190135 176.980914 0.000000
1692986502438545133 177.287389 0.000000
1692986502917190237 177.454423 0.000000
1692986502970824680 177.127860 0.000000
1692986502971185437 176.817960 0.000000
1692986503538573137 177.297712 0.000000
1692986503859303141 177.355767 0.000000
1692986503948552917 177.297360 0.000000
1692986504071386525 177.438000 0.000000
1692986504392176273 176.857343 0.000000
1692986504481099617 176.948935 0.000000
1692986504657966938 177.205195 0.000000
1692986504693022278 177.384121 0.000000
1692986504747759921 177.046115 0.000000
1692986505101636890 177.229149 0.000000
1692986505101667998 177.209833 0.000000
1692986505278898630 177.259426 0.000000
1692986505367658748 176.852924 0.000000
1692986505491693589 177.199834 0.000000
1692986505546786357 177.126257 0.000000
1692986505811975142 176.935057 0.000000
1692986506078906855 177.051837 0.000000
1692986506344740359 177.043740 0.000000
1692986506468213467 177.272511 0.000000
1692986506522517546 176.958542 0.000000
1692986506700155011 177.100018 0.000000
1692986506700205486 177.667562 0.000000
1692986506700582463 177.041979 0.000000
1692986506877683512 176.936911 0.000000
1692986506878023469 177.226003 0.000000
1692986506966027629 176.971438 0.000000
1692986506966061983 177.176322 0.000000
1692986506966723874 177.078308 0.000000
1692986507054681958 177.008214 0.000000
1692986507267441420 177.285025 0.000000
1692986507321373142 177.307428 0.000000
1692986507321394121 176.913689 0.000000
1692986507356157824 177.138210 0.000000
1692986507765457391 176.735353 0.000000
1692986507765730373 177.088425 0.000000
1692986507854162926 177.054641 0.000000
1692986507942694795 176.791098 0.000000
1692986508031024708 177.024667 0.000000
1692986508031679856 177.098024 0.000000
1692986508741257664 177.429645 0.000000
1692986508776156252 177.176423 0.000000
1692986508918743585 176.819782 0.000000
1692986509007598920 177.084357 0.000000
1692986509008090372 176.902717 0.000000
1692986509130942125 177.164127 0.000000
1692986509273543184 177.170149 0.000000
1692986509308157017 177.205544 0.000000
1692986509362388280 177.091080 0.000000
1692986509362502023 176.932854 0.000000
1692986509451356146 177.081241 0.000000
1692986509895567355 177.160009 0.000000
1692986510073316048 176.947882 0.000000
1692986510428528181 177.083327 0.000000
1692986510463024865 177.148538 0.000000
1692986510517495247 177.207269 0.000000
1692986510872707830 177.284262 0.000000
1692986511228402266 177.135113 0.000000
1692986511316918576 177.244577 0.000000
1692986511316963891 177.108001 0.000000
1692986511671955720 177.298770 0.000000
1692986511706217494 177.553507 0.000000
1692986511760723962 177.360915 0.000000
1692986511761371326 176.908187 0.000000
1692986511849625907 176.896245 0.000000
1692986512026777221 177.234620 0.000000
1692986512026905161 176.825523 0.000000
1692986512470904723 176.803001 0.000000
1692986512736744490 176.759017 0.000000
1692986513002260882 176.762004 0.000000
1692986513126746448 177.351078 0.000000
1692986513180526864 177.040675 0.000000
1692986513269243660 176.884973 0.000000
1692986513446477169 177.232046 0.000000
1692986513535381067 177.351119 0.000000
1692986513623649883 177.170590 0.000000
1692986513889761380 177.139673 0.000000
1692986513890196636 176.992737 0.000000
1692986513979338320 176.913909 0.000000
1692986514103039364 177.170108 0.000000
1692986514333988507 176.718551 0.000000
1692986514422836921 176.855529 0.000000
1692986514458093219 177.281638 0.000000
1692986514600478012 177.003045 0.000000
1692986514777702864 176.881568 0.000000
1692986514866249874 177.017173 0.000000
1692986515043675352 177.160772 0.000000
1692986515043824601 176.770009 0.000000
1692986515221736091 176.814753 0.000000
1692986515309944945 177.376966 0.000000
1692986515434165555 177.184907 0.000000
1692986515576408420 177.431960 0.000000
1692986515700065715 177.077215 0.000000
1692986515700110278 177.123772 0.000000
1692986515877318989 177.206426 0.000000
1692986516020454531 177.135745 0.000000
1692986516108844944 177.239569 0.000000
1692986516463993517 177.333915 0.000000
1692986516764637105 177.361119 0.000000
1692986516818781504 177.146945 0.000000
1692986516907727140 177.249567 0.000000
1692986516908209474 177.193852 0.000000
1692986516996288514 176.983047 0.000000
1692986517173987976 177.210946 0.000000
1692986517563746778 177.264767 0.000000
1692986517617432167 177.332212 0.000000
1692986517617643774 176.902146 0.000000
1692986517794757938 177.007344 0.000000
1692986517883227319 177.096821 0.000000
1692986518327002561 177.407954 0.000000
1692986518416217191 177.038021 0.000000
1692986518504335565 177.113492 0.000000
1692986518504364720 177.360325 0.000000
1692986518505301797 177.646893 0.000000
1692986518539692031 177.048972 0.000000
1692986518770476546 177.090769 0.000000
1692986518771043389 176.973911 0.000000
1692986518771072053 176.992696 0.000000
1692986518948067253 177.021660 0.000000
1692986519125278238 177.208701 0.000000
1692986519125683709 177.030878 0.000000
1692986519126099388 176.855088 0.000000
1692986519213869510 176.995291 0.000000
1692986519215025567 176.822116 0.000000
1692986519303143110 176.759049 0.000000
1692986519480415912 177.225012 0.000000
1692986519480459414 176.875157 0.000000
1692986519835452095 177.281578 0.000000
1692986520102528109 177.025688 0.000000
1692986520190600719 176.903620 0.000000
1692986520191088994 177.061025 0.000000
1692986520634589859 177.110717 0.000000
1692986520635002813 176.947310 0.000000
1692986520722979130 177.232043 0.000000
1692986520900627768 176.641119 0.000000
1692986521255448707 177.201799 0.000000
1692986521433371888 176.702974 0.000000
1692986521470862698 177.348936 0.000000
1692986521521515801 177.138409 0.000000
1692986521522055272 176.978930 0.000000
1692986521648174151 177.184455 0.000000
1692986521787729509 177.270317 0.000000
1692986521788317671 177.434975 0.000000
1692986521876887143 176.926011 0.000000
1692986522142652711 177.039223 0.000000
1692986522231698896 177.158759 0.000000
1692986522320239673 176.967190 0.000000
1692986522498636570 176.860246 0.000000
1692986523030641726 177.051957 0.000000
1692986523563649821 177.040174 0.000000
1692986523829671450 177.136598 0.000000
1692986523830009204 176.800036 0.000000
1692986523919110741 177.179427 0.000000
1692986524311756404 177.291217 0.000000
1692986524539546895 177.071524 0.000000
1692986524539653134 177.140013 0.000000
1692986524806100740 176.944636 0.000000
1692986524844075325 177.157023 0.000000
1692986524895128218 176.883812 0.000000
1692986525250378865 177.436700 0.000000
1692986525338698757 177.046698 0.000000
1692986525427904719 176.723299 0.000000
1692986525516590289 177.137479 0.000000
1692986525516770908 176.997196 0.000000
1692986525693341683 177.190497 0.000000
1692986525693692320 176.920681 0.000000
1692986525870833576 177.139051 0.000000
1692986526048477152 177.641041 0.000000
1692986526086936995 177.203139 0.000000
1692986526225845233 177.392637 0.000000
1692986526226446190 177.195548 0.000000
1692986526264220901 177.275891 0.000000
1692986526669475064 176.910113 0.000000
1692986526847165468 177.248477 0.000000
1692986526885336672 177.330701 0.000000
1692986526935869872 176.963915 0.000000
1692986526936288767 177.088658 0.000000
1692986527201641669 177.168734 0.000000
1692986527201674972 176.927632 0.000000
1692986527201685882 177.015357 0.000000
1692986527556950094 176.914860 0.000000
1692986527772689712 177.021298 0.000000
1692986528002777573 179.216184 0.000000
1692986528091712358 177.243055 0.000000
1692986528091724020 177.301816 0.000000
1692986528180723568 176.911766 0.000000
1692986528358085035 176.972127 0.000000
1692986528358259963 177.126457 0.000000
1692986528625032019 177.395943 0.000000
1692986528713449803 177.774181 0.000000
1692986528802412001 177.377688 0.000000
1692986528838491563 177.247183 0.000000
1692986528891241950 177.262985 0.000000
1692986528979975778 177.188954 0.000000
1692986529156997348 177.007694 0.000000
1692986529245877820 177.120043 0.000000
1692986529245880335 176.871267 0.000000
1692986529245915200 176.732576 0.000000
1692986529512625942 177.408425 0.000000
1692986529548296017 177.207170 0.000000
1692986529726021126 177.151273 0.000000
1692986529778912276 176.906064 0.000000
1692986529868651209 177.736841 0.000000
1692986529991988422 177.060834 0.000000
1692986530080858927 176.995471 0.000000
1692986530134466269 177.032920 0.000000
1692986530524395419 177.198689 0.000000
1692986530577769967 176.812669 0.000000
1692986530666511561 176.930260 0.000000
1692986530843788538 177.274683 0.000000
1692986530844197355 176.839467 0.000000
1692986531110450217 176.801396 0.000000
1692986531198809793 177.178643 0.000000
1692986531501337766 177.261711 0.000000
1692986531554624818 176.869597 0.000000
1692986531647509508 181.683971 0.000000
1692986531926161306 177.183323 0.000000
1692986532014560467 177.003918 0.000000
1692986532192806343 177.072276 0.000000
1692986532724909502 176.964393 0.000000
1692986532813414552 177.085150 0.000000
1692986532902664518 177.109205 0.000000
1692986533257715448 177.049322 0.000000
1692986533281487888 177.140314 0.000000
1692986533458418318 176.928156 0.000000
1692986533612417115 177.343424 0.000000
1692986533701974920 177.547418 0.000000
1692986533790163455 176.743970 0.000000
1692986534056454669 177.305685 0.000000
1692986534233706532 177.249769 0.000000
1692986534234143852 177.002455 0.000000
1692986534234143732 176.982147 0.000000
1692986534346790344 177.271932 0.000000
1692986534411633523 176.764100 0.000000
1692986534588631981 177.089138 0.000000
1692986534678005278 177.101019 0.000000
1692986535032750536 176.831946 0.000000
1692986535209981680 177.226395 0.000000
1692986535299007555 176.820242 0.000000
1692986535565396633 177.007244 0.000000
1692986536010253352 177.065113 0.000000
1692986536365188677 176.859337 0.000000
1692986536987046086 176.932143 0.000000
1692986537076166458 177.398278 0.000000
1692986537076347287 177.611467 0.000000
1692986537164679452 177.326831 0.000000
1692986537164800579 177.030325 0.000000
1692986537252957568 177.010381 0.000000
1692986537253111486 177.117803 0.000000
1692986537430653853 177.196359 0.000000
1692986537431029458 177.491632 0.000000
1692986537518899536 176.970242 0.000000
1692986537519008060 176.725784 0.000000
1692986537696554827 177.233480 0.000000
1692986537785217161 177.260431 0.000000
1692986537810289766 177.234969 0.000000
1692986537962966895 177.716451 0.000000
1692986538140663945 176.946282 0.000000
1692986538318645936 177.472095 0.000000
1692986538318807549 177.084508 0.000000
1692986538406973853 176.906386 0.000000
1692986538761813998 177.067096 0.000000
1692986538786651104 177.017984 0.000000
1692986538850678212 176.769308 0.000000
1692986539027948239 177.267492 0.000000
1692986539205802090 176.837726 0.000000
1692986539383221827 176.928486 0.000000
1692986539384168853 177.377629 0.000000
1692986539585451720 177.372540 0.000000
1692986539650141821 177.186000 0.000000
1692986540271280786 177.118143 0.000000
1692986540360066292 176.912547 0.000000
1692986540384471107 177.162686 0.000000
1692986540537665606 177.474410 0.000000
1692986540803954566 176.972190 0.000000
1692986540828134609 177.091332 0.000000
1692986540892513607 176.987267 0.000000
1692986541069667006 177.151025 0.000000
1692986541070257433 176.962371 0.000000
1692986541158587314 177.212398 0.000000
1692986541247356699 176.985824 0.000000
1692986541602193620 177.134605 0.000000
1692986541602928558 177.162297 0.000000
1692986541780187614 176.975415 0.000000
1692986541958130671 177.297727 0.000000
1692986542135812469 177.222076 0.000000
1692986542159748796 177.219000 0.000000
1692986542402340318 177.126960 0.000000
1692986542490633440 177.165791 0.000000
1692986543201279713 177.083497 0.000000
1692986543289950222 176.760793 0.000000
1692986543468077225 177.082184 0.000000
1692986543555639607 177.289733 0.000000
1692986543556377029 177.099757 0.000000
1692986543556410492 177.126797 0.000000
1692986543644744441 176.726868 0.000000
1692986543645114395 177.035467 0.000000
1692986543668799040 177.357720 0.000000
1692986543821567672 177.065005 0.000000
1692986543822031742 176.915755 0.000000
1692986544379511970 176.966117 0.000000
1692986544443227293 177.010671 0.000000
1692986544443256618 177.143890 0.000000
1692986544709611231 177.273974 0.000000
1692986544710267752 177.169739 0.000000
1692986544887537298 176.897569 0.000000
1692986545242301583 177.100139 0.000000
1692986545242347148 177.092945 0.000000
1692986545243398740 177.507763 0.000000
1692986545267131724 177.215766 0.000000
1692986545508462663 177.239440 0.000000
1692986545508490485 177.237737 0.000000
1692986545509426570 176.932415 0.000000
1692986545597945115 176.743950 0.000000
1692986545799760419 177.087734 0.000000
1692986545863119715 176.947733 0.000000
1692986546041464165 176.976205 0.000000
1692986546065699103 177.072429 0.000000
1692986546129168755 177.204544 0.000000
1692986546243703025 177.189916 0.000000
1692986546306986849 177.220894 0.000000
1692986546307403410 176.898429 0.000000
1692986546484166987 177.208601 0.000000
1692986546573083519 176.977478 0.000000
1692986546662522951 177.335641 0.000000
1692986546839181400 176.657508 0.000000
1692986546839921558 177.012283 0.000000
1692986546928199353 176.994211 0.000000
1692986546953350827 176.975746 0.000000
1692986547016747343 177.439756 0.000000
1692986547017199090 177.237707 0.000000
1692986547042243223 177.123582 0.000000
1692986547105931505 177.700493 0.000000
1692986547219371493 177.157276 0.000000
1692986547282870863 176.965587 0.000000
1692986547549722757 176.750692 0.000000
1692986547637569752 177.036307 0.000000
1692986547904776302 177.396032 0.000000
1692986548018269710 177.284383 0.000000
1692986548081832407 177.054151 0.000000
1692986548348001283 177.125836 0.000000
1692986548437187688 176.900862 0.000000
1692986548639674895 177.206710 0.000000
1692986548880663712 176.828429 0.000000
1692986549057694821 177.028595 0.000000
1692986549058041902 176.818651 0.000000
1692986549147133942 177.134625 0.000000
1692986549235225675 177.181699 0.000000
1692986549324745126 177.046776 0.000000
1692986549324769352 176.917123 0.000000
1692986549412985291 176.996285 0.000000
1692986549438684691 177.184696 0.000000
1692986549501347653 177.226657 0.000000
1692986549590238817 176.703786 0.000000
1692986549590905236 176.998758 0.000000
1692986549945113077 177.329128 0.000000
1692986550034139474 177.381214 0.000000
1692986550034501673 177.515566 0.000000
1692986550566786776 177.162286 0.000000
1692986550566876364 177.311496 0.000000
1692986550567345914 176.975135 0.000000
1692986550655737832 176.906056 0.000000
1692986550681565022 177.184556 0.000000
1692986550921905726 176.955608 0.000000
1692986551010830954 176.926994 0.000000
1692986551099003710 177.018785 0.000000
1692986551099590760 176.855449 0.000000
1692986551276628984 177.241334 0.000000
1692986551365398048 176.759390 0.000000
1692986551391508029 177.183715 0.000000
1692986551542589037 177.156524 0.000000
1692986551632085086 176.986176 0.000000
1692986551986488151 177.054021 0.000000
1692986552075744000 176.853317 0.000000
1692986552190750655 177.030518 0.000000
1692986552341403891 177.232086 0.000000
1692986552342047918 177.035657 0.000000
1692986552430732344 176.905643 0.000000
1692986552607822444 177.083659 0.000000
1692986552634691499 177.219162 0.000000
1692986552723753151 177.297528 0.000000
1692986552785380079 176.904401 0.000000
1692986552962852277 177.556826 0.000000
1692986553140244292 177.157877 0.000000
1692986553495694975 177.142459 0.000000
1692986553672399192 177.234030 0.000000
1692986553672430510 177.329779 0.000000
1692986554027159928 177.317064 0.000000
1692986554205168390 176.977479 0.000000
1692986554322500435 177.241192 0.000000
1692986554382536892 177.247415 0.000000
1692986554559859718 176.789496 0.000000
1692986554736648181 176.785968 0.000000
1692986554915187529 177.116410 0.000000
1692986555003834514 176.998968 0.000000
1692986555270357011 177.042800 0.000000
1692986555299058572 177.296949 0.000000
1692986555299088719 177.356580 0.000000
1692986555357703349 177.074360 0.000000
1692986555476210127 177.149190 0.000000
1692986555624203594 177.506549 0.000000
1692986555653670901 177.249939 0.000000
1692986555802172891 176.869506 0.000000
1692986556246199847 177.256131 0.000000
1692986556334442074 176.793934 0.000000
1692986556868175941 177.599673 0.000000
1692986557045466306 177.262172 0.000000
1692986557223140119 177.287610 0.000000
1692986557312093152 177.061547 0.000000
1692986557429613529 177.090310 0.000000
1692986557755734562 177.083667 0.000000
1692986557873249281 177.268164 0.000000
1692986558199380184 177.350469 0.000000
1692986558316994158 177.114066 0.000000
1692986558494323064 177.331662 0.000000
1692986558554572379 177.055814 0.000000
1692986558671536916 176.954205 0.000000
1692986558731695329 177.120626 0.000000
1692986558732423014 176.972258 0.000000
1692986558909855347 176.817180 0.000000
1692986558998925877 176.806459 0.000000
1692986559087501489 177.201929 0.000000
1692986559531725305 176.935631 0.000000
1692986559710050109 177.681649 0.000000
1692986559710126853 177.711495 0.000000
1692986559797703852 177.032381 0.000000
1692986559797975341 177.203863 0.000000
1692986559826429888 177.236474 0.000000
1692986559887264661 177.182051 0.000000
1692986559975244676 177.009989 0.000000
1692986559975275975 177.026540 0.000000
1692986560181455272 177.272271 0.000000
1692986560270253802 177.189836 0.000000
1692986560330446773 177.272772 0.000000
1692986560418916927 176.983540 0.000000
1692986560418937826 177.174057 0.000000
1692986560596272694 177.353764 0.000000
1692986560802645554 177.293342 0.000000
1692986560891603632 177.255838 0.000000
1692986561218237739 177.272803 0.000000
1692986561573770012 177.546875 0.000000
1692986561601712740 177.185290 0.000000
1692986561662384288 177.166314 0.000000
1692986561752076541 177.326933 0.000000
1692986561752113110 177.294993 0.000000
1692986562134806910 177.351660 0.000000
1692986562195592480 177.023524 0.000000
1692986562372990146 177.043823 0.000000
1692986562462344819 177.175759 0.000000
1692986562551865304 177.357612 0.000000
1692986562639043336 177.282041 0.000000
1692986562905584870 176.768487 0.000000
1692986563021947818 177.063820 0.000000
1692986563349402752 176.866669 0.000000
1692986563615554776 176.829251 0.000000
1692986563644972990 177.157818 0.000000
1692986563732106197 177.352051 0.000000
1692986563793755528 177.106101 0.000000
1692986564059940836 177.263256 0.000000
1692986564059984998 177.135797 0.000000
1692986564060029051 176.699629 0.000000
1692986564149035921 176.871812 0.000000
1692986564770477466 177.316525 0.000000
1692986564859380060 176.769088 0.000000
1692986565036410840 177.029307 0.000000
1692986565036437309 177.123283 0.000000
1692986565036928861 177.525087 0.000000
1692986565569642367 176.829402 0.000000
1692986565598040907 177.255760 0.000000
1692986565924650008 177.177305 0.000000
1692986566013278959 177.115607 0.000000
1692986566013821236 177.008106 0.000000
1692986566191309192 176.769119 0.000000
1692986566191361661 176.835163 0.000000
1692986566279533356 176.868365 0.000000
1692986566279569293 177.479511 0.000000
1692986566280310192 176.888172 0.000000
1692986566368385397 177.052710 0.000000
1692986566368413630 177.050877 0.000000
1692986566634519157 177.328317 0.000000
1692986566634873291 177.120197 0.000000
1692986566812829113 176.917335 0.000000
1692986566901239986 177.200727 0.000000
1692986567167538496 177.263275 0.000000
1692986567284636140 177.110457 0.000000
1692986567522546578 177.293641 0.000000
1692986567639783485 177.190702 0.000000
1692986567700932628 176.771964 0.000000
1692986567905782180 177.047560 0.000000
1692986568056208931 176.879384 0.000000
1692986568260508114 177.223531 0.000000
1692986568588517769 177.035558 0.000000
1692986568588707375 176.828400 0.000000
1692986569122097558 177.209616 0.000000
1692986569210758671 177.012406 0.000000
1692986569299333330 177.207168 0.000000
1692986569299777824 177.077926 0.000000
1692986569388015435 177.160704 0.000000
1692986569388021897 177.033736 0.000000
1692986569388732449 176.922167 0.000000
1692986569565848255 177.189104 0.000000
1692986569654573869 177.722145 0.000000
1692986569654580532 177.709171 0.000000
1692986569832528160 177.304432 0.000000
1692986570009822491 176.847614 0.000000
1692986570276560875 177.388509 0.000000
1692986570364779207 177.255202 0.000000
1692986570364849388 176.647612 0.000000
1692986570720042187 176.997146 0.000000
1692986571013680653 177.302890 0.000000
1692986571163238084 177.428795 0.000000
1692986571163780882 177.377088 0.000000
1692986571517923892 177.116420 0.000000
1692986571518324193 176.784116 0.000000
1692986571634432835 176.861422 0.000000
1692986571989171471 177.137287 0.000000
1692986572050741402 177.170880 0.000000
1692986572051682667 176.963472 0.000000
1692986572140304418 177.057932 0.000000
1692986572318281210 177.111540 0.000000
1692986572406639675 176.761103 0.000000
1692986572521072114 176.956900 0.000000
1692986572583890747 177.141887 0.000000
1692986572583921745 177.277341 0.000000
1692986572673215653 177.248006 0.000000
1692986572938720605 176.888773 0.000000
1692986573231903235 177.367258 0.000000
1692986573293790402 176.934848 0.000000
1692986573294359098 176.798963 0.000000
1692986573383047222 176.848257 0.000000
1692986573472087965 177.321803 0.000000
1692986573498021817 177.425909 0.000000
1692986573559937134 177.200134 0.000000
1692986574093094492 176.996034 0.000000
1692986574093419622 177.251222 0.000000
1692986574181278349 177.069000 0.000000
1692986574359362204 177.269287 0.000000
1692986574475204013 177.433471 0.000000
1692986574475234580 177.497821 0.000000
1692986574563955697 177.211998 0.000000
1692986574714063621 177.022313 0.000000
1692986574802953502 177.108073 0.000000
1692986574802955175 176.759870 0.000000
1692986574830041267 177.295875 0.000000
1692986575007257734 177.171122 0.000000
1692986575361969501 177.073349 0.000000
