1692986427227065724 81.984047 584.398998 570 9252 0.000000
1692986428245905334 81.955943 589.886792 601 9842 0.000000
1692986429239017402 82.029438 585.029627 581 10423 0.000000
1692986430245624437 80.906040 593.081501 597 11020 0.000000
1692986431247279985 83.327185 572.052882 573 11593 0.000000
1692986432258153602 81.955977 584.642858 591 12184 0.000000
1692986433263190304 81.302905 585.053266 588 12784 0.000000
1692986434264709174 80.885157 597.093081 598 13375 0.000000
1692986435266559968 82.523617 590.906378 592 13962 0.000000
1692986436256427273 82.731522 577.855225 572 14534 0.000000
1692986437266165771 80.909357 587.280738 593 15127 0.000000
1692986438259179397 82.380632 589.115783 585 15712 0.000000
1692986439267587472 82.058140 589.047293 594 16307 0.000000
1692986440270035507 81.046513 576.588468 578 16884 0.000000
1692986441266775648 81.588562 592.932895 591 17486 0.000000
1692986442255246425 81.121035 603.963227 597 18072 0.000000
1692986443267639023 81.745397 585.741117 593 18665 0.000000
1692986444268167466 81.432114 575.695778 576 19241 0.000000
1692986445274639854 82.207657 594.154390 598 19839 0.000000
1692986446280829939 80.035470 592.333411 596 20447 0.000000
1692986447269773805 80.780297 605.696658 599 21035 0.000000
1692986448288576480 80.660235 585.982017 597 21631 0.000000
1692986449270630096 81.468375 599.763582 589 22220 0.000000
1692986450288977008 81.816831 580.352327 591 22811 0.000000
1692986451271923973 81.473234 590.062360 580 23391 0.000000
1692986452289713009 82.314968 588.530608 599 23990 0.000000
1692986453295867241 80.625382 579.434006 583 24573 0.000000
1692986454289969830 82.273001 592.494200 589 25162 0.000000
1692986455281259985 81.898253 585.096090 580 25742 0.000000
1692986456290614747 81.274272 598.402103 604 26346 0.000000
1692986457288510648 80.771716 583.227132 582 26929 0.000000
1692986458301296503 80.557119 594.400117 602 27530 0.000000
1692986459300148446 80.937681 594.682712 594 28137 0.000000
1692986460306118314 80.680217 599.421533 603 28727 0.000000
1692986461310108528 79.833605 601.599477 604 29331 0.000000
1692986462292469194 81.873760 583.288845 573 29904 0.000000
1692986463310433789 82.393699 585.482069 596 30500 0.000000
1692986464301215151 81.166545 589.433729 584 31084 0.000000
1692986465311988885 82.810262 581.732620 588 31672 0.000000
1692986466312535667 81.591890 583.680813 584 32256 0.000000
1692986467320996376 82.023475 586.041701 591 32847 0.000000
1692986468322908207 82.948110 569.910405 571 33418 0.000000
1692986469319670883 80.597423 603.955199 602 34020 0.000000
1692986470306493212 81.464988 593.825246 586 34606 0.000000
1692986471315084703 81.456252 587.948638 593 35199 0.000000
1692986472330316788 81.086589 580.162904 589 35796 0.000000
1692986473322833163 81.687237 600.493847 596 36384 0.000000
1692986474333237617 82.131743 586.893744 593 36977 0.000000
1692986475315428544 81.457037 587.462133 577 37554 0.000000
1692986476334766234 81.510333 582.731345 594 38148 0.000000
1692986477317884092 81.559874 599.114333 589 38737 0.000000
1692986478334900882 82.105490 581.111350 591 39328 0.000000
1692986479342466273 81.355868 574.652507 579 39907 0.000000
1692986480336495298 81.894670 604.610106 601 40508 0.000000
1692986481318715792 82.936932 578.281572 568 41079 0.000000
1692986482337566954 82.136323 582.028112 593 41669 0.000000
1692986483340909720 81.655299 571.090959 573 42242 0.000000
1692986484337658642 81.311900 609.983060 608 42850 0.000000
1692986485342159619 80.524313 586.360827 589 43445 0.000000
1692986486338422410 80.793712 598.235726 596 44035 0.000000
1692986487356351923 81.548052 597.290907 608 44643 0.000000
1692986488338232301 81.021365 584.592549 574 45220 0.000000
1692986489356923722 81.088211 586.045962 597 45814 0.000000
1692986490356508824 83.811026 567.235368 567 46381 0.000000
1692986491357181274 82.019356 599.596795 600 46981 0.000000
1692986492353823680 80.741831 585.967441 584 47565 0.000000
1692986493356964798 81.949998 589.149447 591 48156 0.000000
1692986494362825675 81.142218 592.527253 596 48752 0.000000
1692986495371021441 81.747173 583.220071 588 49342 0.000000
1692986496348248365 81.747401 590.446266 577 49917 0.000000
1692986497359472516 80.549529 593.340283 600 50517 0.000000
1692986498356465210 81.804195 590.776646 589 51117 0.000000
1692986499365892454 82.991195 581.517866 587 51693 0.000000
1692986500379476892 81.054317 586.038984 594 52287 0.000000
1692986501374167517 81.317499 593.149251 590 52877 0.000000
1692986502380127582 82.276476 583.522194 587 53467 0.000000
1692986503362363276 81.301818 589.471523 579 54043 0.000000
1692986504380306920 81.152380 587.458859 598 54641 0.000000
1692986505370347779 82.567658 588.864567 583 55224 0.000000
1692986506381268654 81.293109 587.583108 594 55818 0.000000
1692986507362604090 84.136406 573.707975 563 56381 0.000000
1692986508386699287 80.767369 597.600717 612 56993 0.000000
1692986509396912816 82.326420 561.267478 567 57568 0.000000
1692986510381400223 81.577123 601.328177 592 58152 0.000000
1692986511399583055 80.692542 591.249418 602 58754 0.000000
1692986512382836372 80.393080 611.236179 601 59355 0.000000
1692986513400247748 81.087422 583.834636 594 59949 0.000000
1692986514381726567 82.022732 580.756221 570 60519 0.000000
1692986515400397636 81.513275 599.801120 611 61130 0.000000
1692986516383100088 82.078119 586.138763 576 61709 0.000000
1692986517401303579 80.964788 586.326800 597 62303 0.000000
1692986518383374768 81.579730 582.442531 572 62875 0.000000
1692986519402004376 82.281086 588.044953 599 63474 0.000000
1692986520405501855 81.831235 583.957580 586 64060 0.000000
1692986521404756149 80.623742 597.445507 597 64657 0.000000
1692986522410484683 82.529834 575.702088 579 65245 0.000000
1692986523404917349 79.845244 609.392631 606 65842 0.000000
1692986524423542820 81.755818 583.138812 594 66436 0.000000
1692986525406789050 81.079598 592.933871 583 67019 0.000000
1692986526425651461 81.345880 595.762531 607 67626 0.000000
1692986527418098775 81.458310 584.413877 580 68206 0.000000
1692986528428436652 81.019540 589.901681 596 68802 0.000000
1692986529424561338 81.927884 592.295301 590 69392 0.000000
1692986530428842729 81.505026 589.476234 592 69984 0.000000
1692986531413324327 80.687032 589.142556 580 70564 0.000000
1692986532434874594 82.415194 581.469179 594 71158 0.000000
1692986533435870645 81.350293 594.407922 595 71753 0.000000
1692986534440882168 81.375038 585.067965 588 72352 0.000000
1692986535417066192 80.971589 602.345413 588 72929 0.000000
1692986536435910175 80.803468 584.976704 596 73525 0.000000
1692986537431396656 82.158890 589.661466 587 74112 0.000000
1692986538441304126 81.479014 592.133473 598 74710 0.000000
1692986539417959374 81.195073 587.720152 574 75284 0.000000
1692986540449975423 82.613587 580.417358 599 75883 0.000000
1692986541449919485 81.996589 576.032205 576 76460 0.000000
1692986542440361849 81.674647 598.722383 593 77052 0.000000
1692986543455962684 81.271929 566.167306 575 77642 0.000000
1692986544444294133 82.823209 605.060194 598 78225 0.000000
1692986545457477545 82.851356 574.427091 582 78807 0.000000
1692986546439912088 82.203636 588.334338 578 79385 0.000000
1692986547461663814 82.861986 579.397090 592 79977 0.000000
1692986548462759612 83.003777 569.376107 570 80547 0.000000
1692986549457326983 81.918425 591.211846 588 81135 0.000000
1692986550439940794 81.449548 589.244714 579 81714 0.000000
1692986551458487502 83.048991 584.165650 595 82309 0.000000
1692986552457500430 82.141220 573.566129 573 82882 0.000000
1692986553459740366 81.114386 594.667999 596 83478 0.000000
1692986554472186166 80.821115 591.636627 599 84077 0.000000
1692986555476419690 81.323741 594.483199 597 84675 0.000000
1692986556478007062 81.463175 589.064923 590 85267 0.000000
1692986557460411289 80.401204 590.388381 580 85844 0.000000
1692986558480036308 81.016088 600.220646 612 86456 0.000000
1692986559471384937 81.417051 588.087766 583 87039 0.000000
1692986560481022893 83.562143 572.482456 578 87617 0.000000
1692986561485807369 80.641942 593.161971 596 88213 0.000000
1692986562481492327 82.030004 590.548300 588 88801 0.000000
1692986563467813548 80.858757 596.154662 588 89389 0.000000
1692986564481940193 82.707819 574.878902 583 89972 0.000000
1692986565481686646 80.876898 592.150096 592 90564 0.000000
1692986566485796219 81.895184 590.572997 593 91157 0.000000
1692986567463552582 80.644615 600.354076 587 91748 0.000000
1692986568482396933 80.408204 586.939501 598 92352 0.000000
1692986569500747583 81.960876 587.224051 598 92947 0.000000
1692986570483777364 81.572905 594.081690 584 93524 0.000000
1692986571502341599 81.431755 578.264953 589 94113 0.000000
1692986572495996071 81.173496 596.786917 593 94706 0.000000
1692986573502851441 81.941906 591.942071 596 95302 0.000000
1692986574483902231 82.389139 581.009645 570 95872 0.000000
1692986575502868569 81.041097 581.962329 593 96467 0.000000
