1692982320248833483 139.585574 114.221186 112 16 0.000000
1692982321261075437 143.791985 111.633392 113 16 0.000000
1692982322255079336 146.242979 111.669576 111 16 0.000000
1692982323251907862 141.544415 111.353159 111 16 0.000000
1692982324257311278 135.837453 118.360446 119 16 0.000000
1692982325273811862 143.965528 109.198152 111 16 0.000000
1692982326264536432 139.367423 116.076664 115 16 0.000000
1692982327275496566 136.160691 118.699048 120 16 0.000000
1692982328278401328 132.066879 117.658224 118 16 0.000000
1692982329273377787 127.368325 129.651308 129 16 0.000000
1692982330278722726 133.556693 118.367333 119 16 0.000000
1692982331260801912 136.314913 117.098501 115 16 0.000000
1692982332277368960 127.999947 126.897690 129 16 0.000000
1692982333282255468 139.049128 113.445651 114 16 0.000000
1692982334281954442 139.946206 112.033722 112 16 0.000000
1692982335275618685 132.832035 124.790632 124 16 0.000000
1692982336287234964 136.568778 115.656489 117 16 0.000000
1692982337286040019 137.144174 114.136414 114 16 0.000000
1692982338292916523 134.966930 120.173629 121 16 0.000000
1692982339289427880 133.942044 120.420091 120 16 0.000000
1692982340289713747 133.990360 115.966851 116 16 0.000000
1692982341275428343 149.246767 111.594176 110 16 0.000000
1692982342292971125 132.804256 116.948380 119 16 0.000000
1692982343264933019 139.865000 115.230876 112 16 0.000000
1692982344294085346 134.557768 120.487491 124 16 0.000000
1692982345293508285 139.805512 114.065835 114 16 0.000000
1692982346301734953 139.589194 111.086112 112 16 0.000000
1692982347304297829 128.742919 129.667686 130 16 0.000000
1692982348301297255 132.460625 118.355133 118 16 0.000000
1692982349306061774 141.470864 112.464163 113 16 0.000000
1692982350307421001 136.144363 119.837131 120 16 0.000000
1692982351304445600 138.564317 116.346172 116 16 0.000000
1692982352309003995 140.852147 110.496303 111 16 0.000000
1692982353311400283 135.065517 119.713130 120 16 0.000000
1692982354304508903 135.465555 118.818847 118 16 0.000000
1692982355309599419 140.142654 113.422612 114 16 0.000000
1692982356301203797 129.238086 124.041394 123 16 0.000000
1692982357304151005 132.510811 119.647387 120 16 0.000000
1692982358314850461 133.546479 120.708472 122 16 0.000000
1692982359318409652 142.922162 109.609887 110 16 0.000000
1692982360314821401 139.244685 117.421329 117 16 0.000000
1692982361319372107 135.026247 118.460913 119 16 0.000000
1692982362317945021 133.232250 120.171500 120 16 0.000000
1692982363312231979 136.559225 118.678028 118 16 0.000000
1692982364321587219 132.075124 118.887759 120 16 0.000000
1692982365321395496 136.628710 115.022068 115 16 0.000000
1692982366321254277 127.959535 127.017937 127 16 0.000000
1692982367325247291 134.251758 121.514792 122 16 0.000000
1692982368324860993 137.134282 113.043668 113 16 0.000000
1692982369328229260 132.071954 122.587075 123 16 0.000000
1692982370328754206 128.942862 123.934943 124 16 0.000000
1692982371329386120 135.437145 117.925485 118 16 0.000000
1692982372331622976 132.810783 121.727706 122 16 0.000000
1692982373332134706 128.876829 122.937106 123 16 0.000000
1692982374332885537 135.081368 118.910722 119 16 0.000000
1692982375335336540 135.021521 118.709040 119 16 0.000000
1692982376315693083 141.024803 114.244151 112 16 0.000000
1692982377338042215 137.822724 113.464179 116 16 0.000000
1692982378347215257 132.128052 123.863782 125 16 0.000000
1692982379340611469 132.851699 118.784436 118 16 0.000000
1692982380334204118 133.771014 120.773821 120 16 0.000000
1692982381339978697 132.861143 122.293819 123 16 0.000000
1692982382336334777 138.722186 113.413272 113 16 0.000000
1692982383347820030 125.939591 126.546562 128 16 0.000000
1692982384354798297 136.635798 116.189201 117 16 0.000000
1692982385321684128 131.013053 125.144057 121 16 0.000000
1692982386351193231 134.671188 116.560408 120 16 0.000000
1692982387347884285 130.711036 123.408335 123 16 0.000000
1692982388329717838 139.065288 115.090794 113 16 0.000000
1692982389354623769 129.656262 120.986723 124 16 0.000000
1692982390361838239 130.712710 125.097491 126 16 0.000000
1692982391364114299 134.685561 117.732017 118 16 0.000000
1692982392359236966 130.966541 120.588150 120 16 0.000000
1692982393358848029 130.989510 125.048633 125 16 0.000000
1692982394351919729 137.160941 114.795340 114 16 0.000000
1692982395362978851 140.466692 114.731174 116 16 0.000000
1692982396362356892 130.040536 125.077794 125 16 0.000000
1692982397371396525 132.323203 119.916014 121 16 0.000000
1692982398374745873 133.621883 118.602750 119 16 0.000000
1692982399356714183 128.876307 125.258622 123 16 0.000000
1692982400374587574 130.340755 122.805075 125 16 0.000000
1692982401371110044 135.892297 117.408291 117 16 0.000000
1692982402369623851 127.760255 122.181568 122 16 0.000000
1692982403377843832 131.806525 122.989032 124 16 0.000000
1692982404374889265 136.986823 116.343764 116 16 0.000000
1692982405377182266 125.936284 127.707149 128 16 0.000000
1692982406381386196 135.797131 117.506025 118 16 0.000000
1692982407378903930 136.545116 119.296125 119 16 0.000000
1692982408378482481 125.363942 124.052268 124 16 0.000000
1692982409385468407 132.050814 122.146707 123 16 0.000000
1692982410381824857 140.364699 116.424199 116 16 0.000000
1692982411380226150 132.041165 117.187330 117 16 0.000000
1692982412393773778 136.838527 118.396015 120 16 0.000000
1692982413394058279 129.648700 125.964164 126 16 0.000000
1692982414388162582 129.279550 123.729489 123 16 0.000000
1692982415379402485 135.463265 117.025145 116 16 0.000000
1692982416398119305 136.495977 114.850354 117 16 0.000000
1692982417391393964 132.830947 120.812507 120 16 0.000000
1692982418396184982 132.468119 122.413515 123 16 0.000000
1692982419401690802 137.824160 114.370294 115 16 0.000000
1692982420391824909 134.365896 119.175779 118 16 0.000000
1692982421396669326 133.998169 123.402188 124 16 0.000000
1692982422371430643 134.044324 116.951707 114 16 0.000000
1692982423381208599 136.626449 113.886416 115 16 0.000000
1692982424402495905 134.921056 123.373715 126 16 0.000000
1692982425407638710 131.792713 117.396250 118 16 0.000000
1692982426406517076 128.895475 123.138131 123 16 0.000000
1692982427405944649 133.868683 125.071577 125 16 0.000000
1692982428411944244 129.483987 120.278407 121 16 0.000000
1692982429410378950 135.837128 116.181821 116 16 0.000000
1692982430401198008 137.308436 119.093403 118 16 0.000000
1692982431378340565 132.501023 122.807068 120 16 0.000000
1692982432414302205 129.332436 120.660831 125 16 0.000000
1692982433409744908 130.342955 124.567689 124 16 0.000000
1692982434422658755 137.742210 114.521110 116 16 0.000000
1692982435417312483 133.574708 121.650343 121 16 0.000000
1692982436404124685 129.527922 122.617077 121 16 0.000000
1692982437425387246 134.649084 118.480800 121 16 0.000000
1692982438421076963 127.450408 123.532457 123 16 0.000000
1692982439413462382 131.390437 119.913072 119 15 0.000000
1692982440429028474 131.467456 127.022772 129 16 0.000000
1692982441424554946 135.202649 115.516749 115 16 0.000000
1692982442411387951 130.667357 123.627800 122 16 0.000000
1692982443433064203 132.474738 122.347977 125 16 0.000000
1692982444428682458 136.744476 114.501716 114 16 0.000000
1692982445415098915 130.651266 123.679998 122 16 0.000000
1692982446436939188 133.244027 119.392434 122 16 0.000000
1692982447438966427 136.146413 116.763314 117 16 0.000000
1692982448426360697 123.549891 130.646882 129 16 0.000000
1692982449440374354 134.706047 117.355419 119 16 0.000000
1692982450437055569 133.534540 119.396266 119 16 0.000000
1692982451423996329 136.163478 119.561385 118 16 0.000000
1692982452444168253 138.134804 114.686533 117 16 0.000000
1692982453446631065 134.296254 121.700295 122 16 0.000000
1692982454427642323 131.694642 122.322731 120 16 0.000000
1692982455447322078 129.603521 120.626111 123 16 0.000000
1692982456452819975 130.618832 122.327471 123 16 0.000000
1692982457438305316 136.151820 119.737941 118 16 0.000000
1692982458450461574 133.878998 115.594800 117 16 0.000000
1692982459445362139 133.984754 120.615080 120 16 0.000000
1692982460434190741 127.623983 128.434803 127 16 0.000000
1692982461432468423 132.130893 119.205305 119 16 0.000000
1692982462459133289 127.958060 125.649579 129 16 0.000000
1692982463437473088 134.704349 119.590348 117 16 0.000000
1692982464440361814 137.410123 115.665857 116 16 0.000000
1692982465462508157 133.900529 119.356701 122 16 0.000000
1692982466461690256 133.548157 120.098209 120 16 0.000000
1692982467462553222 133.947699 115.900003 116 16 0.000000
1692982468465932878 133.920179 121.589053 122 16 0.000000
