1692989082698566055 124.345477 828.399728 816 100 0.000000
1692989083711140224 129.756240 764.388423 774 100 0.000000
1692989084723861325 126.457686 794.888149 805 100 0.000000
1692989085735141278 125.358968 792.065424 801 100 0.000000
1692989086715885703 128.252291 801.432162 786 100 0.000000
1692989087729369654 126.411635 790.343053 801 100 0.000000
1692989088741365355 127.740045 781.623870 791 100 0.000000
1692989089755282320 127.039271 784.087880 795 100 0.000000
1692989090767228388 129.056042 775.733052 785 100 0.000000
1692989091777234948 127.107426 782.173121 790 100 0.000000
1692989092784233890 126.037494 764.648276 770 100 0.000000
1692989093765806494 128.124722 797.699521 783 99 0.000000
1692989094778516339 125.713427 795.884432 806 100 0.000000
1692989095791138601 126.954176 788.052984 798 100 0.000000
1692989096803848560 126.166234 793.909427 804 100 0.000000
1692989097816392552 126.022979 795.027194 805 100 0.000000
1692989098794609527 129.064111 789.190898 772 100 0.000000
1692989099807364452 126.834864 790.912064 801 100 0.000000
1692989100819672078 124.374485 800.152024 810 100 0.000000
1692989101831480750 125.724131 797.581612 807 100 0.000000
1692989102843822561 126.705450 789.259094 799 100 0.000000
1692989103857062525 126.479898 786.585513 797 100 0.000000
1692989104866899937 128.087596 771.411352 779 100 0.000000
1692989105874250976 127.234168 764.381085 770 100 0.000000
1692989106859668201 127.040782 799.661293 788 100 0.000000
1692989107873021945 126.437285 789.457787 800 100 0.000000
1692989108885484515 128.036204 780.275791 790 100 0.000000
1692989109898875992 127.184144 789.428359 800 100 0.000000
1692989110872155403 128.085142 799.359348 778 100 0.000000
1692989111883964826 125.888405 794.616043 804 100 0.000000
1692989112896234401 127.254042 789.315443 799 100 0.000000
1692989113908543393 126.708954 788.296810 798 100 0.000000
1692989114921439920 127.605119 787.839689 798 100 0.000000
1692989115933581131 125.848694 792.379524 802 100 0.000000
1692989116945803284 127.491347 780.461085 790 100 0.000000
1692989117956037679 126.371932 781.996732 790 100 0.000000
1692989118963542375 125.548412 776.175047 782 100 0.000000
1692989119952932093 125.380896 803.525573 795 100 0.000000
1692989120964823084 126.501491 789.610800 799 100 0.000000
1692989121977632291 125.829582 798.768399 809 100 0.000000
1692989122990737653 126.868119 779.780646 790 100 0.000000
1692989123961057653 128.210880 812.103282 788 100 0.000000
1692989124973011441 124.164875 798.455450 808 100 0.000000
1692989125985807824 123.802654 810.626808 821 100 0.000000
1692989126997714001 128.414054 779.716639 789 100 0.000000
1692989128009505379 126.423727 794.630219 804 100 0.000000
1692989129023679226 128.062805 777.973116 789 100 0.000000
1692989130035650412 126.548057 790.536346 800 100 0.000000
1692989131047928188 126.977936 786.345400 796 100 0.000000
1692989132053607130 128.303238 758.691458 763 100 0.000000
1692989133042935999 124.390350 794.477991 786 100 0.000000
1692989134055485243 128.247615 786.134593 796 100 0.000000
1692989135068548459 128.179631 781.787351 792 100 0.000000
1692989136080869310 124.347669 800.141571 810 100 0.000000
1692989137092922125 125.652639 802.329676 812 100 0.000000
1692989138063081157 125.597670 820.484034 796 100 0.000000
1692989139076588867 126.066286 791.311236 802 100 0.000000
1692989140088898589 126.225688 788.296254 798 100 0.000000
1692989141100911811 129.545181 777.657732 787 100 0.000000
1692989142113731483 125.527929 795.798183 806 100 0.000000
1692989143126866896 125.411106 797.524231 808 100 0.000000
1692989144139098823 124.761038 799.223911 809 100 0.000000
1692989145148868434 126.630829 772.453473 780 100 0.000000
1692989146155631662 128.879612 757.874313 763 100 0.000000
1692989147145567373 126.992338 800.051962 792 100 0.000000
1692989148158441981 127.426195 780.945637 791 100 0.000000
1692989149170934370 126.454747 792.104705 802 100 0.000000
1692989150184072484 127.596250 781.729547 792 100 0.000000
1692989151153483289 126.498494 819.054218 794 100 0.000000
1692989152166006113 126.402590 788.130383 798 100 0.000000
1692989153178303668 126.127314 790.281473 800 100 0.000000
1692989154191230537 126.727317 788.803186 799 100 0.000000
1692989155204075991 126.640141 793.803283 804 100 0.000000
1692989156216918369 126.651448 786.894413 797 100 0.000000
1692989157228661574 127.345003 774.900107 784 100 0.000000
1692989158233158111 126.372145 772.526388 776 100 0.000000
1692989159225519209 124.983595 809.181227 803 100 0.000000
1692989160238144564 125.538195 792.988269 803 100 0.000000
1692989161251383436 125.807225 795.468764 806 100 0.000000
1692989162219303148 127.308326 817.216669 791 100 0.000000
1692989163231910545 127.017640 784.114370 794 100 0.000000
1692989164244056395 126.530562 786.447918 796 100 0.000000
1692989165256042464 124.084024 807.323366 817 100 0.000000
1692989166268713506 125.194333 801.839846 812 100 0.000000
1692989167280964563 125.993979 787.354057 797 100 0.000000
1692989168294196978 126.208713 794.487038 805 100 0.000000
1692989169306697892 125.832641 795.061026 805 100 0.000000
1692989170315246542 127.842321 760.498755 767 100 0.000000
1692989171322568658 127.345929 776.315729 782 100 0.000000
1692989172318015916 127.767326 787.585644 784 100 0.000000
1692989173331630675 124.963827 794.187241 805 100 0.000000
1692989174343805102 127.019624 786.425842 796 100 0.000000
1692989175308741808 123.449638 846.687658 817 100 0.000000
1692989176321508731 124.519791 800.776576 811 100 0.000000
1692989177333836806 126.440229 795.196726 805 100 0.000000
1692989178345887464 125.420400 795.414729 805 100 0.000000
1692989179357206843 125.521822 793.023460 802 100 0.000000
1692989180368840343 125.790341 794.754240 804 100 0.000000
1692989181381270796 127.848769 785.239093 795 100 0.000000
1692989182393596168 126.295243 793.223200 803 100 0.000000
1692989183407813657 127.270490 782.869600 794 100 0.000000
1692989184420464443 125.012652 798.893395 809 100 0.000000
1692989185424235557 125.978145 766.110870 769 100 0.000000
1692989186372680168 128.398182 810.801196 769 99 0.000000
1692989187385242449 125.963786 790.074858 800 100 0.000000
1692989188397578474 126.668022 796.178209 806 100 0.000000
1692989189410337286 128.002257 778.072832 788 100 0.000000
1692989190423685502 126.507793 791.435742 802 100 0.000000
1692989191436443046 128.483769 780.048485 790 100 0.000000
1692989192448988870 126.693647 792.062866 802 100 0.000000
1692989193462330500 126.474310 785.519908 796 100 0.000000
1692989194475561620 126.306063 786.592571 797 100 0.000000
1692989195488357941 125.822644 803.715348 814 100 0.000000
1692989196502077636 128.407024 767.470581 778 100 0.000000
1692989197442963941 128.773962 787.555278 741 99 0.000000
1692989198457290536 127.523216 782.785336 794 100 0.000000
1692989199469477774 125.889883 788.391695 798 100 0.000000
1692989200481961796 126.213343 795.074292 805 100 0.000000
1692989201495188023 127.276672 788.570183 799 100 0.000000
1692989202507481693 124.687491 801.150911 811 100 0.000000
1692989203521427695 126.446736 788.010397 799 100 0.000000
1692989204534141806 125.772108 797.855975 808 100 0.000000
1692989205546450430 126.798143 785.333619 795 100 0.000000
1692989206559603152 127.009949 788.627373 799 100 0.000000
1692989207572724612 127.015669 783.716538 794 100 0.000000
1692989208581930557 127.753645 765.948718 773 100 0.000000
1692989209526761104 126.268081 818.136118 773 100 0.000000
1692989210539765379 126.329786 782.819993 793 100 0.000000
1692989211554189309 127.863435 786.653355 798 100 0.000000
1692989212566657901 125.732447 791.135661 801 100 0.000000
1692989213579190281 125.858533 795.036275 805 100 0.000000
1692989214592251739 127.297481 788.698479 799 100 0.000000
1692989215604961176 127.495753 785.022802 795 100 0.000000
1692989216618280951 128.285568 777.641984 788 100 0.000000
1692989217631731371 126.456837 790.369202 801 100 0.000000
1692989218644394965 127.096159 785.058331 795 100 0.000000
1692989219657191971 128.548385 779.030735 789 100 0.000000
1692989220664558001 126.096886 766.355022 772 100 0.000000
1692989221611417821 126.959396 815.326589 772 100 0.000000
1692989222625097323 126.819452 791.177071 802 100 0.000000
1692989223637582015 125.581063 797.049099 807 100 0.000000
1692989224650888924 126.322017 788.507415 799 100 0.000000
1692989225664778560 127.710217 786.081583 797 100 0.000000
1692989226676783835 125.580968 792.486022 802 100 0.000000
1692989227689457724 126.370338 791.962765 802 100 0.000000
1692989228703452378 124.879447 798.820771 810 100 0.000000
1692989229715239949 126.370047 796.609888 806 100 0.000000
1692989230728076525 128.367238 782.949585 793 100 0.000000
