1692981734247084791 112.567088 147.386589 144 16 0.000000
1692981735260272557 115.442889 139.164735 141 16 0.000000
1692981736273374858 115.147527 140.163538 142 16 0.000000
1692981737217062133 113.453159 139.876823 132 16 0.000000
1692981738226703970 115.637388 135.691686 137 16 0.000000
1692981739242479932 116.544705 141.763541 144 16 0.000000
1692981740255026156 108.001196 146.166168 148 16 0.000000
1692981741265515382 110.752192 141.515631 143 16 0.000000
1692981742278882794 115.607318 140.126848 142 16 0.000000
1692981743219107198 116.751581 140.392034 132 16 0.000000
1692981744231866592 109.254576 145.147997 147 16 0.000000
1692981745245261112 114.163446 140.123103 142 16 0.000000
1692981746258370444 112.810583 141.149635 143 16 0.000000
1692981747272017797 112.630842 142.061248 144 16 0.000000
1692981748284989970 111.812366 141.168734 143 16 0.000000
1692981749226007628 110.151505 144.524381 136 16 0.000000
1692981750239960125 111.754571 146.949691 149 16 0.000000
1692981751252898990 111.060550 142.160603 144 16 0.000000
1692981752266322425 111.746786 145.052894 147 16 0.000000
1692981753279449219 104.664178 148.056490 150 16 0.000000
1692981754292853727 113.477600 146.042374 148 16 0.000000
1692981755233421603 110.115592 142.467124 134 16 0.000000
1692981756246489958 114.937053 139.181125 141 16 0.000000
1692981757259395271 109.968916 146.114357 148 16 0.000000
1692981758271877604 111.219396 145.187717 147 16 0.000000
1692981759285058842 116.692297 135.217665 137 16 0.000000
1692981760298222920 113.352107 141.141987 143 16 0.000000
1692981761312870246 106.441074 146.849040 149 16 0.000000
1692981762252951070 115.015885 142.540960 134 16 0.000000
1692981763266375112 108.296280 147.026311 149 16 0.000000
1692981764279127177 113.463512 144.161626 146 16 0.000000
1692981765292131709 114.835526 136.228421 138 16 0.000000
1692981766305401627 108.551817 148.035583 150 16 0.000000
1692981767319746179 113.169641 141.963601 144 16 0.000000
1692981768261000831 113.730986 141.300762 133 16 0.000000
1692981769274050573 109.780366 145.106398 147 16 0.000000
1692981770287374963 112.058743 142.106510 144 16 0.000000
1692981771300162184 116.751675 138.232401 140 16 0.000000
1692981772312706905 113.075317 140.240714 142 16 0.000000
1692981773326038592 107.111380 148.026562 150 16 0.000000
1692981774266596674 120.976256 132.899812 125 16 0.000000
1692981775280416260 111.273287 144.996220 147 16 0.000000
1692981776293563768 111.298143 143.118350 145 16 0.000000
1692981777306727283 116.291090 138.181052 140 16 0.000000
1692981778320731959 108.881453 146.942120 149 16 0.000000
1692981779334226964 112.302499 143.069281 145 16 0.000000
1692981780275509515 107.552277 148.733213 140 16 0.000000
1692981781289128564 117.482821 136.145845 138 16 0.000000
1692981782303203142 102.766805 152.848695 155 16 0.000000
1692981783316710557 115.224581 140.107533 142 16 0.000000
1692981784330465771 111.255030 143.032534 145 16 0.000000
1692981785343301935 112.862046 141.187692 143 16 0.000000
1692981786283805319 111.470395 143.540178 135 16 0.000000
1692981787297071071 110.994343 146.062372 148 16 0.000000
1692981788309867596 120.219471 131.319567 133 16 0.000000
1692981789323040102 110.267110 147.062811 149 16 0.000000
1692981790336986180 106.699863 149.909355 152 16 0.000000
1692981791350377013 113.400467 139.136821 141 16 0.000000
1692981792291264464 109.552558 148.792012 140 16 0.000000
1692981793304434538 109.535391 146.079541 148 16 0.000000
1692981794317571811 108.767491 145.093865 147 16 0.000000
1692981795331130598 109.253387 147.006767 149 16 0.000000
1692981796343894042 114.078822 140.210432 142 16 0.000000
1692981797356888287 114.920112 139.191308 141 16 0.000000
1692981798368835658 116.020020 137.358895 139 16 0.000000
1692981799309623703 115.745499 138.182063 130 16 0.000000
1692981800322736538 111.353666 143.123245 145 16 0.000000
1692981801336519546 115.424756 141.055831 143 16 0.000000
1692981802350109125 110.556464 144.042520 146 16 0.000000
1692981803363758166 115.717445 135.155262 137 16 0.000000
1692981804376702244 117.809107 138.210986 140 16 0.000000
1692981805317675675 109.885839 145.593907 137 16 0.000000
1692981806331532413 112.115345 142.031900 144 16 0.000000
1692981807344294864 114.627050 140.210552 142 16 0.000000
1692981808357470339 111.808137 141.140428 143 16 0.000000
1692981809371150522 112.294127 145.016154 147 16 0.000000
1692981810384492093 106.644218 148.025112 150 16 0.000000
1692981811325064045 113.743829 139.276953 131 16 0.000000
1692981812338467555 110.504386 148.016071 150 16 0.000000
1692981813351808183 113.914350 139.143735 141 16 0.000000
1692981814364255154 112.392268 146.180494 148 16 0.000000
1692981815377499574 106.571108 146.065450 148 16 0.000000
1692981816390862680 107.184118 149.995592 152 16 0.000000
1692981817332015210 111.244697 142.378623 134 16 0.000000
1692981818345250113 112.050132 142.119061 144 16 0.000000
1692981819358704661 100.795473 160.836032 163 16 0.000000
1692981820372263426 109.293150 147.006769 149 16 0.000000
1692981821385254587 114.444878 139.191731 141 16 0.000000
1692981822398518030 117.096289 137.180515 139 16 0.000000
1692981823339005560 112.009037 143.542579 135 16 0.000000
1692981824352322813 108.043170 148.028666 150 16 0.000000
1692981825365028835 107.281584 149.105463 151 16 0.000000
1692981826377966240 116.580054 137.224644 139 16 0.000000
1692981827390640329 116.068804 137.260369 139 16 0.000000
1692981828404461175 105.298866 151.900611 154 16 0.000000
1692981829417463498 107.546240 148.074686 150 16 0.000000
1692981830358705300 114.349947 139.177833 131 16 0.000000
1692981831371401448 111.488571 144.169600 146 16 0.000000
1692981832384102814 108.279135 147.131237 149 16 0.000000
1692981833396649175 118.938630 133.327228 135 16 0.000000
1692981834410255142 113.815832 143.053616 145 16 0.000000
1692981835426011928 114.091265 140.781737 143 16 0.000000
1692981836367817886 107.350572 149.712342 141 16 0.000000
1692981837380554844 110.772148 143.176386 145 16 0.000000
1692981838393965568 110.544558 144.067950 146 16 0.000000
1692981839407813374 104.025230 155.841925 158 16 0.000000
1692981840420910269 106.332342 149.047941 151 16 0.000000
1692981841433401334 108.488909 146.174129 148 16 0.000000
1692981842373615928 110.852491 145.711417 137 16 0.000000
1692981843386483850 113.822380 141.183263 143 16 0.000000
1692981844399105700 111.509569 142.205108 144 16 0.000000
1692981845412080004 110.987632 144.130016 146 16 0.000000
1692981846424985779 111.253039 143.152485 145 16 0.000000
1692981847437994022 109.247160 147.086683 149 16 0.000000
1692981848448865767 107.744364 139.483551 141 16 0.000000
1692981849391477192 114.416268 149.584460 141 16 0.000000
1692981850403529287 102.932164 156.118446 158 16 0.000000
1692981851415595028 102.408185 154.140176 156 16 0.000000
1692981852428488880 114.491483 142.166919 144 16 0.000000
1692981853441670029 110.277361 143.113607 145 16 0.000000
1692981854454837351 107.113985 150.024578 152 16 0.000000
1692981855395160267 111.731124 142.504240 134 16 0.000000
1692981856407890251 108.539018 148.114492 150 16 0.000000
1692981857422279759 113.632729 141.957314 144 16 0.000000
1692981858434962389 107.793663 147.133953 149 16 0.000000
1692981859447991830 108.994437 146.096427 148 16 0.000000
1692981860460989893 111.000201 144.126651 146 16 0.000000
1692981861401395704 113.342661 142.491677 134 16 0.000000
1692981862414480599 109.744318 143.127193 145 16 0.000000
1692981863427336461 113.037658 142.172257 144 16 0.000000
1692981864440011583 112.757562 143.185111 145 16 0.000000
1692981865452998375 114.617577 140.179496 142 16 0.000000
1692981866466112557 103.433065 153.980687 156 16 0.000000
1692981867478692668 108.490362 148.136433 150 16 0.000000
1692981868419680773 105.915961 148.779777 140 16 0.000000
1692981869431451261 108.911923 150.231700 152 16 0.000000
1692981870445530622 112.921745 139.042372 141 16 0.000000
1692981871458153637 111.897639 146.155081 148 16 0.000000
1692981872470534044 109.248879 145.202337 147 16 0.000000
1692981873483991784 107.075011 146.034704 148 16 0.000000
1692981874424369243 113.425451 140.369164 132 16 0.000000
1692981875437567711 114.858181 141.137207 143 16 0.000000
1692981876450143095 113.000117 142.211634 144 16 0.000000
1692981877463722724 110.567319 144.043937 146 16 0.000000
1692981878476860646 110.254597 145.093769 147 16 0.000000
1692981879490263644 114.451466 139.135172 141 16 0.000000
1692981880430845657 111.636884 146.717668 138 16 0.000000
1692981881443456173 112.874365 139.244059 141 16 0.000000
1692981882456517611 113.058447 142.143403 144 16 0.000000
