1692971951343193082 144.570102 0.000000
1692971951415845184 144.728760 0.000000
1692971951416393548 144.544031 0.000000
1692971951560849324 144.834652 0.000000
1692971951633447545 144.921343 0.000000
1692971951706016328 144.952109 0.000000
1692971951778029650 144.537261 0.000000
1692971951778418213 144.848188 0.000000
1692971951850655029 144.588459 0.000000
1692971951850776321 144.480173 0.000000
1692971951995826884 144.733872 0.000000
1692971951995854383 144.706720 0.000000
1692971952173371430 144.774309 0.000000
1692971952213222432 144.517166 0.000000
1692971952502592289 144.828360 0.000000
1692971952503239138 144.769839 0.000000
1692971952574877446 144.721331 0.000000
1692971952574968543 144.500783 0.000000
1692971952647163541 144.616963 0.000000
1692971952648213296 144.689758 0.000000
1692971952679908469 144.621664 0.000000
1692971952791906091 144.717918 0.000000
1692971952791905184 144.562016 0.000000
1692971952936685101 144.522007 0.000000
1692971952936983254 144.548530 0.000000
1692971952937846441 144.628976 0.000000
1692971953009154622 144.635982 0.000000
1692971953009400759 144.415956 0.000000
1692971953082159892 144.481697 0.000000
1692971953153925425 144.755403 0.000000
1692971953153995974 144.585483 0.000000
1692971953226273187 144.650324 0.000000
1692971953226729858 144.454699 0.000000
1692971953227316492 144.404217 0.000000
1692971953299037949 144.491635 0.000000
1692971953588812136 144.941400 0.000000
1692971953588812818 145.063243 0.000000
1692971953621186221 144.535131 0.000000
1692971953661171078 144.805183 0.000000
1692971953661645717 144.834286 0.000000
1692971953734148524 144.797124 0.000000
1692971953734368891 144.913189 0.000000
1692971953878757361 144.593296 0.000000
1692971954096179145 144.687392 0.000000
1692971954313271726 144.714455 0.000000
1692971954490262525 144.636198 0.000000
1692971954604185855 144.826030 0.000000
1692971954675289709 144.558322 0.000000
1692971954820394992 144.639050 0.000000
1692971954821021885 144.448918 0.000000
1692971954821252421 144.659172 0.000000
1692971954852122349 144.610789 0.000000
1692971954892841242 144.674746 0.000000
1692971954892941094 144.618046 0.000000
1692971954924330285 144.494559 0.000000
1692971954965027618 144.617445 0.000000
1692971955069187198 144.645446 0.000000
1692971955254858995 144.703939 0.000000
1692971955328332952 144.857526 0.000000
1692971955358494268 144.566770 0.000000
1692971955472025565 144.527849 0.000000
1692971955503247862 144.548623 0.000000
1692971955545075858 144.421657 0.000000
1692971955575665755 144.604222 0.000000
1692971955761742521 144.662571 0.000000
1692971955761951487 144.592291 0.000000
1692971955762545698 144.570834 0.000000
1692971955906481085 144.720542 0.000000
1692971955907460512 144.818901 0.000000
1692971956051229036 144.609339 0.000000
1692971956052246987 144.769340 0.000000
1692971956052281748 144.914478 0.000000
1692971956082265350 144.490912 0.000000
1692971956123757718 144.524386 0.000000
1692971956124697590 144.570983 0.000000
1692971956268866082 144.904633 0.000000
1692971956413499589 144.719663 0.000000
1692971956413900185 144.605558 0.000000
1692971956559103116 144.564812 0.000000
1692971956661426329 144.662801 0.000000
1692971956993157914 144.721818 0.000000
1692971956994013673 144.551417 0.000000
1692971957065859017 144.807221 0.000000
1692971957138838804 144.760496 0.000000
1692971957210889335 144.593597 0.000000
1692971957210921450 144.754943 0.000000
1692971957211121881 144.597862 0.000000
1692971957240670441 144.510845 0.000000
1692971957573290236 144.721856 0.000000
1692971957602632728 144.543316 0.000000
1692971957646026998 144.704736 0.000000
1692971957718568596 144.782206 0.000000
1692971957747553161 144.675489 0.000000
1692971957790553530 144.925164 0.000000
1692971957863523459 144.811074 0.000000
1692971957936115203 144.651923 0.000000
1692971958008327219 144.948222 0.000000
1692971958153240473 144.505200 0.000000
1692971958225350296 144.637498 0.000000
1692971958225731933 144.794257 0.000000
1692971958225787984 144.636285 0.000000
1692971958442513409 144.709730 0.000000
1692971958443336928 144.699571 0.000000
1692971958660456003 144.605168 0.000000
1692971959268546957 144.940981 0.000000
1692971959312400819 144.573873 0.000000
1692971959312482574 144.515457 0.000000
1692971959312512914 144.657892 0.000000
1692971959529362011 144.492815 0.000000
1692971959630355475 144.670191 0.000000
1692971959746467178 144.721667 0.000000
1692971959818776589 144.528197 0.000000
1692971959819097069 144.821748 0.000000
1692971959964102890 144.487206 0.000000
1692971960108406223 144.657721 0.000000
1692971960109182292 144.390640 0.000000
1692971960398072879 144.841958 0.000000
1692971960399414077 144.889138 0.000000
1692971960543074194 144.509020 0.000000
1692971960615257756 144.610731 0.000000
1692971960616378912 144.494145 0.000000
1692971960759947110 144.554054 0.000000
1692971960761050715 144.422904 0.000000
1692971960788891931 144.583743 0.000000
1692971960904669651 144.493533 0.000000
1692971960977239346 144.684122 0.000000
1692971960977315378 144.447217 0.000000
1692971961050212342 144.531250 0.000000
1692971961050521395 144.552635 0.000000
1692971961122324528 144.543798 0.000000
1692971961195660288 144.699496 0.000000
1692971961223104786 144.548374 0.000000
1692971961267159463 144.819384 0.000000
1692971961268339065 144.967297 0.000000
1692971961295549599 144.526539 0.000000
1692971961367737771 144.614357 0.000000
1692971961367871121 144.508752 0.000000
1692971961412974791 144.530492 0.000000
1692971961629822491 144.810207 0.000000
1692971961847366875 144.778523 0.000000
1692971961847632918 144.774859 0.000000
1692971962209396097 144.459064 0.000000
1692971962236120937 144.525543 0.000000
1692971962499621003 144.677352 0.000000
1692971962571939868 144.633721 0.000000
1692971962572140770 144.764059 0.000000
1692971962597910705 144.585062 0.000000
1692971962597949766 144.501088 0.000000
1692971962716573282 144.682899 0.000000
1692971962742554644 144.627976 0.000000
1692971962862347829 144.973165 0.000000
1692971963005645508 144.685876 0.000000
1692971963005927900 144.623975 0.000000
1692971963079097230 144.582960 0.000000
1692971963151088808 144.468188 0.000000
1692971963295260422 144.747012 0.000000
1692971963296451085 144.661132 0.000000
1692971963440205538 144.611320 0.000000
1692971963513191713 144.638979 0.000000
1692971963538790615 144.506759 0.000000
1692971963585802054 144.473360 0.000000
1692971963730205978 144.397619 0.000000
1692971963828298240 144.546430 0.000000
1692971964045298928 144.527180 0.000000
1692971964045374533 144.577306 0.000000
1692971964165475400 144.835661 0.000000
1692971964165486436 144.836246 0.000000
1692971964407259592 144.572203 0.000000
1692971964479528740 144.452831 0.000000
1692971964527859043 144.848199 0.000000
1692971964670650242 144.558967 0.000000
1692971964696564311 144.599987 0.000000
1692971964745027648 144.599159 0.000000
1692971964841101021 144.521435 0.000000
1692971965034428966 144.528205 0.000000
1692971965106958257 144.935140 0.000000
1692971965177295548 144.627760 0.000000
1692971965179286691 144.575093 0.000000
1692971965179687874 144.910508 0.000000
1692971965251805567 145.314732 0.000000
1692971965251896333 144.716451 0.000000
1692971965324038660 144.732784 0.000000
1692971965469384453 144.645576 0.000000
1692971965686285744 144.582795 0.000000
1692971965903329386 144.601213 0.000000
1692971965975687765 144.449224 0.000000
1692971965999505200 144.621911 0.000000
1692971966190709249 144.627412 0.000000
1692971966216479458 144.556317 0.000000
1692971966263270734 144.687547 0.000000
1692971966337763081 144.570525 0.000000
1692971966337976998 144.572639 0.000000
1692971966338006025 144.582884 0.000000
1692971966408107958 144.664353 0.000000
1692971966410361326 144.791162 0.000000
1692971966555232895 144.743632 0.000000
1692971966625122945 144.668879 0.000000
1692971966699864517 144.609094 0.000000
1692971966699901413 144.494262 0.000000
1692971966770094713 144.698303 0.000000
1692971966940614678 144.673825 0.000000
1692971966989468522 144.462744 0.000000
1692971967133923036 144.440050 0.000000
1692971967206042512 144.470184 0.000000
1692971967206107333 144.488647 0.000000
1692971967206556667 144.466837 0.000000
1692971967278594483 144.652759 0.000000
1692971967495473737 144.470069 0.000000
1692971967567219870 144.613673 0.000000
1692971967640402567 144.470409 0.000000
1692971967857064365 144.652548 0.000000
1692971967882440363 144.650303 0.000000
1692971968002565446 144.713084 0.000000
1692971968074284916 144.719839 0.000000
1692971968075102712 145.084827 0.000000
1692971968219013655 144.624321 0.000000
1692971968220079878 144.613070 0.000000
1692971968364904138 144.587896 0.000000
1692971968436354934 144.685623 0.000000
1692971968727012966 144.504833 0.000000
1692971968799164780 144.538024 0.000000
1692971969016215815 144.934100 0.000000
1692971969016764982 144.579877 0.000000
1692971969234108989 144.816912 0.000000
1692971969305806522 144.713616 0.000000
1692971969306482729 144.864773 0.000000
1692971969451215559 145.040676 0.000000
1692971969596826256 144.630854 0.000000
1692971969741674665 144.676028 0.000000
1692971969812967768 144.624810 0.000000
1692971969959213646 144.839203 0.000000
1692971969959453794 144.888233 0.000000
1692971969982822143 144.609486 0.000000
1692971970031651204 144.522576 0.000000
1692971970031720019 144.486718 0.000000
1692971970055366455 144.565120 0.000000
1692971970103657859 144.458923 0.000000
1692971970176603753 144.614939 0.000000
1692971970609327141 144.519683 0.000000
1692971970756006914 144.741247 0.000000
1692971971116211028 144.702280 0.000000
1692971971189550345 144.544384 0.000000
1692971971334825447 144.421347 0.000000
1692971971406324998 144.420611 0.000000
1692971971478113616 144.542148 0.000000
1692971971550838935 144.495445 0.000000
1692971971552490367 144.670828 0.000000
1692971971623283578 144.465730 0.000000
1692971971695351951 144.495309 0.000000
1692971971720299521 144.594715 0.000000
1692971971841404565 144.605310 0.000000
1692971971914381801 144.617739 0.000000
1692971972129974545 144.584942 0.000000
1692971972130591123 144.504741 0.000000
1692971972131818085 144.431418 0.000000
1692971972275227388 144.623992 0.000000
1692971972276526012 144.369445 0.000000
1692971972299330787 144.473437 0.000000
1692971972419889584 144.465969 0.000000
1692971972854563046 144.723182 0.000000
1692971972855255355 144.567932 0.000000
1692971972927860961 144.548992 0.000000
1692971972951063911 144.854873 0.000000
1692971973071814132 144.638880 0.000000
1692971973144590013 144.450897 0.000000
1692971973217145752 144.587199 0.000000
1692971973289331715 144.725235 0.000000
1692971973434783213 144.712304 0.000000
1692971973506498173 144.601134 0.000000
1692971973530094737 144.584763 0.000000
1692971973651774063 144.458500 0.000000
1692971973724580890 144.639921 0.000000
1692971973819651775 144.710345 0.000000
1692971973868951724 144.834219 0.000000
1692971974014615101 144.788695 0.000000
1692971974014692496 144.841175 0.000000
1692971974231951726 145.044750 0.000000
1692971974521485645 144.707467 0.000000
1692971974521718527 144.783989 0.000000
1692971974522335907 144.893424 0.000000
1692971974522448568 144.726842 0.000000
1692971974616253935 144.669658 0.000000
1692971974738958166 144.501051 0.000000
1692971974956097442 144.646480 0.000000
1692971974957033843 144.501170 0.000000
1692971974957231593 144.537736 0.000000
1692971975029940567 144.711556 0.000000
1692971975175108691 145.161520 0.000000
1692971975318234315 144.591425 0.000000
1692971975318305470 144.730413 0.000000
1692971975392949275 145.379426 0.000000
1692971975463430980 144.535249 0.000000
1692971975464529639 144.648026 0.000000
1692971975464978773 144.809381 0.000000
1692971975537281371 144.324583 0.000000
1692971975609003250 144.368732 0.000000
1692971975825558530 144.923701 0.000000
1692971975826451992 144.886926 0.000000
1692971975898729347 144.729535 0.000000
1692971975898782901 144.729766 0.000000
1692971975899294460 144.691643 0.000000
1692971975970257470 144.673982 0.000000
1692971976043411031 144.615535 0.000000
1692971976043645992 144.723847 0.000000
1692971976116367959 144.508535 0.000000
1692971976188822154 144.652811 0.000000
1692971976188859381 144.643213 0.000000
1692971976332706152 144.702786 0.000000
1692971976333059709 144.557077 0.000000
1692971976405220472 144.697425 0.000000
1692971976477707512 144.562054 0.000000
1692971976477801721 144.596514 0.000000
1692971976499423165 144.633667 0.000000
1692971976767259215 144.709431 0.000000
1692971976768185914 144.724923 0.000000
1692971976768423571 144.663104 0.000000
1692971976912435547 144.489882 0.000000
1692971976913262584 144.822430 0.000000
1692971976933994224 144.601101 0.000000
1692971976934039064 144.672446 0.000000
1692971977058144731 144.594930 0.000000
1692971977078665667 144.610200 0.000000
1692971977274788386 144.555703 0.000000
1692971977491773099 144.671596 0.000000
1692971977637767947 144.592880 0.000000
1692971977708941734 144.553462 0.000000
1692971977781323410 144.555457 0.000000
1692971977782003365 144.584895 0.000000
1692971977853750415 144.574950 0.000000
1692971977854351051 144.620696 0.000000
1692971977854382248 144.568477 0.000000
1692971977854900377 144.635693 0.000000
1692971977999656238 144.720750 0.000000
1692971978070822089 144.644152 0.000000
1692971978143436564 144.689186 0.000000
1692971978144447424 144.475035 0.000000
1692971978144474557 144.473139 0.000000
1692971978237022000 144.956020 0.000000
1692971978360776690 144.853453 0.000000
1692971978361393263 144.483497 0.000000
1692971978505590029 144.677328 0.000000
1692971978650948074 144.775882 0.000000
1692971978651019255 144.947015 0.000000
1692971978940637925 144.794635 0.000000
1692971978940862261 144.713502 0.000000
1692971979012643310 144.554843 0.000000
1692971979085200736 144.532385 0.000000
1692971979085393193 144.512584 0.000000
1692971979375372241 144.578717 0.000000
1692971979540314082 144.585568 0.000000
1692971979883124169 145.375413 0.000000
1692971979902202335 144.580666 0.000000
1692971979974570462 144.465384 0.000000
1692971980026690652 144.516732 0.000000
1692971980046766753 144.539349 0.000000
1692971980046988944 144.499216 0.000000
1692971980172677310 144.614859 0.000000
1692971980245173578 144.549217 0.000000
1692971980245317016 144.615741 0.000000
1692971980462087246 144.511788 0.000000
1692971980607601465 144.845425 0.000000
1692971980751729969 144.885448 0.000000
1692971980824090252 144.715443 0.000000
1692971980824173821 144.599949 0.000000
1692971980824489289 144.577928 0.000000
1692971981113694163 144.733453 0.000000
1692971981186313060 144.747916 0.000000
1692971981187060948 144.907441 0.000000
1692971981331188112 144.835550 0.000000
1692971981403666508 144.475658 0.000000
1692971981475838637 144.555349 0.000000
1692971981475927939 144.695104 0.000000
1692971981548382770 144.709040 0.000000
1692971981693311978 144.525980 0.000000
1692971981766361494 144.582038 0.000000
1692971981785132137 144.541276 0.000000
1692971981857453503 144.556211 0.000000
1692971981911243489 144.868826 0.000000
1692971981929692412 144.442932 0.000000
1692971982056144279 144.674139 0.000000
1692971982219079463 144.505856 0.000000
1692971982273502305 144.522560 0.000000
1692971982418718445 144.590235 0.000000
1692971982490395265 144.566372 0.000000
1692971982490997946 144.650689 0.000000
1692971982491324715 144.757547 0.000000
1692971982508679439 144.634501 0.000000
1692971982635745488 144.649611 0.000000
1692971982636138432 144.797629 0.000000
1692971982780677987 144.527888 0.000000
1692971982780708463 144.551764 0.000000
1692971982997314095 144.432924 0.000000
1692971982998448051 144.607579 0.000000
1692971982998448597 144.624174 0.000000
1692971983015207191 144.616304 0.000000
1692971983015211992 144.552330 0.000000
1692971983069866637 144.457519 0.000000
1692971983214318007 144.811860 0.000000
1692971983214863724 145.043885 0.000000
1692971983214960214 144.755574 0.000000
1692971983358946164 144.511585 0.000000
1692971983666571681 144.531593 0.000000
1692971983865874598 144.570881 0.000000
1692971983938509692 144.416198 0.000000
1692971984011608364 144.570027 0.000000
1692971984083155312 144.631577 0.000000
1692971984100711955 144.558838 0.000000
1692971984229289087 144.611709 0.000000
1692971984808412829 144.884359 0.000000
1692971985025037498 144.538468 0.000000
1692971985025300330 144.518777 0.000000
1692971985025613540 144.490962 0.000000
1692971985169912580 144.591081 0.000000
1692971985243078969 144.724661 0.000000
1692971985258962980 144.727443 0.000000
1692971985331159109 144.598383 0.000000
1692971985910057802 144.495593 0.000000
1692971985968036047 144.508428 0.000000
1692971986039534118 144.660397 0.000000
1692971986040321192 144.501782 0.000000
1692971986199632442 144.558596 0.000000
1692971986257325409 144.550001 0.000000
1692971986344240567 144.590574 0.000000
1692971986763484054 144.734324 0.000000
1692971986763516670 144.413422 0.000000
1692971986763652221 144.450363 0.000000
1692971987053488194 145.122231 0.000000
1692971987054008211 144.720366 0.000000
1692971987198131015 144.633911 0.000000
1692971987342738900 144.582541 0.000000
1692971987344570467 144.840997 0.000000
1692971987488704468 144.576642 0.000000
1692971987489228128 144.601961 0.000000
1692971987560079810 144.553122 0.000000
1692971987574229985 144.492437 0.000000
1692971987778104783 144.530826 0.000000
1692971987778108622 144.448910 0.000000
1692971987996070453 144.553990 0.000000
1692971988008556155 144.658392 0.000000
1692971988139891530 144.495133 0.000000
1692971988140699152 144.612034 0.000000
1692971988153130252 144.596478 0.000000
1692971988153163003 144.509997 0.000000
1692971988211817447 144.597907 0.000000
1692971988212200124 144.505196 0.000000
1692971988212978883 144.559918 0.000000
1692971988574238555 144.762795 0.000000
1692971988574854845 144.508408 0.000000
1692971988587289754 144.551023 0.000000
1692971988864530793 144.497578 0.000000
1692971989153518631 144.755042 0.000000
1692971989298528538 144.666702 0.000000
1692971989444152981 144.757037 0.000000
1692971989516379420 144.701874 0.000000
1692971989516708121 144.736780 0.000000
1692971989817764547 144.558996 0.000000
1692971989878342749 145.063487 0.000000
1692971989950564212 144.706514 0.000000
1692971989950680688 144.663268 0.000000
1692971989951035865 144.548034 0.000000
1692971990094997898 144.440607 0.000000
1692971990168144860 144.780548 0.000000
1692971990168253028 144.759574 0.000000
1692971990239637522 144.671043 0.000000
1692971990312585575 144.489919 0.000000
1692971990457294786 144.508183 0.000000
1692971990529145223 144.528771 0.000000
1692971990601879072 144.652099 0.000000
1692971990613397951 144.523847 0.000000
1692971990819116022 144.497497 0.000000
1692971990964703615 144.525950 0.000000
1692971991036110466 144.676829 0.000000
1692971991036788741 144.473481 0.000000
1692971991253271046 144.688639 0.000000
1692971991326538806 144.582671 0.000000
1692971991398318992 144.664156 0.000000
1692971991398725143 144.465739 0.000000
1692971991470871185 144.973963 0.000000
1692971991687889078 144.605761 0.000000
1692971991688005589 144.668136 0.000000
1692971991761309153 144.932697 0.000000
1692971991843733629 144.500750 0.000000
1692971991978411628 144.527829 0.000000
1692971992267585106 144.744173 0.000000
1692971992339767240 144.455341 0.000000
1692971992484970031 144.597556 0.000000
1692971992494936753 144.508103 0.000000
1692971992629328195 144.616901 0.000000
1692971992639485917 144.524066 0.000000
1692971992991274127 144.599015 0.000000
1692971992991851438 144.603879 0.000000
1692971992992526189 144.512066 0.000000
1692971993063516203 144.550149 0.000000
1692971993146193382 144.580713 0.000000
1692971993208989941 144.654424 0.000000
1692971993281416547 144.510609 0.000000
1692971993353134191 144.598007 0.000000
1692971993353857752 144.451141 0.000000
1692971993570502721 144.445618 0.000000
1692971993571215967 144.612948 0.000000
1692971993788318913 144.533254 0.000000
1692971993861245326 144.934988 0.000000
1692971994440001593 144.675513 0.000000
1692971994440770995 144.484483 0.000000
1692971994440964666 144.665063 0.000000
1692971994512348531 144.484329 0.000000
1692971994512566309 144.680496 0.000000
1692971994730230640 144.653392 0.000000
1692971994874177651 144.706600 0.000000
1692971994875547622 145.349639 0.000000
1692971994947192881 144.454514 0.000000
1692971995027823631 144.508945 0.000000
1692971995091596348 144.539744 0.000000
1692971995092063531 144.589820 0.000000
1692971995100134617 144.523637 0.000000
1692971995381132706 144.593482 0.000000
1692971995534020855 144.579057 0.000000
1692971995598670487 144.502637 0.000000
1692971995670612363 144.573716 0.000000
1692971995743486206 144.561673 0.000000
1692971995751255879 144.551243 0.000000
1692971995816729088 144.581354 0.000000
1692971995887717792 144.581253 0.000000
1692971995960053529 144.649924 0.000000
1692971996104646396 144.539829 0.000000
1692971996178469383 144.727601 0.000000
1692971996250612466 144.645082 0.000000
1692971996323694652 144.751706 0.000000
1692971996395675201 144.578272 0.000000
1692971996395753474 144.640542 0.000000
1692971996395904946 144.755876 0.000000
1692971996540721760 144.912531 0.000000
1692971996541100627 145.063357 0.000000
1692971996684410299 144.623903 0.000000
1692971996830728118 144.442732 0.000000
1692971996975678798 144.565337 0.000000
1692971997119968454 144.560973 0.000000
1692971997198510515 144.511256 0.000000
1692971997626256914 144.871270 0.000000
1692971997698331670 144.626535 0.000000
1692971997698807178 144.758132 0.000000
1692971997698925098 144.780548 0.000000
1692971997699826417 144.569772 0.000000
1692971997700159543 144.859602 0.000000
1692971998060135969 144.586049 0.000000
1692971998066468175 144.530178 0.000000
1692971998132622513 144.501860 0.000000
1692971998204894011 144.417543 0.000000
1692971998205208068 144.364009 0.000000
1692971998277012382 144.454940 0.000000
1692971998349546321 144.608878 0.000000
1692971998356051809 144.629387 0.000000
1692971998423807228 144.706260 0.000000
1692971998428202746 144.685859 0.000000
1692971998641166094 144.705503 0.000000
1692971998641229261 144.558476 0.000000
1692971998717758817 144.561640 0.000000
1692971998784149472 144.609415 0.000000
1692971998857605177 144.739368 0.000000
1692971999146264821 144.803874 0.000000
1692971999148015880 144.804606 0.000000
1692971999151749060 144.561148 0.000000
1692971999218516465 144.579351 0.000000
1692971999296529273 144.541347 0.000000
1692971999364285927 144.560967 0.000000
1692971999368637583 144.526132 0.000000
1692971999437695248 144.641987 0.000000
1692971999513544647 144.598761 0.000000
1692971999653207801 144.666112 0.000000
1692971999654725878 144.578749 0.000000
1692971999658015264 144.454951 0.000000
1692971999726541912 144.489190 0.000000
1692971999730888917 144.859588 0.000000
1692971999799381901 144.581004 0.000000
1692972000016500561 144.469329 0.000000
1692972000087957201 144.763061 0.000000
1692972000233699651 144.679288 0.000000
1692972000233852016 144.495305 0.000000
1692972000305144443 144.567558 0.000000
1692972000523352222 144.790989 0.000000
1692972000598614291 144.523981 0.000000
1692972000667333184 144.470577 0.000000
1692972000671053370 144.509608 0.000000
1692972000888250976 144.692244 0.000000
1692972000956883498 144.661933 0.000000
1692972000957553102 144.496181 0.000000
1692972001102350788 144.409988 0.000000
1692972001174002485 144.666794 0.000000
1692972001319454344 144.514115 0.000000
1692972001391417302 144.601864 0.000000
1692972001608573819 144.726719 0.000000
1692972001681815415 144.769049 0.000000
1692972001683971522 144.462525 0.000000
1692972001898138787 144.603482 0.000000
1692972001898845533 144.433732 0.000000
1692972001900863599 144.465380 0.000000
1692972001970577577 144.604605 0.000000
1692972001970853435 144.748099 0.000000
1692972002188034295 144.686271 0.000000
1692972002550568687 144.926308 0.000000
1692972002623461648 144.561810 0.000000
1692972002767565692 144.757606 0.000000
1692972002912548619 144.844239 0.000000
1692972002985213802 144.712196 0.000000
1692972003130078936 144.638830 0.000000
1692972003420945677 144.401358 0.000000
1692972003637493438 144.782659 0.000000
1692972003638035862 144.677344 0.000000
1692972003710188902 144.646028 0.000000
1692972003855932435 144.655217 0.000000
1692972003926809287 144.619169 0.000000
1692972004000658539 144.711369 0.000000
1692972004071873161 144.816467 0.000000
1692972004073053079 144.558342 0.000000
1692972004143992109 144.682312 0.000000
1692972004289677552 144.598246 0.000000
1692972004289979210 144.604681 0.000000
1692972004361511903 144.834066 0.000000
1692972004434999825 144.580886 0.000000
1692972004578736769 144.692265 0.000000
1692972004725317453 144.717359 0.000000
1692972005013493072 144.718722 0.000000
1692972005087174181 144.564419 0.000000
1692972005158107275 144.606620 0.000000
1692972005304285141 144.686868 0.000000
1692972005375759956 145.004473 0.000000
1692972005376062055 144.573999 0.000000
1692972005520777569 144.420769 0.000000
1692972005665605401 144.590880 0.000000
1692972005666165961 144.758425 0.000000
1692972005737760942 144.654141 0.000000
1692972005882598957 144.773459 0.000000
1692972005883607491 144.493412 0.000000
1692972005956069165 144.455569 0.000000
1692972006028074470 144.729777 0.000000
1692972006028105513 144.630095 0.000000
1692972006100057668 144.453015 0.000000
1692972006244952195 144.508894 0.000000
1692972006389872992 144.665303 0.000000
1692972006534651273 144.773690 0.000000
1692972006535353163 144.581337 0.000000
1692972006680433533 144.479746 0.000000
1692972006752746584 144.859380 0.000000
1692972006824902880 144.563130 0.000000
1692972006897746050 144.579623 0.000000
1692972006968772720 144.616198 0.000000
1692972006968898994 144.459254 0.000000
1692972007042494726 144.665698 0.000000
1692972007259153533 144.598673 0.000000
1692972007331939960 144.847984 0.000000
1692972007621681935 144.731422 0.000000
1692972007767287984 144.634386 0.000000
1692972007838400501 144.637138 0.000000
1692972008345369115 144.727007 0.000000
1692972008345466181 144.601339 0.000000
1692972008346889160 144.708439 0.000000
1692972008490022311 144.625246 0.000000
1692972008490727960 144.498180 0.000000
1692972008491941741 144.519460 0.000000
1692972008562990268 144.542298 0.000000
1692972008634903287 144.624518 0.000000
1692972008852490956 144.696080 0.000000
1692972009070745887 144.645906 0.000000
1692972009432559485 144.492557 0.000000
1692972009433478731 144.471508 0.000000
1692972009504632450 144.833100 0.000000
1692972009505040530 144.538574 0.000000
1692972009723125576 144.525143 0.000000
1692972010012318719 144.643499 0.000000
1692972010085050575 144.487739 0.000000
1692972010229002479 144.605465 0.000000
1692972010229500083 144.678105 0.000000
1692972010230641892 145.223344 0.000000
1692972010302183767 144.821709 0.000000
1692972010302896462 145.512207 0.000000
1692972010446897149 144.766275 0.000000
1692972010591521423 144.560250 0.000000
1692972010664137365 144.598710 0.000000
1692972010737585821 144.814557 0.000000
1692972010882445739 144.569842 0.000000
1692972010954098378 144.804268 0.000000
1692972011027166932 144.660472 0.000000
1692972011244441105 144.889026 0.000000
1692972011460751258 144.665621 0.000000
1692972011461571879 144.513321 0.000000
1692972011461613060 144.572133 0.000000
1692972011822513499 144.600424 0.000000
1692972011823898750 144.465284 0.000000
1692972011895885896 144.538635 0.000000
1692972011896359694 144.796736 0.000000
1692972012112210099 144.590783 0.000000
1692972012113191895 144.628421 0.000000
1692972012256859883 144.634088 0.000000
1692972012329195658 144.580333 0.000000
1692972012473888949 144.573347 0.000000
1692972012620269830 144.577686 0.000000
1692972012620421247 144.601141 0.000000
1692972012981193917 144.713608 0.000000
1692972013055743582 144.646506 0.000000
1692972013127083695 144.585877 0.000000
1692972013198412895 144.648212 0.000000
1692972013199832746 144.879981 0.000000
1692972013272188500 144.514380 0.000000
1692972013345147299 144.837176 0.000000
1692972013345206156 144.743217 0.000000
1692972013415536067 144.548198 0.000000
1692972013415630547 144.686775 0.000000
1692972013561740548 144.429518 0.000000
1692972013707365384 144.693005 0.000000
1692972013778384085 144.575387 0.000000
1692972013995609951 144.844022 0.000000
1692972014214191014 144.479429 0.000000
1692972014285590699 144.813632 0.000000
1692972014286774536 144.479970 0.000000
1692972014430430232 144.720661 0.000000
1692972014430526947 144.910553 0.000000
1692972014431204445 144.690375 0.000000
1692972014431751689 144.593635 0.000000
1692972014504092923 144.438624 0.000000
1692972014575510715 144.838304 0.000000
1692972014575537844 144.865468 0.000000
1692972014576140648 144.563144 0.000000
1692972014576493805 144.726815 0.000000
1692972014647750137 144.612539 0.000000
1692972014792749837 144.588082 0.000000
1692972014865019158 144.721758 0.000000
1692972014937674242 144.556293 0.000000
1692972015156211102 145.089721 0.000000
1692972015227123044 144.721222 0.000000
1692972015300342871 144.565891 0.000000
1692972015444260828 144.647761 0.000000
1692972015445640315 144.457688 0.000000
1692972015445826143 144.493853 0.000000
1692972015661406079 144.749764 0.000000
1692972015735959873 144.750786 0.000000
1692972015878449914 144.602812 0.000000
1692972015878539172 144.594954 0.000000
1692972015879305421 144.424552 0.000000
1692972016023779032 144.464985 0.000000
1692972016025484118 144.473756 0.000000
1692972016168278393 144.690726 0.000000
1692972016168452984 144.815326 0.000000
1692972016241618373 144.478142 0.000000
1692972016459405040 144.487558 0.000000
1692972016459918702 144.537730 0.000000
1692972016603292662 144.809128 0.000000
1692972016603422580 144.694681 0.000000
1692972016675586836 144.780806 0.000000
1692972016748935201 144.695453 0.000000
1692972016821105336 144.657851 0.000000
1692972016965665628 144.666783 0.000000
1692972017110339710 144.777967 0.000000
1692972017110743304 145.111601 0.000000
1692972017183119152 144.530093 0.000000
1692972017184238468 144.942033 0.000000
1692972017256369916 144.644726 0.000000
1692972017401206614 144.577644 0.000000
1692972017472514329 144.712593 0.000000
1692972017474145713 144.699668 0.000000
1692972017618171737 144.591236 0.000000
1692972017691305540 144.682493 0.000000
1692972017908405106 145.011083 0.000000
1692972017981444869 144.777460 0.000000
1692972018053587596 144.527720 0.000000
1692972018196928897 144.494721 0.000000
1692972018269722450 144.487148 0.000000
1692972018341556629 144.586060 0.000000
1692972018343052507 144.512553 0.000000
1692972018343386610 144.678535 0.000000
1692972018414048378 144.642034 0.000000
1692972018414255385 144.509049 0.000000
1692972018415662747 144.636337 0.000000
1692972018487069435 144.535810 0.000000
1692972018921395557 144.713878 0.000000
1692972018921818030 144.567617 0.000000
1692972019211082563 144.718710 0.000000
1692972019283514336 144.697574 0.000000
1692972019283860562 144.525073 0.000000
1692972019428589094 144.746534 0.000000
1692972019429578754 144.609450 0.000000
1692972019500879332 144.850973 0.000000
1692972019573537392 144.907569 0.000000
1692972019573563984 144.953180 0.000000
1692972019574580546 144.995412 0.000000
1692972019645727062 144.598414 0.000000
1692972019719114916 144.522442 0.000000
1692972019719605624 144.676155 0.000000
1692972020007496745 144.651668 0.000000
1692972020009270521 144.607334 0.000000
1692972020224675948 144.681453 0.000000
1692972020224720281 144.769543 0.000000
1692972020298509242 144.638417 0.000000
1692972020370494523 144.452756 0.000000
1692972020370834209 144.580323 0.000000
1692972020370890706 144.612988 0.000000
1692972020443157753 144.907614 0.000000
1692972020443415784 144.889833 0.000000
1692972020805150552 144.568039 0.000000
1692972020877819565 144.481763 0.000000
1692972020949523852 145.137249 0.000000
1692972020950021601 144.713021 0.000000
1692972021022107310 144.640667 0.000000
1692972021022762130 144.898562 0.000000
1692972021167311741 144.638883 0.000000
1692972021168230937 145.122485 0.000000
1692972021384187290 144.557440 0.000000
1692972021384719369 144.939034 0.000000
1692972021458366527 144.437225 0.000000
1692972021529082536 144.661136 0.000000
1692972021602508740 144.541674 0.000000
1692972021747129732 145.029243 0.000000
1692972021892222008 144.521236 0.000000
1692972021963993499 144.673636 0.000000
1692972021964401324 144.790983 0.000000
1692972021965612870 144.575356 0.000000
1692972022036563243 144.776304 0.000000
1692972022108936464 144.615177 0.000000
1692972022253985900 144.707249 0.000000
1692972022398747580 144.744581 0.000000
1692972022399668435 145.142087 0.000000
1692972022400070135 144.479198 0.000000
1692972022400589605 144.676823 0.000000
1692972022471473116 144.732969 0.000000
1692972022472686221 144.533544 0.000000
1692972022473132926 144.638869 0.000000
1692972022615774561 144.620707 0.000000
1692972022761774164 144.702368 0.000000
1692972022906391834 144.655334 0.000000
1692972022979503785 144.667892 0.000000
1692972023196787016 144.487533 0.000000
1692972023197947257 144.624598 0.000000
1692972023198093713 144.499181 0.000000
1692972023268546775 144.503456 0.000000
1692972023340473093 144.634380 0.000000
1692972023415253626 144.680452 0.000000
1692972023558047486 144.671412 0.000000
1692972023558832779 144.743204 0.000000
1692972023559802562 144.542166 0.000000
1692972023632392289 144.499676 0.000000
1692972023849077617 144.486896 0.000000
1692972023994401814 144.710623 0.000000
1692972024065865803 144.495094 0.000000
1692972024066769226 144.437039 0.000000
1692972024066897214 144.467175 0.000000
1692972024210597936 144.715285 0.000000
1692972024210692867 144.691819 0.000000
1692972024211507068 145.220525 0.000000
1692972024284085407 144.616962 0.000000
1692972024429199489 144.578902 0.000000
1692972024429441428 144.864334 0.000000
1692972024429530485 144.733116 0.000000
1692972024574355304 145.145014 0.000000
1692972024645243733 144.668164 0.000000
1692972024717980220 144.672976 0.000000
1692972024719655370 144.722130 0.000000
1692972024862726882 144.522104 0.000000
1692972025007319621 144.722085 0.000000
1692972025008882755 144.470941 0.000000
1692972025080587593 144.842483 0.000000
1692972025153102106 144.628413 0.000000
1692972025153700885 144.403760 0.000000
1692972025225443239 144.518706 0.000000
1692972025297454370 144.457334 0.000000
1692972025370828680 144.655531 0.000000
1692972025441823624 144.654237 0.000000
1692972025442594384 144.446323 0.000000
1692972025587216106 144.607404 0.000000
1692972025660439314 144.718218 0.000000
1692972025877943501 144.583619 0.000000
1692972025949623851 144.974133 0.000000
1692972026094020094 144.642360 0.000000
1692972026166775135 144.924874 0.000000
1692972026239171209 144.639104 0.000000
1692972026383687191 144.623858 0.000000
1692972026385574470 144.844826 0.000000
1692972026529658962 144.552437 0.000000
1692972026529763776 144.681262 0.000000
1692972026601343110 144.616310 0.000000
1692972026673644464 144.527889 0.000000
1692972026747662776 144.641850 0.000000
1692972026747936402 144.697748 0.000000
1692972026962893559 144.654351 0.000000
1692972027036068019 144.480883 0.000000
1692972027108251958 144.383587 0.000000
1692972027109418454 144.514185 0.000000
1692972027180340294 144.645340 0.000000
1692972027253740149 144.606028 0.000000
1692972027397570084 144.629100 0.000000
1692972027399103454 144.741282 0.000000
1692972027470464928 144.810428 0.000000
1692972027543039045 144.599192 0.000000
1692972027543269241 144.828185 0.000000
1692972027687350316 144.678099 0.000000
1692972027687731964 144.654229 0.000000
1692972027687753880 144.557469 0.000000
1692972027689110073 144.651121 0.000000
1692972027832048112 144.672728 0.000000
1692972027833877015 144.746951 0.000000
1692972027904846431 144.609335 0.000000
1692972028122234355 144.746105 0.000000
1692972028194555632 144.606178 0.000000
1692972028195732632 144.507454 0.000000
1692972028339035190 144.619680 0.000000
1692972028339323426 144.596550 0.000000
1692972028339355656 144.547552 0.000000
1692972028411478095 144.670412 0.000000
1692972028557871414 144.617745 0.000000
1692972028701280615 144.718961 0.000000
1692972028918447226 144.558983 0.000000
1692972028919144991 144.553701 0.000000
1692972029135801506 144.684036 0.000000
1692972029137231100 144.408755 0.000000
1692972029208363596 144.600385 0.000000
1692972029209209355 144.459717 0.000000
1692972029281780110 144.561269 0.000000
1692972029353034701 144.699682 0.000000
1692972029353477006 144.628486 0.000000
1692972029425690249 144.637232 0.000000
1692972029497679144 144.619171 0.000000
1692972029498223664 144.465115 0.000000
1692972029570497796 144.873140 0.000000
1692972029643442112 144.833078 0.000000
1692972029787431885 144.615917 0.000000
1692972030004757140 144.716996 0.000000
1692972030005635004 144.613801 0.000000
1692972030078627574 144.602794 0.000000
1692972030150157048 144.505771 0.000000
1692972030222017617 144.408244 0.000000
1692972030512164072 144.546771 0.000000
1692972030874704192 144.814255 0.000000
1692972030948546320 144.584805 0.000000
1692972031093104330 144.503302 0.000000
1692972031164451292 144.657368 0.000000
1692972031165173934 144.422648 0.000000
1692972031310871827 144.621616 0.000000
1692972031382695338 145.462940 0.000000
1692972031528291709 145.097941 0.000000
1692972031600956824 144.781685 0.000000
1692972031672632622 144.555523 0.000000
1692972031816980757 144.481666 0.000000
1692972031817030603 144.492035 0.000000
1692972031817408492 144.482702 0.000000
1692972031817491395 144.509972 0.000000
1692972031889524038 144.795400 0.000000
1692972032034502850 144.782962 0.000000
1692972032106667013 144.614743 0.000000
1692972032251451003 144.702611 0.000000
1692972032324606333 144.760095 0.000000
1692972032396896263 144.890343 0.000000
1692972032397178846 145.125246 0.000000
1692972032613626413 144.710575 0.000000
1692972032613682734 144.488567 0.000000
1692972032615526337 144.447066 0.000000
1692972032686680813 144.558000 0.000000
1692972032758502107 144.801135 0.000000
1692972032832372978 144.654353 0.000000
1692972032832912434 145.154543 0.000000
1692972032903250610 144.732737 0.000000
1692972032903382828 144.426303 0.000000
1692972032904820831 144.569822 0.000000
1692972033121927769 144.506797 0.000000
1692972033122079944 144.507929 0.000000
1692972033338553490 145.054992 0.000000
1692972033338889893 144.858524 0.000000
1692972033412246725 144.513932 0.000000
1692972033484281520 144.535393 0.000000
1692972033555890998 144.783681 0.000000
1692972033556943288 144.688880 0.000000
1692972033700742777 144.682946 0.000000
1692972033847167859 144.580627 0.000000
1692972034063754015 144.624884 0.000000
1692972034137013098 144.597302 0.000000
1692972034209003265 144.944876 0.000000
1692972034209133819 144.828104 0.000000
1692972034209257497 145.014678 0.000000
1692972034281103234 144.509497 0.000000
1692972034281946697 144.554673 0.000000
1692972035005562785 144.929285 0.000000
1692972035368277335 144.801032 0.000000
1692972035440467787 144.643902 0.000000
1692972035440678182 144.667332 0.000000
1692972035441468417 144.759150 0.000000
1692972035585313042 144.598646 0.000000
1692972035586046124 144.597202 0.000000
1692972035586503439 144.559831 0.000000
1692972035659066023 144.503290 0.000000
1692972035659316250 144.617375 0.000000
1692972035875722547 144.664319 0.000000
1692972036092210142 144.822495 0.000000
1692972036092248296 144.583273 0.000000
1692972036166099768 144.613126 0.000000
1692972036166444195 144.811468 0.000000
1692972036310791070 144.671096 0.000000
1692972036382176306 144.772457 0.000000
1692972036526920397 144.719439 0.000000
1692972036527947298 144.642354 0.000000
1692972037107247889 144.694823 0.000000
1692972037325292303 144.572182 0.000000
1692972037469603417 144.691439 0.000000
1692972037541091214 144.491880 0.000000
1692972037614653676 144.555288 0.000000
1692972037831343807 144.760180 0.000000
1692972037831816603 144.551458 0.000000
1692972037832213091 144.909132 0.000000
1692972037976029268 144.662953 0.000000
1692972038049061930 144.426391 0.000000
1692972038120645784 144.597371 0.000000
1692972038192646098 144.532666 0.000000
1692972038339251499 144.488428 0.000000
1692972038483756495 144.622354 0.000000
1692972038556057564 144.741517 0.000000
1692972038556266284 144.903073 0.000000
1692972038628845014 144.998275 0.000000
1692972038628961977 144.897785 0.000000
1692972038701476588 145.109419 0.000000
1692972038702033334 144.926376 0.000000
1692972038773457410 144.601576 0.000000
1692972038917186606 144.762962 0.000000
1692972038918006244 144.530155 0.000000
1692972038919134170 144.629717 0.000000
1692972038991966136 144.538275 0.000000
1692972039061778313 144.566754 0.000000
1692972039063265415 144.482598 0.000000
1692972039063679910 144.821813 0.000000
1692972039063909715 144.793381 0.000000
1692972039136316056 144.553570 0.000000
1692972039136571441 144.597362 0.000000
1692972039136620891 144.563580 0.000000
1692972039136678595 144.535660 0.000000
1692972039208580287 144.538765 0.000000
1692972039351991698 144.622701 0.000000
1692972039498441127 144.643624 0.000000
1692972039570790030 144.427712 0.000000
1692972039641908033 144.494082 0.000000
1692972039860189999 144.878184 0.000000
1692972040077220356 144.457429 0.000000
1692972040293316315 144.619890 0.000000
1692972040295223676 144.496824 0.000000
1692972040366495108 144.528620 0.000000
1692972040367608015 144.448373 0.000000
1692972040511995820 144.519821 0.000000
1692972040583533863 144.568050 0.000000
1692972040584579116 144.829855 0.000000
1692972040584626717 144.548956 0.000000
1692972040656998161 145.076428 0.000000
1692972040728938480 144.530979 0.000000
1692972040729723558 145.080137 0.000000
1692972040947160409 144.881815 0.000000
1692972041091754843 144.575580 0.000000
1692972041165292710 144.586604 0.000000
1692972041307825357 144.707576 0.000000
1692972041309654105 144.496500 0.000000
1692972041381944337 144.410015 0.000000
1692972041454103239 144.430796 0.000000
1692972041525298888 144.649651 0.000000
1692972041597239371 144.617867 0.000000
1692972041598285657 144.574285 0.000000
1692972041598340419 144.544496 0.000000
1692972041742079189 144.625405 0.000000
1692972041742635855 144.332277 0.000000
1692972041886737611 144.589982 0.000000
1692972041959176675 144.583236 0.000000
1692972041960819153 144.524394 0.000000
1692972042031656347 144.591128 0.000000
1692972042176129423 144.482738 0.000000
1692972042176679353 144.778291 0.000000
1692972042176706456 144.784571 0.000000
1692972042178452097 144.650100 0.000000
1692972042251079310 144.824233 0.000000
1692972042321677190 144.475145 0.000000
1692972042538028221 144.657515 0.000000
1692972042612759455 144.604542 0.000000
1692972042682703132 144.575109 0.000000
1692972042685279655 144.564193 0.000000
1692972043262014415 144.655887 0.000000
1692972043334636180 144.857226 0.000000
1692972043406914677 144.563096 0.000000
1692972043481996704 144.987113 0.000000
1692972043552972452 144.462702 0.000000
1692972043624414236 144.889106 0.000000
1692972043698773320 144.541402 0.000000
1692972043843240578 144.452062 0.000000
1692972044059438110 144.426026 0.000000
1692972044277282050 144.513297 0.000000
1692972044349893519 144.561925 0.000000
1692972044350015172 144.519632 0.000000
1692972044494920506 144.713407 0.000000
1692972044639523325 144.768866 0.000000
1692972044784763168 144.975999 0.000000
1692972044858155811 145.705261 0.000000
1692972044858202770 145.497508 0.000000
1692972044930618038 145.136748 0.000000
1692972045000947805 144.825814 0.000000
1692972045002377513 144.500632 0.000000
1692972045074232184 144.440765 0.000000
1692972045075355840 144.644540 0.000000
1692972045145667328 144.653705 0.000000
1692972045147841489 144.690040 0.000000
1692972045364534660 144.567582 0.000000
1692972045435722723 144.594346 0.000000
1692972045437184957 144.444662 0.000000
1692972045508670002 144.629648 0.000000
1692972045580194463 144.682647 0.000000
1692972045580625732 144.756063 0.000000
1692972045581464254 144.498413 0.000000
1692972046088000448 144.663004 0.000000
1692972046304423788 144.750516 0.000000
1692972046304719035 144.578791 0.000000
1692972046377162570 144.811077 0.000000
1692972046378038228 144.581366 0.000000
1692972046450262988 144.619090 0.000000
1692972046594476544 144.666064 0.000000
1692972046666594065 144.719568 0.000000
1692972046739915332 144.478081 0.000000
1692972047028747080 144.662099 0.000000
1692972047173589576 144.747194 0.000000
1692972047247203483 144.901338 0.000000
1692972047318284644 144.578762 0.000000
1692972047318409124 144.668195 0.000000
1692972047392155734 144.933864 0.000000
1692972047681126148 144.916578 0.000000
1692972047681276473 144.959142 0.000000
1692972047825833279 144.537516 0.000000
1692972048042845122 144.757542 0.000000
1692972048115155858 144.661365 0.000000
1692972048259795588 144.622024 0.000000
1692972048334131073 144.690528 0.000000
1692972048404913852 144.845358 0.000000
1692972048551491268 144.950182 0.000000
1692972048621960092 144.556611 0.000000
1692972048623983266 144.476571 0.000000
1692972048624114286 144.538084 0.000000
1692972048697035263 144.735999 0.000000
1692972048766750894 144.767497 0.000000
1692972048839233464 144.630569 0.000000
1692972048840191484 144.577525 0.000000
1692972048984263037 144.650224 0.000000
1692972049130938788 144.470729 0.000000
1692972049348356687 144.401697 0.000000
1692972049492368085 144.796611 0.000000
1692972049565316448 145.076834 0.000000
1692972049708611294 144.679513 0.000000
1692972049709950962 144.612759 0.000000
1692972049781182184 144.542746 0.000000
1692972049855489565 144.576809 0.000000
1692972050145317035 144.485905 0.000000
1692972050217327403 144.803292 0.000000
1692972050289094620 144.681209 0.000000
1692972050362058578 144.609772 0.000000
1692972050433545242 144.715483 0.000000
1692972050435089457 144.537960 0.000000
1692972050506986115 144.629634 0.000000
1692972050580139724 144.745643 0.000000
1692972050651182130 144.719854 0.000000
1692972050651496827 144.615932 0.000000
1692972050724414041 144.725412 0.000000
1692972050796576463 144.664469 0.000000
1692972050796939249 144.772613 0.000000
1692972050868921290 145.144437 0.000000
1692972050869310516 144.715529 0.000000
1692972050869565627 144.789837 0.000000
1692972050942119197 145.159494 0.000000
1692972051013550939 144.641570 0.000000
1692972051013782107 144.481927 0.000000
1692972051015926595 145.690149 0.000000
1692972051158456292 144.606222 0.000000
1692972051160536967 144.609469 0.000000
1692972051231522103 144.644641 0.000000
1692972051592406479 144.758262 0.000000
1692972051593876335 144.723962 0.000000
1692972051809909136 144.726304 0.000000
1692972051811634306 144.525797 0.000000
1692972051882310886 144.755472 0.000000
1692972051954750047 144.719163 0.000000
1692972052029416188 144.520448 0.000000
1692972052102097266 144.610896 0.000000
1692972052172046491 144.684180 0.000000
1692972052246269964 144.425027 0.000000
1692972052393910169 147.721869 0.000000
1692972052393935067 148.515680 0.000000
1692972052466368568 149.345644 0.000000
1692972052539242521 145.166922 0.000000
1692972052539379725 145.269020 0.000000
1692972052683540165 144.657368 0.000000
1692972052683578810 144.568771 0.000000
1692972052756348259 144.517963 0.000000
1692972052829306207 144.610393 0.000000
1692972052829564484 144.793806 0.000000
1692972052903019942 146.931618 0.000000
1692972052975219768 146.731809 0.000000
1692972052975354011 145.914419 0.000000
1692972053048822537 145.496001 0.000000
1692972053120313008 144.785923 0.000000
1692972053193277984 144.438557 0.000000
1692972053483074979 144.622642 0.000000
1692972053628963170 144.836284 0.000000
1692972053774348304 144.672548 0.000000
1692972054279943096 144.777517 0.000000
1692972054425137936 144.723777 0.000000
1692972054497626064 144.580994 0.000000
1692972054499019346 144.867076 0.000000
1692972054644077257 144.530311 0.000000
1692972054787474948 144.871692 0.000000
1692972054788492730 144.628270 0.000000
1692972054859652813 144.774185 0.000000
1692972054932105899 144.619890 0.000000
1692972054932142049 144.604840 0.000000
1692972055004682739 144.522579 0.000000
1692972055078721163 144.711135 0.000000
1692972055296007554 144.624826 0.000000
1692972055296255847 144.693160 0.000000
1692972055367002456 144.532230 0.000000
1692972055367262735 144.604243 0.000000
1692972055368652564 144.819054 0.000000
1692972055657025213 144.685141 0.000000
1692972055657030034 144.659808 0.000000
1692972055875437739 144.888812 0.000000
1692972056019951651 145.164013 0.000000
1692972056091787162 144.945776 0.000000
1692972056092600668 144.714221 0.000000
1692972056164124283 144.623799 0.000000
1692972056165321663 144.727556 0.000000
1692972056381167033 144.592250 0.000000
1692972056382089472 144.597567 0.000000
1692972056454639489 144.468713 0.000000
1692972056455156213 144.573492 0.000000
1692972056599012589 144.616291 0.000000
1692972056815697690 144.594119 0.000000
1692972056889253626 144.434006 0.000000
1692972057033717220 144.448915 0.000000
1692972057178286236 144.963976 0.000000
1692972057322925350 144.668919 0.000000
1692972057613860534 144.525263 0.000000
1692972057686484386 144.552869 0.000000
1692972057830362095 144.530445 0.000000
1692972057976401668 144.758021 0.000000
1692972057977279529 144.766998 0.000000
1692972058120869808 144.545711 0.000000
1692972058337496328 145.003498 0.000000
1692972058483739905 145.065588 0.000000
1692972058556066286 144.689667 0.000000
1692972058556223743 144.616085 0.000000
1692972058628736096 144.734506 0.000000
1692972058917485402 144.549956 0.000000
1692972059062050610 144.700264 0.000000
1692972059279584852 144.823498 0.000000
1692972059280319514 144.523904 0.000000
1692972059281148165 144.517390 0.000000
1692972059352080078 144.736691 0.000000
1692972059497070566 144.746163 0.000000
1692972059497498628 144.851348 0.000000
1692972059497572395 144.836954 0.000000
1692972059569446489 144.791159 0.000000
1692972059642673961 144.697926 0.000000
1692972059714594047 144.736801 0.000000
1692972059787482875 145.008735 0.000000
1692972059859735061 145.124405 0.000000
1692972059932518844 144.903095 0.000000
1692972060005269956 144.700923 0.000000
1692972060294955978 144.672446 0.000000
1692972060441158575 144.761934 0.000000
1692972060512277657 144.386565 0.000000
1692972060585331567 144.537692 0.000000
1692972060585368323 144.700070 0.000000
1692972060586146406 144.752282 0.000000
1692972060730802719 144.473507 0.000000
1692972061020009930 144.511957 0.000000
1692972061020610234 144.422844 0.000000
1692972061093152971 144.657639 0.000000
1692972061238182945 144.800795 0.000000
1692972061381591069 144.924438 0.000000
1692972061453926673 144.700597 0.000000
1692972061600452598 144.605079 0.000000
1692972061745509389 144.654986 0.000000
1692972061963040939 144.862234 0.000000
1692972062035742886 144.666511 0.000000
1692972062180491409 144.618830 0.000000
1692972062542966699 144.903093 0.000000
1692972062687666378 144.582125 0.000000
1692972062832107960 144.712359 0.000000
1692972063193640542 144.521714 0.000000
1692972063266347441 145.023398 0.000000
1692972063267201370 144.730667 0.000000
1692972063340355767 144.406891 0.000000
1692972063411237178 144.639594 0.000000
1692972063556429033 144.414188 0.000000
1692972063557178931 144.935599 0.000000
1692972063629674903 144.624990 0.000000
1692972063845839432 144.623642 0.000000
1692972063919106912 144.525377 0.000000
1692972063991945571 144.649366 0.000000
1692972064136279292 144.802540 0.000000
1692972064354321436 145.194653 0.000000
1692972064426593714 144.464615 0.000000
1692972064716890867 145.029575 0.000000
1692972064716961215 145.126569 0.000000
1692972064934152907 144.617307 0.000000
1692972065151357787 144.565150 0.000000
1692972065294876864 144.732695 0.000000
1692972065513475379 144.461845 0.000000
1692972065584464700 144.580656 0.000000
1692972065657501418 144.481756 0.000000
1692972065801871458 144.559392 0.000000
1692972065802283138 144.753234 0.000000
1692972065802362999 144.513510 0.000000
1692972065874155402 144.758606 0.000000
1692972065874890545 144.504719 0.000000
1692972065946739359 144.758551 0.000000
1692972065946968363 144.707161 0.000000
1692972066165547462 144.450493 0.000000
1692972066237099442 144.837053 0.000000
1692972066309683623 144.369891 0.000000
1692972066381582185 144.468685 0.000000
1692972066382152740 144.470374 0.000000
1692972066454904390 144.546351 0.000000
1692972066671845731 144.448428 0.000000
1692972066672007007 144.559578 0.000000
1692972066815983951 144.802749 0.000000
1692972066960818534 144.511054 0.000000
1692972066960856492 144.561051 0.000000
1692972066962015944 144.885055 0.000000
1692972066962046169 144.899710 0.000000
1692972067033009638 144.694626 0.000000
1692972067178069400 144.775997 0.000000
1692972067178897029 144.756286 0.000000
1692972067251173900 144.654287 0.000000
1692972067322566442 144.591200 0.000000
1692972067395049894 144.567029 0.000000
1692972067395701748 144.692988 0.000000
1692972067467803958 144.569335 0.000000
1692972067541368550 144.763021 0.000000
1692972067613766845 144.600071 0.000000
1692972067904046964 144.546412 0.000000
1692972067974549386 144.709787 0.000000
1692972067976574154 144.688246 0.000000
1692972067976608434 144.744087 0.000000
1692972068120936974 144.463149 0.000000
1692972068336930932 144.664862 0.000000
1692972068338138786 144.797617 0.000000
1692972068338330623 144.573755 0.000000
1692972068408944493 144.722847 0.000000
1692972068409032843 144.620073 0.000000
1692972068409928375 144.822009 0.000000
1692972068626867115 144.556825 0.000000
1692972068627772675 144.667047 0.000000
1692972068771807815 144.633224 0.000000
1692972068843822744 144.677105 0.000000
1692972068988913553 144.755288 0.000000
1692972069061465462 144.824574 0.000000
1692972069062290485 144.492540 0.000000
1692972069134072428 144.716053 0.000000
1692972069134127040 144.749079 0.000000
1692972069206753792 144.569335 0.000000
1692972069351778518 145.015083 0.000000
1692972069424873897 144.592764 0.000000
1692972069496317011 144.687570 0.000000
1692972069568587507 144.710283 0.000000
1692972069570088530 144.748246 0.000000
1692972069642078894 144.519709 0.000000
1692972069713742436 144.556525 0.000000
1692972069785996064 144.683346 0.000000
1692972069786916674 144.828679 0.000000
1692972069787193324 144.699523 0.000000
1692972069787254512 144.827752 0.000000
1692972069930538094 144.589680 0.000000
1692972070003195198 144.700530 0.000000
1692972070221934492 144.346932 0.000000
1692972070222288457 144.404395 0.000000
1692972070222310804 144.455194 0.000000
1692972070292620480 144.614250 0.000000
1692972070365266038 144.713104 0.000000
1692972070367328418 144.577368 0.000000
1692972070437378494 144.544416 0.000000
1692972070509871873 144.548677 0.000000
1692972070511429312 144.540473 0.000000
1692972070583041307 144.511005 0.000000
1692972070584248299 144.496204 0.000000
1692972070727831406 144.471822 0.000000
1692972070728825537 144.822008 0.000000
1692972070800866702 144.590343 0.000000
1692972070872473374 144.652684 0.000000
1692972070873567729 144.724938 0.000000
1692972070944954966 144.678970 0.000000
1692972071016800069 144.758697 0.000000
1692972071017088436 144.690136 0.000000
1692972071379700614 144.796534 0.000000
1692972071379787888 144.638966 0.000000
1692972071524977828 144.633138 0.000000
1692972071525520823 144.647712 0.000000
1692972071596556288 144.592183 0.000000
1692972071670406937 144.588450 0.000000
1692972071814877115 144.655561 0.000000
1692972071887784040 144.502003 0.000000
1692972071958409248 144.436345 0.000000
1692972072031457174 144.654201 0.000000
1692972072104731037 144.624955 0.000000
1692972072175766779 145.046547 0.000000
1692972072176712382 144.539015 0.000000
1692972072176989162 144.482011 0.000000
1692972072393725299 144.717965 0.000000
1692972072394230857 144.633208 0.000000
1692972072466600122 145.169227 0.000000
1692972072466614150 145.251428 0.000000
1692972072466787859 145.071951 0.000000
1692972072610427232 144.731487 0.000000
1692972072683471940 144.447175 0.000000
1692972072827879373 144.715671 0.000000
1692972073045693305 144.725572 0.000000
1692972073045887803 144.930714 0.000000
1692972073046033082 144.453478 0.000000
1692972073117598576 144.666959 0.000000
1692972073191282827 144.805279 0.000000
1692972073262867235 144.610591 0.000000
1692972073263099747 144.531547 0.000000
1692972073335761490 144.924648 0.000000
1692972073336015683 144.709692 0.000000
1692972073336178637 144.790455 0.000000
1692972073697476429 144.515469 0.000000
1692972073770692925 144.760486 0.000000
1692972073842889109 144.522340 0.000000
1692972073916215886 144.723769 0.000000
1692972074059927020 144.595614 0.000000
1692972074205113067 144.855261 0.000000
1692972074277107082 144.721298 0.000000
1692972074349460805 144.899549 0.000000
1692972074349465065 144.879046 0.000000
1692972074494769859 144.465438 0.000000
1692972074640003025 145.218312 0.000000
1692972074640364692 145.402381 0.000000
1692972074640717735 145.252411 0.000000
1692972074784804295 144.783584 0.000000
1692972074784943038 144.866211 0.000000
1692972074858824115 145.023764 0.000000
1692972074929524160 144.695549 0.000000
1692972074929559768 144.593231 0.000000
1692972075076017776 144.480079 0.000000
1692972075146611717 144.629285 0.000000
1692972075219770549 144.443479 0.000000
1692972075220689065 144.634116 0.000000
1692972075363785183 144.685614 0.000000
1692972075364629474 144.592901 0.000000
1692972075582460605 144.641628 0.000000
1692972075653827477 144.470509 0.000000
1692972075799310986 144.561552 0.000000
1692972075870872948 144.754963 0.000000
1692972075943486549 144.629170 0.000000
1692972076016061866 144.794342 0.000000
1692972076088383339 144.706998 0.000000
1692972076233668146 145.180209 0.000000
1692972076306371639 144.489424 0.000000
1692972076524490609 144.498109 0.000000
1692972076595345060 144.601200 0.000000
1692972076885799950 144.488585 0.000000
1692972076886673902 144.918645 0.000000
1692972076957443089 144.697684 0.000000
1692972077030027590 144.654851 0.000000
1692972077175183821 144.720467 0.000000
1692972077321349245 145.075770 0.000000
1692972077537423549 144.774829 0.000000
1692972077610471512 144.478549 0.000000
1692972077682131065 144.776663 0.000000
1692972077827391171 144.625412 0.000000
1692972078262043742 144.845659 0.000000
1692972078335546538 144.557032 0.000000
1692972078407523203 144.559001 0.000000
1692972078480529752 144.554174 0.000000
1692972078696401081 144.565877 0.000000
1692972078696858150 144.638958 0.000000
1692972078768870173 144.709111 0.000000
1692972079058912201 144.506572 0.000000
1692972079277307336 144.840147 0.000000
1692972079348608411 144.561727 0.000000
1692972079349154939 144.546141 0.000000
1692972079494957442 144.835550 0.000000
1692972079565822094 144.753890 0.000000
1692972079638517762 144.788451 0.000000
1692972079638990844 144.585844 0.000000
1692972079712272256 144.822986 0.000000
1692972079783616370 144.610687 0.000000
1692972079928745635 144.752417 0.000000
1692972079928860423 144.764014 0.000000
1692972080001330810 144.798669 0.000000
1692972080074004840 144.814439 0.000000
1692972080217935528 144.660633 0.000000
1692972080437503223 144.893135 0.000000
1692972080437647630 144.820601 0.000000
1692972080582687577 144.482043 0.000000
1692972080873002222 144.653817 0.000000
1692972080943447264 144.726021 0.000000
1692972081233951915 144.565972 0.000000
1692972081305116652 144.569561 0.000000
1692972081379159593 144.671830 0.000000
1692972081451741456 144.803136 0.000000
1692972081451817167 145.017279 0.000000
1692972081523696950 144.617669 0.000000
1692972081594586505 144.683612 0.000000
1692972081741724595 144.777286 0.000000
1692972081812856099 144.397871 0.000000
1692972081885459597 144.438786 0.000000
1692972081886254589 144.508649 0.000000
1692972081886318543 144.494080 0.000000
1692972082320594894 144.696503 0.000000
1692972082392988386 144.507176 0.000000
1692972082536712578 144.842918 0.000000
1692972082609076852 144.700927 0.000000
1692972082681528920 144.743521 0.000000
1692972082754680813 144.472540 0.000000
1692972082826638850 144.746734 0.000000
1692972082827266106 144.692899 0.000000
1692972082828032893 144.612742 0.000000
1692972082970793821 144.591789 0.000000
1692972082971125258 144.546869 0.000000
1692972083044414756 144.755363 0.000000
1692972083188415613 144.590069 0.000000
1692972083189030701 144.601236 0.000000
1692972083260469225 144.825467 0.000000
1692972083478317704 144.924213 0.000000
1692972083624094327 145.645839 0.000000
1692972083624818680 145.162012 0.000000
1692972083697039687 144.693606 0.000000
1692972083768093234 144.469924 0.000000
1692972083768134684 144.694561 0.000000
1692972083769208006 144.561488 0.000000
1692972083769481068 144.564465 0.000000
1692972083840511948 144.696868 0.000000
1692972083987088635 144.533678 0.000000
1692972084274996572 144.562005 0.000000
1692972084276147498 144.454619 0.000000
1692972084276409293 144.615905 0.000000
1692972084347334374 144.601492 0.000000
1692972084349096439 144.474927 0.000000
1692972084420887827 144.717106 0.000000
1692972084421366698 144.528786 0.000000
1692972084493979396 144.537492 0.000000
1692972084564556701 144.698693 0.000000
1692972084638836652 144.912470 0.000000
1692972084709968174 144.503488 0.000000
1692972084711754273 144.977998 0.000000
1692972084928722312 144.717569 0.000000
1692972084999144741 144.820757 0.000000
1692972085144204605 144.525961 0.000000
1692972085218535929 144.550508 0.000000
1692972085218586457 144.545596 0.000000
1692972085290090118 144.436123 0.000000
1692972085290134433 144.468071 0.000000
1692972085290299887 144.396218 0.000000
1692972085361713363 144.711077 0.000000
1692972085433868457 144.520869 0.000000
1692972085507212431 144.765308 0.000000
1692972085507577772 144.457011 0.000000
1692972085578849739 144.715552 0.000000
1692972085724994641 144.937865 0.000000
1692972085795978086 144.549686 0.000000
1692972085868689846 144.672447 0.000000
1692972085942246014 144.547341 0.000000
1692972086014648273 144.788537 0.000000
1692972086087149927 144.605061 0.000000
1692972086158109805 144.606208 0.000000
1692972086230603726 144.699726 0.000000
1692972086230909613 144.689326 0.000000
1692972086231462852 144.349485 0.000000
1692972086520536379 144.555094 0.000000
1692972086521645062 144.604885 0.000000
1692972086737737403 144.655934 0.000000
1692972086738663115 144.806840 0.000000
1692972086882559013 144.714160 0.000000
1692972086884036259 144.641028 0.000000
1692972086954907430 144.667045 0.000000
1692972086955505393 144.557554 0.000000
1692972087317053762 144.558768 0.000000
1692972087389436982 144.549491 0.000000
1692972087389917261 144.682110 0.000000
1692972087751524310 144.524839 0.000000
1692972087751843884 144.504682 0.000000
1692972087752781759 144.653518 0.000000
1692972087896382946 144.778144 0.000000
1692972087968839026 144.639311 0.000000
1692972088043103143 144.527158 0.000000
1692972088115196180 144.569425 0.000000
1692972088259148029 144.725371 0.000000
1692972088476069202 144.722129 0.000000
1692972088765980222 144.707700 0.000000
1692972088839107979 144.661533 0.000000
1692972088983816872 145.004496 0.000000
1692972089056433819 144.711493 0.000000
1692972089202052952 144.434940 0.000000
1692972089272977981 144.734082 0.000000
1692972089273172444 144.585882 0.000000
1692972089275023376 144.718926 0.000000
1692972089345501434 144.630356 0.000000
1692972089419083758 144.696874 0.000000
1692972089490883926 145.164615 0.000000
1692972089491549181 144.684917 0.000000
1692972089492253822 144.593038 0.000000
1692972089562815521 144.776240 0.000000
1692972089562904598 144.819166 0.000000
1692972089563871631 144.683144 0.000000
1692972089707482656 144.548789 0.000000
1692972089852443281 144.299129 0.000000
1692972090070282614 144.625418 0.000000
1692972090142666374 144.895253 0.000000
1692972090143089329 144.539870 0.000000
1692972090143641415 144.536653 0.000000
1692972090216147886 144.514867 0.000000
1692972090287240504 144.523106 0.000000
1692972090360616049 144.433266 0.000000
1692972090432611259 144.451539 0.000000
1692972090505095819 144.465923 0.000000
1692972090576411265 144.798753 0.000000
1692972090576921780 144.635447 0.000000
1692972090577244426 144.616518 0.000000
1692972090794716839 144.607067 0.000000
1692972090938695958 144.837643 0.000000
1692972090939840774 144.815326 0.000000
1692972090940669394 145.187989 0.000000
1692972091084633997 144.441293 0.000000
1692972091157600407 144.622763 0.000000
1692972091301044013 144.743313 0.000000
1692972091302038384 144.422040 0.000000
1692972091302451050 144.543864 0.000000
1692972091445820209 144.750796 0.000000
1692972091520199585 144.807423 0.000000
1692972091592902621 144.707291 0.000000
1692972091735766487 144.603849 0.000000
1692972091736504065 144.667447 0.000000
1692972091808511697 144.601103 0.000000
1692972091881174390 144.654277 0.000000
1692972091952888126 144.601348 0.000000
1692972092171344283 144.476292 0.000000
1692972092243229197 144.847828 0.000000
1692972092315914906 144.871508 0.000000
1692972092387674192 144.542647 0.000000
1692972092532851622 144.438333 0.000000
1692972092533597414 144.466639 0.000000
1692972092605169279 144.462240 0.000000
1692972092606199439 144.528850 0.000000
1692972092677331067 144.822630 0.000000
1692972092750497762 144.516291 0.000000
1692972092895547800 145.011072 0.000000
1692972092967598415 144.632932 0.000000
1692972092968623949 145.055166 0.000000
1692972093040647162 144.472482 0.000000
1692972093041135344 144.692755 0.000000
1692972093112287273 144.672750 0.000000
1692972093113588268 144.767676 0.000000
1692972093258633206 144.670309 0.000000
1692972093402651592 144.539730 0.000000
1692972093402686569 144.740203 0.000000
1692972093475512141 145.006563 0.000000
1692972093547351065 144.657911 0.000000
1692972093691242095 144.757392 0.000000
1692972093691811661 144.812156 0.000000
1692972093691950881 144.584716 0.000000
1692972093836535966 144.714041 0.000000
1692972093837436844 144.775479 0.000000
1692972094054823166 144.477231 0.000000
1692972094126816150 145.011641 0.000000
1692972094272455573 144.657871 0.000000
1692972094487998379 144.567982 0.000000
1692972094561650134 144.693926 0.000000
1692972094561722658 144.498240 0.000000
1692972094632725512 144.703232 0.000000
1692972094634649914 144.554691 0.000000
1692972094778953149 144.589191 0.000000
1692972094995010664 144.815284 0.000000
1692972095068865654 144.579282 0.000000
1692972095140595991 144.404602 0.000000
1692972095357832075 144.878084 0.000000
1692972095358647880 144.755785 0.000000
1692972095501917373 144.583313 0.000000
1692972095503906235 144.484728 0.000000
1692972095574789949 144.514703 0.000000
1692972095646922990 144.749330 0.000000
1692972095647741371 144.459440 0.000000
1692972095648389280 144.694813 0.000000
1692972095719740244 144.666186 0.000000
1692972095720261121 144.358194 0.000000
1692972095937316367 144.797828 0.000000
1692972096372356621 145.166175 0.000000
1692972096372388841 144.532470 0.000000
1692972096443284892 144.632554 0.000000
1692972096445416061 144.802354 0.000000
1692972096588514280 144.478976 0.000000
1692972096661878981 144.593924 0.000000
1692972096733281377 144.963960 0.000000
1692972096733381891 145.011010 0.000000
1692972096733708642 144.943007 0.000000
1692972096735859842 144.935194 0.000000
1692972096878283926 144.543776 0.000000
1692972096951033851 144.425075 0.000000
1692972097023022301 144.670622 0.000000
1692972097095387758 144.641798 0.000000
1692972097169317533 144.528938 0.000000
1692972097169570938 144.469279 0.000000
1692972097313261744 144.428153 0.000000
1692972097458274488 144.707764 0.000000
1692972097747403919 144.597302 0.000000
1692972097748136209 144.472406 0.000000
1692972097964851000 144.692083 0.000000
1692972098038052482 144.798354 0.000000
1692972098110441297 144.768397 0.000000
1692972098254436687 144.818958 0.000000
1692972098255170476 144.604839 0.000000
1692972098328352963 144.938892 0.000000
1692972098473416124 144.640468 0.000000
1692972098545344901 144.484344 0.000000
1692972098763148091 144.881630 0.000000
1692972098834460447 144.723832 0.000000
1692972098908002612 144.671740 0.000000
1692972099198161014 144.790969 0.000000
1692972099270241518 145.090296 0.000000
1692972099341634359 144.644322 0.000000
1692972099343544844 144.829368 0.000000
1692972099487036812 144.463285 0.000000
1692972099633224800 144.466909 0.000000
1692972099704065710 144.653668 0.000000
1692972100502144321 144.612503 0.000000
