1692971952286072222 78.368872 208.029567 208 16 0.000000
1692971953259430984 80.853620 193.145605 188 16 0.000000
1692971954273211896 76.914888 208.131745 211 16 0.000000
1692971955286377736 77.621016 205.297132 208 16 0.000000
1692971956269703107 79.526763 206.442357 203 16 0.000000
1692971957284122205 76.546263 208.986599 212 16 0.000000
1692971958298641110 76.907678 207.980356 211 16 0.000000
1692971959268546957 74.202440 209.298665 203 16 0.000000
1692971960282413570 76.822662 211.073131 214 16 0.000000
1692971961295549599 79.152527 200.367960 203 16 0.000000
1692971962282365238 75.112804 217.872512 215 16 0.000000
1692971963296745925 77.977444 205.051222 208 16 0.000000
1692971964310503844 78.335405 204.190760 207 16 0.000000
1692971965275697210 79.180976 198.923871 192 16 0.000000
1692971966289044987 75.429815 210.194371 213 16 0.000000
1692971967302757081 78.243609 207.159379 210 16 0.000000
1692971968317245243 77.278132 206.015247 209 16 0.000000
1692971969306797816 75.849128 214.238241 212 16 0.000000
1692971970321640463 77.712722 202.987135 206 16 0.000000
1692971971286259325 75.300853 207.335772 200 16 0.000000
1692971972299613669 81.190631 202.298412 205 16 0.000000
1692971973313226148 76.861565 208.166336 211 16 0.000000
1692971974326643904 75.851531 211.166641 214 16 0.000000
1692971975320199692 77.006811 208.342596 207 16 0.000000
1692971976333846713 79.512741 201.253507 204 16 0.000000
1692971977295803094 77.947107 204.790989 197 16 0.000000
1692971978309482853 77.619464 204.206505 207 16 0.000000
1692971979323279539 75.808266 212.074080 215 16 0.000000
1692971980336468773 76.130054 211.214208 214 16 0.000000
1692971981332087101 75.882952 210.924239 210 16 0.000000
1692971982346551692 76.901062 207.991486 211 16 0.000000
1692971983305044564 79.153844 201.357780 193 16 0.000000
1692971984317980133 75.751600 212.254340 215 16 0.000000
1692971985331306547 75.790698 211.185654 214 16 0.000000
1692971986344335322 75.789066 211.247735 214 16 0.000000
1692971987357452498 76.169183 210.242168 213 16 0.000000
1692971988358034140 78.780946 202.882038 203 16 0.000000
1692971989311393223 75.640018 211.882358 202 16 0.000000
1692971990324249006 77.954184 205.359937 208 16 0.000000
1692971991337121579 77.614834 204.369270 207 16 0.000000
1692971992350699853 77.188694 209.159944 212 16 0.000000
1692971993363359649 79.076549 202.437209 205 16 0.000000
1692971994368610271 74.481707 209.897896 211 16 0.000000
1692971995317189837 78.638215 207.678956 197 16 0.000000
1692971996330519926 77.627109 204.276967 207 16 0.000000
1692971997343197085 83.842410 193.546360 196 16 0.000000
1692971998356094048 80.749798 196.466209 199 16 0.000000
1692971999368947230 77.191856 208.322393 211 16 0.000000
1692972000381962611 77.188555 208.289012 211 16 0.000000
1692972001322222974 76.814289 207.389411 195 15 0.000000
1692972002335459409 75.774954 212.191297 215 16 0.000000
1692972003349257154 75.142170 212.073885 215 16 0.000000
1692972004363175052 76.880708 208.103640 211 16 0.000000
1692972005376825643 75.428865 213.091175 216 16 0.000000
1692972006390948462 76.518220 209.047663 212 16 0.000000
1692972007332228176 76.449039 209.289540 197 16 0.000000
1692972008347404135 75.484961 211.785944 215 16 0.000000
1692972009361568635 74.803861 211.997168 215 16 0.000000
1692972010375603006 76.509895 210.052053 213 16 0.000000
1692972011390060788 75.869715 208.978632 212 16 0.000000
1692972012403949314 76.106422 212.054868 215 16 0.000000
1692972013345378122 76.473267 208.194182 196 16 0.000000
1692972014359688108 75.491573 209.994943 213 16 0.000000
1692972015373945074 77.969176 206.062210 209 16 0.000000
1692972016387871172 76.829239 209.088203 212 16 0.000000
1692972017402019266 77.269740 207.070357 210 16 0.000000
1692972018416023753 77.604993 207.099681 210 16 0.000000
1692972019357508527 75.310595 211.368264 199 16 0.000000
1692972020370890706 78.784845 201.306079 204 16 0.000000
1692972021386517221 78.374266 205.784314 209 16 0.000000
1692972022400690851 78.053120 204.107063 207 16 0.000000
1692972023415463259 78.334803 206.942954 210 16 0.000000
1692972024429530485 78.767097 203.142349 206 16 0.000000
1692972025371151106 77.688185 203.903776 192 16 0.000000
1692972026385959627 76.876434 209.891812 213 16 0.000000
1692972027399623159 77.223052 206.182816 209 16 0.000000
1692972028413495627 78.328509 205.154007 208 16 0.000000
1692972029427411046 76.908596 206.131590 209 16 0.000000
1692972030440881308 75.769781 212.142386 215 16 0.000000
1692972031383756263 75.786412 212.117208 200 16 0.000000
1692972032398775393 77.644766 205.907446 209 16 0.000000
1692972033413017004 78.030383 204.093352 207 16 0.000000
1692972034427478325 76.537051 209.963677 213 16 0.000000
1692972035442256702 74.129804 215.810673 219 16 0.000000
1692972036456250537 76.585974 207.101851 210 16 0.000000
1692972037398396092 73.845780 217.588459 205 16 0.000000
1692972038412148810 76.877490 208.137545 211 16 0.000000
1692972039426336167 81.515838 196.216198 199 16 0.000000
1692972040440177629 75.790134 211.078372 214 16 0.000000
1692972041455175204 77.317454 205.911829 209 16 0.000000
1692972042468318453 79.400339 202.340588 205 16 0.000000
1692972043409580713 76.034264 210.355818 198 16 0.000000
1692972044422800571 75.789450 211.207858 214 16 0.000000
1692972045437217488 78.385396 204.058122 207 16 0.000000
1692972046450857357 76.894118 206.187619 209 16 0.000000
1692972047464837211 80.856176 194.283920 197 16 0.000000
1692972048479612788 79.734617 205.956897 209 16 0.000000
1692972049421024522 76.443769 209.260187 197 16 0.000000
1692972050435380444 76.921943 208.013776 211 16 0.000000
1692972051450816066 82.333928 194.990203 198 16 0.000000
1692972052467182500 77.208733 205.634498 209 16 0.000000
1692972053484314087 77.403378 208.429276 212 16 0.000000
1692972054499531184 74.475480 214.732397 218 16 0.000000
1692972055441233897 77.266406 207.071718 195 16 0.000000
1692972056455346667 79.929370 200.174978 203 16 0.000000
1692972057470455712 76.591083 208.844548 212 16 0.000000
1692972058484180382 75.480188 209.129758 212 16 0.000000
1692972059498747002 77.580853 207.970554 211 16 0.000000
1692972060511712745 77.331962 193.491246 196 16 0.000000
1692972061456023990 76.192178 225.561256 213 16 0.000000
1692972062470855195 74.473401 213.828663 217 16 0.000000
1692972063485508416 75.490711 210.909464 214 16 0.000000
1692972064500258728 75.829952 212.860279 216 16 0.000000
1692972065513812645 74.407138 213.111503 216 16 0.000000
1692972066455112089 78.427855 203.973341 192 16 0.000000
1692972067469307451 78.729928 204.102696 207 16 0.000000
1692972068483243980 79.843038 201.196025 204 16 0.000000
1692972069497703767 76.969211 206.020981 209 16 0.000000
1692972070512086483 79.117672 202.093318 205 16 0.000000
1692972071525942295 77.962911 206.143721 209 16 0.000000
1692972072467426788 80.079672 200.746822 189 15 0.000000
1692972073481858374 77.267575 207.012476 210 16 0.000000
1692972074496240139 76.545343 208.994300 212 16 0.000000
1692972075510613510 78.036564 204.066843 207 16 0.000000
1692972076524498091 75.810604 211.069407 214 16 0.000000
1692972077539244576 75.116081 212.861049 216 16 0.000000
1692972078480558349 75.351392 211.406670 199 15 0.000000
1692972079495338109 76.528614 209.897762 213 16 0.000000
1692972080511067111 76.982682 207.732574 211 16 0.000000
1692972081524523545 75.784068 211.158559 214 16 0.000000
1692972082538699627 77.229876 207.064633 210 16 0.000000
1692972083552690238 77.659705 205.130105 208 16 0.000000
1692972084494254717 78.824604 203.915930 192 16 0.000000
1692972085507924377 80.273120 199.275973 202 16 0.000000
1692972086521824595 76.858417 209.093548 212 16 0.000000
1692972087536543915 75.814167 210.895759 214 16 0.000000
1692972088550409645 76.151242 210.086961 213 16 0.000000
1692972089565019539 78.412772 204.019331 207 16 0.000000
1692972090505660800 76.471992 206.242247 194 15 0.000000
1692972091520421341 77.242906 208.916314 212 16 0.000000
1692972092534008642 76.513580 208.171512 211 16 0.000000
1692972093548360501 78.681227 205.057019 208 16 0.000000
1692972094562165820 77.680836 204.181234 207 16 0.000000
1692972095576444017 76.165080 209.015644 212 16 0.000000
1692972096588758629 76.611170 204.481886 207 16 0.000000
1692972097531262960 77.038834 215.383626 203 16 0.000000
1692972098545957283 77.639948 205.973356 209 16 0.000000
1692972099561200893 76.615330 207.831865 211 16 0.000000
1692972100575441260 74.757581 214.939221 218 16 0.000000
