1692971952285348848 77.684641 207.819991 207 16 0.000000
1692971953278705310 78.181595 202.344281 201 16 0.000000
1692971954292113575 76.126429 210.181793 213 16 0.000000
1692971955293542097 75.489214 209.700439 210 16 0.000000
1692971956267917916 78.385066 210.391133 205 16 0.000000
1692971957281278342 75.749067 212.165369 215 16 0.000000
1692971958295374160 78.745463 202.150534 205 16 0.000000
1692971959286836656 76.670363 204.748028 203 16 0.000000
1692971960300119801 77.182356 207.247114 210 16 0.000000
1692971961304914738 76.903639 207.007396 208 16 0.000000
1692971962277212278 75.141186 219.068756 213 16 0.000000
1692971963290274989 75.763114 210.253527 213 16 0.000000
1692971964303510515 78.686141 203.309089 206 16 0.000000
1692971965316964738 77.913852 206.225405 209 16 0.000000
1692971966307731384 75.962152 203.882482 202 16 0.000000
1692971967320967319 77.195223 208.243734 211 16 0.000000
1692971968287675847 75.934575 215.163079 208 16 0.000000
1692971969300700444 76.463478 210.261438 213 16 0.000000
1692971970314774502 76.894194 207.085473 210 16 0.000000
1692971971328819422 76.122047 211.036009 214 16 0.000000
1692971972315059547 74.479715 209.888045 207 16 0.000000
1692971973328448002 76.891959 207.225566 210 16 0.000000
1692971974297880678 75.190060 215.589979 209 16 0.000000
1692971975311919226 79.832173 202.161971 205 16 0.000000
1692971976325490191 75.482956 209.161478 212 16 0.000000
1692971977339043069 78.968102 206.205316 209 16 0.000000
1692971978327341979 75.631598 205.403445 203 16 0.000000
1692971979341308305 76.465823 210.066121 213 16 0.000000
1692971980307010173 76.578189 213.316385 206 16 0.000000
1692971981320516932 76.473104 210.161403 213 16 0.000000
1692971982334055267 75.076133 213.114757 216 16 0.000000
1692971983347581013 77.605233 205.224214 208 16 0.000000
1692971984338695033 75.940398 205.828960 204 15 0.000000
1692971985352914174 75.414256 212.971760 216 16 0.000000
1692971986315711614 76.259512 214.998490 207 16 0.000000
1692971987329162553 75.113554 211.159704 214 16 0.000000
1692971988342315966 75.357779 214.182739 217 16 0.000000
1692971989356107184 76.148872 210.102460 213 16 0.000000
1692971990369865620 77.236413 207.149934 210 16 0.000000
1692971991364960696 78.223308 198.975970 198 16 0.000000
1692971992324483743 75.160015 217.816550 209 16 0.000000
1692971993337654032 76.815929 209.244192 212 16 0.000000
1692971994351143964 77.585474 205.231444 208 16 0.000000
1692971995364086466 74.342186 216.201806 219 16 0.000000
1692971996377292785 75.760853 211.210683 214 16 0.000000
1692971997375187988 75.194000 205.432361 205 16 0.000000
1692971998388201695 74.410411 212.237998 215 16 0.000000
1692971999344945573 76.554937 218.449305 209 16 0.000000
1692972000358524024 76.107642 211.133138 214 16 0.000000
1692972001372066953 76.174766 207.193987 210 16 0.000000
1692972002385456279 78.632745 205.251818 208 16 0.000000
1692972003398746619 74.844817 208.232519 211 16 0.000000
1692972004400465005 77.291414 206.644899 207 16 0.000000
1692972005354105205 75.550564 217.063002 207 16 0.000000
1692972006368693632 75.104459 213.879823 217 16 0.000000
1692972007382203971 76.468514 210.160631 213 16 0.000000
1692972008395541764 77.230368 207.235926 210 16 0.000000
1692972009408695779 76.116133 209.247592 212 16 0.000000
1692972010412643681 75.533981 205.189927 206 16 0.000000
1692972011362622775 74.817955 220.004846 209 16 0.000000
1692972012376780472 76.498945 210.026507 213 16 0.000000
1692972013389924036 76.083787 211.223767 214 16 0.000000
1692972014403574978 77.222599 207.171899 210 16 0.000000
1692972015417308629 75.788204 211.100825 214 16 0.000000
1692972016424903628 74.798032 205.439653 207 16 0.000000
1692972017371086301 77.027987 214.546344 203 16 0.000000
1692972018384434647 76.122701 209.207420 212 16 0.000000
1692972019397053556 78.956355 205.407986 208 16 0.000000
1692972020409864507 77.244999 205.368990 208 16 0.000000
1692972021423900126 79.101838 203.148716 206 16 0.000000
1692972022437433785 75.481166 210.155822 213 16 0.000000
1692972023380152113 74.564094 217.456260 205 16 0.000000
1692972024394406444 78.031886 205.076766 208 16 0.000000
1692972025408337383 77.298928 205.142179 208 16 0.000000
1692972026423184287 79.112855 203.971651 207 16 0.000000
1692972027437565825 74.421761 213.923449 217 16 0.000000
1692972028449607106 75.364227 196.632263 199 16 0.000000
1692972029393143124 78.677337 220.447369 208 16 0.000000
1692972030407079268 75.784589 211.058650 214 16 0.000000
1692972031421138852 74.766633 212.019112 215 16 0.000000
1692972032436169144 75.846327 211.816332 215 16 0.000000
1692972033450421569 77.297494 206.063105 209 16 0.000000
1692972034462593024 76.825745 195.619013 198 16 0.000000
1692972035407209181 74.446893 230.781593 218 16 0.000000
1692972036421255897 77.251093 207.091054 210 16 0.000000
1692972037435135415 76.962122 205.152581 208 16 0.000000
1692972038449887121 76.107165 212.859953 216 16 0.000000
1692972039463113912 77.221553 207.258633 210 16 0.000000
1692972040476440956 77.884056 196.382789 199 16 0.000000
1692972041419588286 76.307487 218.417619 206 16 0.000000
1692972042433823922 77.991772 205.080530 208 16 0.000000
1692972043447066507 77.578781 207.255436 210 16 0.000000
1692972044460741546 76.164835 208.153492 211 16 0.000000
1692972045475119516 76.502652 210.966727 214 16 0.000000
1692972046488276782 75.261590 200.363730 203 16 0.000000
1692972047430746100 76.970809 219.635831 207 16 0.000000
1692972048444363844 79.068807 203.232434 206 16 0.000000
1692972049458282385 76.900453 206.130958 209 16 0.000000
1692972050472867503 77.677323 205.009900 208 16 0.000000
1692972051488150572 77.980372 207.823823 211 16 0.000000
1692972052431658973 77.490824 205.615550 194 16 0.000000
1692972053449520554 75.698728 211.227146 215 16 0.000000
1692972054464301655 77.289655 205.955751 209 16 0.000000
1692972055478738057 75.160998 213.911876 217 16 0.000000
1692972056493230174 77.611284 207.000125 210 16 0.000000
1692972057508062482 76.205116 208.901519 212 16 0.000000
1692972058449687687 76.461820 210.274704 198 16 0.000000
1692972059463699525 76.521360 208.084394 211 16 0.000000
1692972060478619375 77.283003 207.898191 211 16 0.000000
1692972061492954448 76.584348 207.032177 210 16 0.000000
1692972062508284676 77.319341 208.799064 212 16 0.000000
1692972063522872078 77.663133 205.009439 208 16 0.000000
1692972064465085786 75.716909 212.266081 200 16 0.000000
1692972065479123562 75.113190 213.009795 216 16 0.000000
1692972066493626118 74.098471 214.883651 218 16 0.000000
1692972067506753604 76.075645 211.227126 214 16 0.000000
1692972068520812065 77.620675 206.102514 209 16 0.000000
1692972069535237289 75.846381 210.956899 214 16 0.000000
1692972070477654714 74.606470 214.342384 202 16 0.000000
1692972071491024900 77.255316 205.255694 208 16 0.000000
1692972072505019082 77.239318 207.101780 210 16 0.000000
1692972073519175678 75.078130 213.970872 217 16 0.000000
1692972074533506087 76.893945 209.004902 212 16 0.000000
1692972075548057700 76.574614 207.973648 211 16 0.000000
1692972076490064976 76.514667 208.066327 196 16 0.000000
1692972077504338425 77.222285 209.016613 212 16 0.000000
1692972078519952056 78.055363 204.802291 208 16 0.000000
1692972079533594484 76.891565 207.173641 210 16 0.000000
1692972080548768759 75.847037 211.786304 215 16 0.000000
1692972081561107510 77.060562 199.537958 202 16 0.000000
1692972082503852043 78.640323 210.025081 198 16 0.000000
1692972083517845224 75.453503 212.032984 215 16 0.000000
1692972084532437606 75.828137 211.907752 215 16 0.000000
1692972085546497814 77.229334 207.088293 210 16 0.000000
1692972086560910034 76.534283 208.002188 211 16 0.000000
1692972087573561438 77.505510 197.501380 200 16 0.000000
1692972088515845809 76.173505 221.801390 209 16 0.000000
1692972089530047117 77.337627 204.101507 207 16 0.000000
1692972090544196742 76.108961 212.986323 216 16 0.000000
1692972091558138523 76.942115 205.139978 208 16 0.000000
1692972092571686762 75.701122 214.099337 217 16 0.000000
1692972093585307875 75.924909 205.204869 208 16 0.000000
1692972094527515336 77.477998 212.267488 200 16 0.000000
1692972095541937288 77.324046 205.042876 208 16 0.000000
1692972096556355209 76.528207 209.972627 213 16 0.000000
1692972097569940846 76.505765 208.171865 211 16 0.000000
1692972098583679327 77.945049 206.167570 209 16 0.000000
1692972099597064770 77.063749 201.305439 204 16 0.000000
1692972100540382197 76.356455 217.318151 205 16 0.000000
