1692971952290508596 91.514573 171.328193 171 16 0.000000
1692971953263389288 92.596923 172.683070 168 16 0.000000
1692971954294061362 91.270569 179.494533 185 16 0.000000
1692971955297279132 94.939824 162.477160 163 16 0.000000
1692971956269832401 94.246230 170.684738 166 16 0.000000
1692971957298962369 93.773940 174.905049 180 16 0.000000
1692971958303165726 97.231397 159.330253 160 16 0.000000
1692971959275531527 93.101724 173.802925 169 16 0.000000
1692971960304282321 93.307662 174.969488 180 16 0.000000
1692971961276550909 93.140575 172.791758 168 16 0.000000
1692971962282272688 91.540913 168.038521 169 16 0.000000
1692971963309484528 93.729472 177.178653 182 16 0.000000
1692971964281979946 92.080306 173.779733 169 16 0.000000
1692971965287843848 93.673844 166.026436 167 16 0.000000
1692971966315159527 94.327669 174.240510 179 16 0.000000
1692971967287290461 92.588136 172.816185 168 15 0.000000
1692971968293445697 93.662599 165.978376 167 16 0.000000
1692971969320460886 92.326043 176.238900 181 16 0.000000
1692971970292939075 95.334313 169.669615 165 16 0.000000
1692971971298315859 91.457258 170.085459 171 16 0.000000
1692971972324667948 92.756469 176.352766 181 16 0.000000
1692971973296593806 93.156004 171.823806 167 15 0.000000
1692971974303893859 93.674697 166.782476 168 16 0.000000
1692971975330564482 92.776678 177.272040 182 16 0.000000
1692971976302629661 91.034566 172.827924 168 16 0.000000
1692971977309264141 92.002182 169.872981 171 16 0.000000
1692971978335305654 92.256633 179.329977 184 16 0.000000
1692971979307581862 95.967975 167.647834 163 16 0.000000
1692971980316321446 93.117544 166.544444 168 16 0.000000
1692971981340830570 96.532401 169.837460 174 16 0.000000
1692971982313571617 93.752706 170.651789 166 16 0.000000
1692971983322065869 90.986388 170.551267 172 16 0.000000
1692971984347820496 91.809378 179.380160 184 16 0.000000
1692971985321201502 92.110773 174.648979 170 16 0.000000
1692971986328063945 90.473817 171.820862 173 16 0.000000
1692971987355293062 93.367450 174.255209 179 16 0.000000
1692971988328321381 91.535308 175.740007 171 16 0.000000
1692971989334173784 92.661743 167.022490 168 16 0.000000
1692971990306833221 93.683994 172.722327 168 15 0.000000
1692971991335602699 93.342005 174.966336 180 16 0.000000
1692971992339078466 94.274908 165.425022 166 16 0.000000
1692971993311984002 93.732718 171.650787 167 16 0.000000
1692971994342275152 93.829078 173.737297 179 16 0.000000
1692971995344671087 93.721236 165.603199 166 16 0.000000
1692971996316864679 95.951396 168.690707 164 16 0.000000
1692971997348326654 94.877412 171.601091 177 16 0.000000
1692971998350536725 93.135588 168.627322 169 16 0.000000
1692971999322903962 90.546008 174.831038 170 16 0.000000
1692972000355656161 91.277579 180.101313 186 16 0.000000
1692972001356090998 92.041779 169.926081 170 16 0.000000
1692972002328706359 93.729877 171.702004 167 16 0.000000
1692972003362464926 95.404868 171.219881 177 16 0.000000
1692972004362176762 92.603993 168.048403 168 16 0.000000
1692972005334717488 96.000002 167.602233 163 16 0.000000
1692972006368852442 93.824226 174.058546 180 16 0.000000
1692972007367916199 93.252876 167.156475 167 16 0.000000
1692972008340456281 93.096137 172.743507 168 16 0.000000
1692972009375797457 93.352979 173.855773 180 16 0.000000
1692972010373558155 94.884128 165.370298 165 16 0.000000
1692972011345465570 93.161963 172.855986 168 16 0.000000
1692972012384254471 93.303760 174.241374 181 16 0.000000
1692972013378021900 92.023217 170.059885 169 16 0.000000
1692972014350672671 92.107491 172.723864 168 16 0.000000
1692972015389502416 94.868679 171.346666 178 16 0.000000
1692972016383437217 90.498385 175.061771 174 16 0.000000
1692972017356414485 97.248100 164.443719 160 16 0.000000
1692972018396398615 93.862930 171.156484 178 16 0.000000
1692972019389567140 94.780991 168.148705 167 16 0.000000
1692972020361678067 92.568714 173.848470 169 16 0.000000
1692972021403398672 92.321093 174.710953 182 16 0.000000
1692972022394665418 93.117852 170.488897 169 16 0.000000
1692972023366786668 94.995149 167.674558 163 16 0.000000
1692972024409917143 98.641741 164.888314 172 16 0.000000
1692972025399803470 94.313183 166.685779 165 16 0.000000
1692972026372289220 92.641076 172.753175 168 16 0.000000
1692972027417050046 93.326603 173.245420 181 16 0.000000
1692972028405709294 95.413502 165.881191 164 16 0.000000
1692972029378191039 91.556496 174.810479 170 16 0.000000
1692972030424183606 97.086515 166.349201 174 16 0.000000
1692972031396851306 92.608354 172.720858 168 16 0.000000
1692972032383145115 94.286379 169.320715 167 16 0.000000
1692972033431580066 96.067094 165.961680 174 16 0.000000
1692972034416198455 95.338046 168.593209 166 16 0.000000
1692972035388992221 91.112709 174.754409 170 16 0.000000
1692972036439638421 92.294123 174.178546 183 16 0.000000
1692972037421167612 93.691692 170.142673 167 16 0.000000
1692972038393513821 94.341205 170.721058 166 16 0.000000
1692972039447494183 93.427692 169.832410 179 16 0.000000
1692972040426538157 94.803846 170.574540 167 16 0.000000
1692972041398971602 94.287096 169.677421 165 16 0.000000
1692972042454329028 91.936447 167.715717 177 16 0.000000
1692972043432249670 92.443916 179.973674 176 16 0.000000
1692972044404138397 92.666546 172.859322 168 16 0.000000
1692972045376183497 92.624406 171.802701 167 16 0.000000
1692972046436703940 96.992826 165.013321 175 16 0.000000
1692972047408312139 93.716197 171.879996 167 16 0.000000
1692972048379872410 92.671979 170.859204 166 16 0.000000
1692972049441818184 96.407079 167.616844 178 16 0.000000
1692972050414346395 92.063034 173.773875 169 16 0.000000
1692972051387165131 93.213683 171.666109 167 16 0.000000
1692972052449271194 91.842641 173.240697 184 16 0.000000
1692972053425927638 92.485759 172.015456 168 16 0.000000
1692972054398735283 92.607157 173.723956 169 16 0.000000
1692972055460102942 90.792745 176.187776 187 16 0.000000
1692972056432142043 94.236355 170.775023 166 16 0.000000
1692972057405786418 94.403953 169.466394 165 16 0.000000
1692972058467890580 91.333099 173.241011 184 16 0.000000
1692972059440002017 95.364277 169.733623 165 16 0.000000
1692972060413012393 92.629205 172.660020 168 16 0.000000
1692972061474069189 91.784367 172.469573 183 16 0.000000
1692972062446403041 93.139449 172.780124 168 16 0.000000
1692972063419356297 92.646889 172.670203 168 16 0.000000
1692972064480775532 93.783081 171.468533 182 16 0.000000
1692972065453520621 92.070782 173.735138 169 16 0.000000
1692972066425552785 92.597080 171.805005 167 16 0.000000
1692972067486372306 93.770265 170.622811 181 16 0.000000
1692972068459090534 90.466998 177.852119 173 16 0.000000
1692972069431749569 92.088803 172.722398 168 16 0.000000
1692972070493249479 95.350482 168.629312 179 16 0.000000
1692972071465711711 92.684407 170.700717 166 16 0.000000
1692972072438568263 97.187034 165.492024 161 16 0.000000
1692972073499943498 94.294811 170.533469 181 16 0.000000
1692972074473277398 93.813583 169.520445 165 16 0.000000
1692972075445299149 90.413291 177.979559 173 16 0.000000
1692972076506325691 93.274953 171.531994 182 16 0.000000
1692972077479220305 92.649771 172.680576 168 16 0.000000
1692972078451960740 91.530757 174.763992 170 16 0.000000
1692972079513141569 91.825396 171.507054 182 16 0.000000
1692972080485839590 93.723400 171.687405 167 16 0.000000
1692972081459409345 93.733727 171.533675 167 16 0.000000
1692972082521669306 95.369566 168.508648 179 16 0.000000
1692972083493827656 95.460030 167.668146 163 16 0.000000
1692972084466073297 94.299576 169.710225 165 16 0.000000
1692972085526773862 93.253990 170.641938 181 16 0.000000
1692972086499708199 92.647615 173.701343 169 16 0.000000
1692972087472771375 93.736698 170.595280 166 16 0.000000
1692972088533181644 92.242490 172.574729 183 16 0.000000
1692972089505558669 94.269978 169.687261 165 16 0.000000
1692972090478213534 94.283562 170.666917 166 16 0.000000
1692972091539759169 91.832015 172.390113 183 16 0.000000
1692972092512606281 94.323391 169.605296 165 16 0.000000
1692972093485619253 93.195644 171.631839 167 16 0.000000
1692972094546407892 93.750158 170.627758 181 16 0.000000
1692972095519062445 92.587558 174.779433 170 16 0.000000
1692972096492019405 91.521757 174.725093 170 16 0.000000
1692972097553268424 93.278751 171.496040 182 16 0.000000
1692972098525270443 91.562640 171.810340 167 16 0.000000
1692972099497954847 97.743665 165.521313 161 16 0.000000
1692972100559400913 93.783179 170.522092 181 16 0.000000
