1692981538818818704 145.538009 0.000000
1692981539926079252 217.741063 0.000000
1692981541233894928 145.717285 0.000000
1692981541540046946 217.862541 0.000000
1692981541830985889 145.365507 0.000000
1692981542049411695 218.543266 0.000000
1692981542105377563 145.531568 0.000000
1692981542158290357 145.072977 0.000000
1692981542323134366 145.288401 0.000000
1692981544283888258 217.629072 0.000000
1692981544555437383 146.569835 0.000000
1692981546187876041 145.993043 0.000000
1692981547676778303 146.153753 0.000000
1692981549162671715 145.603432 0.000000
1692981549368257026 217.949945 0.000000
1692981549707984468 218.008625 0.000000
1692981550106746403 218.365484 0.000000
1692981550179174449 145.154240 0.000000
1692981550978441328 145.713329 0.000000
1692981551692966952 145.468079 0.000000
1692981551922270245 217.903407 0.000000
1692981552213278458 146.162641 0.000000
1692981552649044808 145.583025 0.000000
1692981553581920989 145.376116 0.000000
1692981553654920877 218.379721 0.000000
1692981554235756618 145.377399 0.000000
1692981554535470865 217.700889 0.000000
1692981554536344263 145.716284 0.000000
1692981555770858889 145.221577 0.000000
1692981556133955530 145.300545 0.000000
1692981556643390762 146.002210 0.000000
1692981558458720933 145.370336 0.000000
1692981558496856268 146.253832 0.000000
1692981558567693781 145.355458 0.000000
1692981559829804482 146.460331 0.000000
1692981559984593999 145.365205 0.000000
1692981561437116930 145.715182 0.000000
1692981562090131710 218.505858 0.000000
1692981562598890024 145.849625 0.000000
1692981564124032420 145.551485 0.000000
1692981565467484340 145.363624 0.000000
1692981565939016300 218.004929 0.000000
1692981566220206283 145.347182 0.000000
1692981567029678569 145.823145 0.000000
1692981572003953047 145.590277 0.000000
1692981572030894463 145.758753 0.000000
1692981572538980386 145.635884 0.000000
1692981572902585301 218.614741 0.000000
1692981572913060272 145.710674 0.000000
1692981573265066629 144.949296 0.000000
1692981575590317787 145.409730 0.000000
1692981579737583381 145.279134 0.000000
1692981579956170453 145.637327 0.000000
1692981580356594465 146.370051 0.000000
1692981581699301550 218.511548 0.000000
1692981581844092940 145.398599 0.000000
1692981581981037487 145.419127 0.000000
1692981584093839363 145.079201 0.000000
1692981584231415104 145.200998 0.000000
1692981585328144801 145.829737 0.000000
1692981585394931570 146.380941 0.000000
1692981585691114346 145.379122 0.000000
1692981585836053964 145.560272 0.000000
1692981586198543308 145.251643 0.000000
1692981586774483471 217.805184 0.000000
1692981587864829039 145.422643 0.000000
1692981588231438669 145.294534 0.000000
1692981589683820992 145.774976 0.000000
1692981590261286175 145.700566 0.000000
1692981591424817771 145.412948 0.000000
1692981591643359524 145.786195 0.000000
1692981593530006644 145.609124 0.000000
1692981595055430684 145.316775 0.000000
1692981595201304021 145.870884 0.000000
1692981595201363032 145.139572 0.000000
1692981595347901810 145.964812 0.000000
1692981595709705828 218.006252 0.000000
1692981595710165450 218.427312 0.000000
1692981596290804966 217.398653 0.000000
1692981598251522471 145.790184 0.000000
1692981598759784977 144.985445 0.000000
1692981599486361780 145.083147 0.000000
1692981600503346505 145.955033 0.000000
1692981600574901664 145.438984 0.000000
1692981601374657382 145.430027 0.000000
1692981601519551486 145.325032 0.000000
1692981602245899581 144.950038 0.000000
1692981603554142959 145.813656 0.000000
1692981604497973946 218.789450 0.000000
1692981604644105068 145.515999 0.000000
1692981605225335442 145.991310 0.000000
1692981605660965600 145.653587 0.000000
1692981607404908394 146.227133 0.000000
1692981608419994508 146.022078 0.000000
1692981608565720391 145.938311 0.000000
1692981608566749291 145.826312 0.000000
1692981608965974226 145.712938 0.000000
1692981609147053851 145.813139 0.000000
1692981612053112988 145.390284 0.000000
1692981612345159088 146.383467 0.000000
1692981612561580959 145.064483 0.000000
1692981612779020708 146.122206 0.000000
1692981615468649890 145.840939 0.000000
1692981617465367441 145.187874 0.000000
1692981618227426298 145.912822 0.000000
1692981618373246067 218.390883 0.000000
1692981618589678589 145.441170 0.000000
1692981618953182306 145.839175 0.000000
1692981619388282389 217.976095 0.000000
1692981619388329928 217.802679 0.000000
1692981620768082762 144.736898 0.000000
1692981621058765666 145.620214 0.000000
1692981622802572578 145.821611 0.000000
1692981623167085477 145.793439 0.000000
1692981623819894105 217.445841 0.000000
1692981625019089523 145.884950 0.000000
1692981625562348641 145.788241 0.000000
1692981626253251597 146.197278 0.000000
1692981627124731154 146.143947 0.000000
1692981627232805328 145.501953 0.000000
1692981627523627145 146.022541 0.000000
1692981627596503461 145.168779 0.000000
1692981629194312121 218.206029 0.000000
1692981630355509821 217.967297 0.000000
1692981630427974327 145.270981 0.000000
1692981630573991776 218.513153 0.000000
1692981634788566282 146.031377 0.000000
1692981637004361918 145.818428 0.000000
1692981637692743928 145.426764 0.000000
1692981640090904448 218.973436 0.000000
1692981640962720788 218.180811 0.000000
1692981641106367481 218.022883 0.000000
1692981641397999505 145.412295 0.000000
1692981641615460856 145.320152 0.000000
1692981641761652333 146.190024 0.000000
1692981643140899992 145.556255 0.000000
1692981643649917194 145.657315 0.000000
1692981644012584515 145.346593 0.000000
1692981644158871559 146.331438 0.000000
1692981644376882431 145.409580 0.000000
1692981646265348540 145.360399 0.000000
1692981647790600905 217.578441 0.000000
1692981647863009725 145.139024 0.000000
1692981647864060615 145.615777 0.000000
1692981648300711368 145.428346 0.000000
1692981648736333000 145.714881 0.000000
1692981649025996826 145.025942 0.000000
1692981650116232432 146.305159 0.000000
1692981650187948052 145.287470 0.000000
1692981650843192921 146.008512 0.000000
1692981652149884444 144.942132 0.000000
1692981652294636883 145.141869 0.000000
1692981652583962194 145.412668 0.000000
1692981653818184813 218.108586 0.000000
1692981653891373707 146.228588 0.000000
1692981653964189199 145.893388 0.000000
1692981654145222806 217.574653 0.000000
1692981654834099063 217.276453 0.000000
1692981660753170687 145.270771 0.000000
1692981660791070701 146.066633 0.000000
1692981661298416982 145.341282 0.000000
1692981663622806684 145.410523 0.000000
1692981663986620673 145.698391 0.000000
1692981664132077803 145.284306 0.000000
1692981664350810719 145.852792 0.000000
1692981664932006070 145.706006 0.000000
1692981665730495399 145.076506 0.000000
1692981666311897068 146.742430 0.000000
1692981667692557698 146.011097 0.000000
1692981667765629892 145.934294 0.000000
1692981670887530169 145.859403 0.000000
1692981671251693404 218.117261 0.000000
1692981671758581757 145.415782 0.000000
1692981672485492273 145.085565 0.000000
1692981672485516409 145.992355 0.000000
1692981672557439477 145.523113 0.000000
1692981674446182060 145.752154 0.000000
1692981675027131690 145.727617 0.000000
1692981675681267641 145.392289 0.000000
1692981676189599921 145.349327 0.000000
1692981678222855402 145.581072 0.000000
1692981678477765563 145.995920 0.000000
1692981680004213315 146.017421 0.000000
1692981680258123169 146.076871 0.000000
1692981680258212236 145.531659 0.000000
1692981680839212102 145.904318 0.000000
1692981680912069274 145.871178 0.000000
1692981682000714010 146.180937 0.000000
1692981682289911971 145.250381 0.000000
1692981682581376674 145.400163 0.000000
1692981683017235111 146.197107 0.000000
1692981683163538407 145.749367 0.000000
1692981685415250549 145.943130 0.000000
1692981685996022709 145.213804 0.000000
1692981686576951102 145.774586 0.000000
1692981686721914966 146.060641 0.000000
1692981687085857047 145.686299 0.000000
