1692981540660771159 178.310810 0.000000
1692981542241276770 177.553329 0.000000
1692981543140750058 177.665068 0.000000
1692981543672186382 177.479141 0.000000
1692981544014136974 177.644901 0.000000
1692981546465504537 178.335948 0.000000
1692981546978482681 177.418677 0.000000
1692981547377950470 178.624799 0.000000
1692981547794504776 178.047907 0.000000
1692981548149475440 266.831270 0.000000
1692981548327106475 177.629592 0.000000
1692981550746781847 178.313345 0.000000
1692981551589148248 177.546958 0.000000
1692981551605595798 177.473971 0.000000
1692981552402577702 177.398139 0.000000
1692981553984581605 178.486720 0.000000
1692981553998034189 178.015967 0.000000
1692981554115335313 177.482136 0.000000
1692981554646835368 178.545190 0.000000
1692981555415539911 176.979504 0.000000
1692981555548865923 177.258998 0.000000
1692981555976717552 177.894169 0.000000
1692981557233619697 177.942148 0.000000
1692981558829515458 177.900912 0.000000
1692981559048751244 177.637277 0.000000
1692981559166490170 177.333568 0.000000
1692981559698388292 177.327658 0.000000
1692981559934607612 177.732785 0.000000
1692981559984400596 178.205392 0.000000
1692981560728532244 178.299718 0.000000
1692981561175242093 177.415161 0.000000
1692981562860007320 178.145501 0.000000
1692981563037241421 178.221843 0.000000
1692981563065919443 178.180445 0.000000
1692981564131058774 178.187820 0.000000
1692981564573962317 178.041144 0.000000
1692981565547942462 177.568690 0.000000
1692981565961948158 177.584268 0.000000
1692981566228091148 177.682561 0.000000
1692981566719174821 177.808328 0.000000
1692981568738947041 177.805483 0.000000
1692981568797899659 177.360769 0.000000
1692981570216143938 178.043169 0.000000
1692981570708537547 177.603224 0.000000
1692981572481248947 177.887406 0.000000
1692981573013210508 177.659519 0.000000
1692981573761539959 177.550936 0.000000
1692981576686860893 177.883038 0.000000
1692981578990611927 178.420085 0.000000
1692981580056328402 178.469439 0.000000
1692981580674210680 177.665130 0.000000
1692981580762171921 177.315655 0.000000
1692981580967545034 178.174685 0.000000
1692981581234232385 178.286876 0.000000
1692981581615393008 178.207386 0.000000
1692981582119215317 177.345421 0.000000
1692981585542716694 178.668571 0.000000
1692981585780875863 178.048449 0.000000
1692981587110305463 177.827234 0.000000
1692981588323673996 177.389475 0.000000
1692981589509837634 178.581698 0.000000
1692981589655157065 178.733604 0.000000
1692981591751843647 177.244461 0.000000
1692981591840302531 177.368765 0.000000
1692981592933281528 177.989829 0.000000
1692981593878132956 176.947354 0.000000
1692981594033896430 177.781489 0.000000
1692981594676817115 178.010077 0.000000
1692981595296349025 177.529876 0.000000
1692981598221422501 177.386739 0.000000
1692981598931261432 177.891644 0.000000
1692981599108200631 177.091014 0.000000
1692981600322975590 178.338102 0.000000
1692981601298253141 177.661854 0.000000
1692981601971138433 177.644322 0.000000
1692981602476299972 177.213952 0.000000
1692981602564715606 177.518936 0.000000
1692981602654178442 178.187230 0.000000
1692981602831473830 177.238832 0.000000
1692981604018259338 178.482003 0.000000
1692981605073267768 177.803379 0.000000
1692981605920810421 178.330188 0.000000
1692981607288606744 177.821956 0.000000
1692981608760373074 177.861198 0.000000
1692981609989479747 177.802068 0.000000
1692981610003075269 178.371857 0.000000
1692981610186975711 177.221829 0.000000
1692981610364900459 177.922594 0.000000
1692981610541451961 177.136218 0.000000
1692981612758722047 178.101228 0.000000
1692981616215256233 177.510611 0.000000
1692981616615402867 177.854536 0.000000
1692981616744421714 177.766020 0.000000
1692981616860250337 177.718179 0.000000
1692981616970276562 177.517896 0.000000
1692981617656736197 177.194518 0.000000
1692981618339432325 176.951553 0.000000
1692981619694680911 266.208163 0.000000
1692981619694738820 177.244312 0.000000
1692981621023477008 177.470185 0.000000
1692981621691078884 177.832385 0.000000
1692981621708117212 177.428969 0.000000
1692981622796741434 177.871065 0.000000
1692981625695201515 177.444898 0.000000
1692981627848245969 177.688484 0.000000
1692981628178014962 177.423487 0.000000
1692981628887453664 177.364568 0.000000
1692981628911509713 178.248547 0.000000
1692981629080501229 177.553079 0.000000
1692981629861830470 177.717269 0.000000
1692981631480868263 177.725714 0.000000
1692981632344618458 177.180873 0.000000
1692981632366951944 177.350862 0.000000
1692981632455564666 177.767393 0.000000
1692981632965206891 177.341434 0.000000
1692981632986870060 177.430682 0.000000
1692981633052951075 178.028182 0.000000
1692981633830378681 178.378699 0.000000
1692981634104988168 178.024164 0.000000
1692981634736917075 177.986032 0.000000
1692981635290003380 177.628642 0.000000
1692981636974776111 177.279336 0.000000
1692981638001330823 177.779004 0.000000
1692981638393214174 178.080809 0.000000
1692981638747147316 177.079453 0.000000
1692981639866057690 178.064491 0.000000
1692981639960200261 178.184805 0.000000
1692981643002151161 177.461710 0.000000
1692981643776167822 178.145743 0.000000
1692981644429185633 178.067566 0.000000
1692981644495759030 177.433817 0.000000
1692981646378275313 177.712991 0.000000
1692981646790637404 177.043827 0.000000
1692981646888371720 177.329142 0.000000
1692981647500498147 178.027501 0.000000
1692981647883894625 178.163446 0.000000
1692981648681254004 177.231047 0.000000
1692981649658353547 178.343344 0.000000
1692981649717397707 177.941059 0.000000
1692981652205783288 178.390130 0.000000
1692981652312146014 177.385679 0.000000
1692981652489201731 265.739394 0.000000
1692981653440020818 177.626201 0.000000
1692981653445489842 177.711500 0.000000
1692981654065177235 177.155884 0.000000
1692981654171970859 177.634242 0.000000
1692981656386240889 177.055939 0.000000
1692981658580344467 177.314956 0.000000
1692981659577552553 177.991002 0.000000
1692981660091341994 177.685879 0.000000
1692981660640675101 177.492887 0.000000
1692981661083465076 177.126212 0.000000
1692981662058788007 177.559674 0.000000
1692981662839152340 178.118191 0.000000
1692981664253903633 177.241958 0.000000
1692981664451075542 177.239726 0.000000
1692981665869052992 177.291511 0.000000
1692981666913313926 177.746654 0.000000
1692981667799923265 177.496876 0.000000
1692981668262205699 177.336255 0.000000
1692981668440299404 178.091521 0.000000
1692981669148426398 177.558462 0.000000
1692981669304987208 177.234363 0.000000
1692981670020720035 177.293965 0.000000
1692981670568271083 177.794816 0.000000
1692981673845435858 177.442555 0.000000
1692981674976437977 177.222081 0.000000
1692981675242652536 177.595814 0.000000
1692981675358352377 178.365626 0.000000
1692981675420232375 178.202247 0.000000
1692981680842463698 177.882969 0.000000
1692981681180736558 177.964123 0.000000
1692981682331989659 177.119598 0.000000
1692981682332015528 177.858835 0.000000
1692981682716859040 177.220578 0.000000
1692981683676783641 177.251237 0.000000
1692981684813614308 177.572728 0.000000
1692981684845594112 178.392485 0.000000
1692981685966348378 178.091301 0.000000
1692981685981429475 177.923025 0.000000
1692981686619610259 178.022281 0.000000
1692981687826491556 177.606452 0.000000
