1692981538818567092 145.359084 0.000000
1692981539435814265 218.307204 0.000000
1692981540229718387 145.983845 0.000000
1692981540308090749 146.413602 0.000000
1692981540446773915 217.903347 0.000000
1692981540810518100 218.308167 0.000000
1692981541540648033 145.308098 0.000000
1692981542335823920 146.072552 0.000000
1692981542473952756 146.594531 0.000000
1692981544953961863 217.778874 0.000000
1692981545676177146 145.801204 0.000000
1692981546332869069 145.895000 0.000000
1692981546837753408 145.634821 0.000000
1692981548581680473 146.149948 0.000000
1692981548582575330 145.840257 0.000000
1692981548654965254 145.335370 0.000000
1692981550398373687 146.106977 0.000000
1692981551922779370 145.488036 0.000000
1692981552575857038 145.870564 0.000000
1692981552577018846 145.684935 0.000000
1692981553012463783 145.633769 0.000000
1692981553665874756 218.181198 0.000000
1692981553738538674 145.463971 0.000000
1692981555117812770 146.104552 0.000000
1692981557153040287 218.471081 0.000000
1692981557514629401 145.400973 0.000000
1692981558170124912 145.991138 0.000000
1692981558388005137 219.088430 0.000000
1692981559840710532 145.537528 0.000000
1692981560203074889 145.058130 0.000000
1692981560855430954 145.347893 0.000000
1692981562780225254 145.225403 0.000000
1692981563398439733 145.526819 0.000000
1692981563471361274 145.613452 0.000000
1692981564924357333 145.896392 0.000000
1692981564924366089 145.879600 0.000000
1692981565067761772 217.775729 0.000000
1692981566085229126 145.360327 0.000000
1692981566956744815 145.355517 0.000000
1692981568190702719 145.487945 0.000000
1692981569644140767 145.134693 0.000000
1692981570224489235 217.640947 0.000000
1692981570443553210 146.005777 0.000000
1692981570515721629 145.924665 0.000000
1692981574873275932 145.010050 0.000000
1692981575309187085 145.997161 0.000000
1692981575526139289 145.374344 0.000000
1692981575599604209 145.570611 0.000000
1692981575673435647 145.779573 0.000000
1692981576472137228 145.607001 0.000000
1692981576689976024 145.772910 0.000000
1692981576834715468 145.720434 0.000000
1692981576906879628 145.934713 0.000000
1692981577197521905 145.236645 0.000000
1692981577342265475 218.068858 0.000000
1692981577634034585 145.594746 0.000000
1692981579446747181 145.634862 0.000000
1692981580101088820 146.262938 0.000000
1692981580537896004 145.424969 0.000000
1692981580573041373 145.649680 0.000000
1692981580754985555 144.944277 0.000000
1692981581263650004 145.612188 0.000000
1692981582063334168 145.591982 0.000000
1692981582135066909 145.234461 0.000000
1692981582280384416 145.329118 0.000000
1692981583079275532 145.883499 0.000000
1692981583369461303 145.539273 0.000000
1692981583514749975 145.974709 0.000000
1692981584531013024 217.977957 0.000000
1692981585110656561 145.248757 0.000000
1692981585401163876 145.384943 0.000000
1692981586490534194 145.364254 0.000000
1692981588740674159 145.532020 0.000000
1692981590046565364 144.962953 0.000000
1692981591572569501 218.131415 0.000000
1692981593097041604 146.090264 0.000000
1692981595056596900 217.696241 0.000000
1692981595201727816 145.406412 0.000000
1692981595273693114 145.471987 0.000000
1692981595927326706 145.604856 0.000000
1692981596073887435 145.991191 0.000000
1692981596073897394 145.779824 0.000000
1692981596509044814 145.906380 0.000000
1692981597308452132 145.801183 0.000000
1692981598252604130 146.189974 0.000000
1692981598287316787 145.325593 0.000000
1692981600357839162 145.959902 0.000000
1692981601592540924 217.518577 0.000000
1692981601736621502 145.166534 0.000000
1692981603700518890 145.728397 0.000000
1692981603917368082 218.064060 0.000000
1692981604353836862 145.281449 0.000000
1692981606096810830 145.746722 0.000000
1692981606532016201 218.169017 0.000000
1692981607440726565 145.854584 0.000000
1692981608421535387 145.516209 0.000000
1692981609364207553 145.891943 0.000000
1692981609946312286 145.191521 0.000000
1692981610236532903 145.892786 0.000000
1692981611107991731 145.649891 0.000000
1692981611617895695 145.844336 0.000000
1692981612161419447 145.293302 0.000000
1692981612343310191 144.902800 0.000000
1692981612923762336 145.531710 0.000000
1692981613360441709 145.578626 0.000000
1692981614086542272 145.377010 0.000000
1692981614450302160 145.028916 0.000000
1692981616265075687 145.287281 0.000000
1692981616266503634 145.485031 0.000000
1692981616411272472 146.195534 0.000000
1692981616629356300 145.517893 0.000000
1692981617319091738 145.066748 0.000000
1692981617646552573 145.484351 0.000000
1692981620478401966 145.708581 0.000000
1692981620697123611 145.988226 0.000000
1692981622221903957 218.146916 0.000000
1692981622223174609 145.906411 0.000000
1692981623820099910 219.033258 0.000000
1692981625854036589 146.057655 0.000000
1692981626506394845 146.075221 0.000000
1692981627523919222 217.903682 0.000000
1692981627524034749 146.748703 0.000000
1692981628031903807 217.976317 0.000000
1692981628396508428 145.857049 0.000000
1692981628977181179 145.769726 0.000000
1692981629485032334 145.604545 0.000000
1692981630211370113 146.496478 0.000000
1692981630428722700 218.170240 0.000000
1692981631736854010 145.332746 0.000000
1692981632064074534 145.544602 0.000000
1692981632754168714 145.793350 0.000000
1692981632899076213 144.905696 0.000000
1692981632973028026 146.202537 0.000000
1692981635441000728 144.771023 0.000000
1692981635950870027 145.893979 0.000000
1692981636168416538 145.931047 0.000000
1692981636677655505 146.296822 0.000000
1692981638309857737 217.678409 0.000000
1692981638420001080 145.622798 0.000000
1692981638637346123 145.840979 0.000000
1692981641258173715 145.071828 0.000000
1692981641475641619 145.082288 0.000000
1692981642419141418 145.437772 0.000000
1692981643216891339 145.260220 0.000000
1692981643579602461 217.497398 0.000000
1692981643579665690 216.445446 0.000000
1692981643580552673 145.139884 0.000000
1692981645540491766 145.599916 0.000000
1692981647428703088 145.860366 0.000000
1692981648517009768 145.543662 0.000000
1692981648735987222 145.735400 0.000000
1692981648881904524 218.901691 0.000000
1692981649135784913 145.721405 0.000000
1692981649607277387 145.806155 0.000000
1692981649607287756 145.017698 0.000000
1692981651205804326 145.423859 0.000000
1692981652077287021 145.785055 0.000000
1692981652729960396 217.696191 0.000000
1692981653020959103 145.796035 0.000000
1692981653166448825 144.979144 0.000000
1692981654835458763 218.165751 0.000000
1692981654980402018 145.896343 0.000000
1692981656649218395 145.892105 0.000000
1692981657377033337 145.929727 0.000000
1692981657740495076 145.934224 0.000000
1692981658320561521 145.262364 0.000000
1692981659336020528 145.691318 0.000000
1692981659772029227 145.551145 0.000000
1692981660861870825 217.962211 0.000000
1692981662533330148 145.817295 0.000000
1692981663041959594 145.479871 0.000000
1692981663333927479 145.964040 0.000000
1692981663841150189 145.700076 0.000000
1692981665947540671 145.106913 0.000000
1692981666094110076 145.549874 0.000000
1692981666419961585 145.332636 0.000000
1692981666965538791 145.593516 0.000000
1692981667474280108 145.942158 0.000000
1692981668562659245 144.976007 0.000000
1692981668926833560 145.782349 0.000000
1692981668999628214 145.289084 0.000000
1692981669725565876 145.505891 0.000000
1692981670016013951 145.995840 0.000000
1692981670524133212 145.836844 0.000000
1692981671614743553 145.578485 0.000000
1692981671760327781 145.752563 0.000000
1692981672051320467 145.695997 0.000000
1692981672486356865 145.992906 0.000000
1692981672557999698 145.242307 0.000000
1692981673355978200 145.372522 0.000000
1692981673357014283 146.396873 0.000000
1692981673829081824 146.442338 0.000000
1692981674591422472 145.333928 0.000000
1692981674955132889 145.141699 0.000000
1692981674955194264 145.060407 0.000000
1692981675682449567 145.856219 0.000000
1692981676190012925 144.729965 0.000000
1692981676771238604 145.973548 0.000000
1692981676771269091 145.418757 0.000000
1692981676990073942 146.037769 0.000000
1692981678440652113 145.416173 0.000000
1692981678733363844 145.966496 0.000000
1692981680258277659 146.258773 0.000000
1692981680621488318 145.841709 0.000000
1692981681274091165 144.893724 0.000000
1692981682292228875 218.594817 0.000000
1692981683090421019 144.927858 0.000000
1692981683307762005 144.835535 0.000000
1692981683890456568 145.811925 0.000000
1692981684324918869 145.915008 0.000000
1692981685050643443 145.067912 0.000000
1692981685487439107 217.811648 0.000000
1692981685706462218 145.966255 0.000000
1692981686358486097 217.979213 0.000000
