1692981539741051939 119.848230 410.399736 408 6500 0.000000
1692981540747557596 117.691924 405.362832 408 6909 0.000000
1692981541745711535 117.235355 402.743485 402 7310 0.000000
1692981542742432857 117.320317 412.351978 411 7721 0.000000
1692981543748137524 118.300430 404.691366 407 8128 0.000000
1692981544736449128 112.333558 442.168246 437 8565 0.000000
1692981545755820991 114.281850 413.980428 422 8988 0.000000
1692981546754076200 118.514058 397.693881 397 9384 0.000000
1692981547750234718 117.702203 407.565656 406 9790 0.000000
1692981548751427656 119.354976 405.516252 406 10196 0.000000
1692981549744441397 119.219869 409.863424 407 10603 0.000000
1692981550760956445 116.851919 411.208858 418 11022 0.000000
1692981551740664447 118.498350 399.098510 391 11412 0.000000
1692981552757051805 115.701277 410.276633 417 11829 0.000000
1692981553760395967 119.009108 406.640146 408 12237 0.000000
1692981554755243658 111.495525 437.252871 435 12672 0.000000
1692981555761283234 117.876976 391.634669 394 13068 0.000000
1692981556753046542 118.672651 410.380175 407 13473 0.000000
1692981557769414333 117.334190 411.268444 418 13891 0.000000
1692981558750821713 112.274499 438.146301 430 14321 0.000000
1692981559768064438 115.311419 413.863867 421 14742 0.000000
1692981560775125278 114.766512 407.125341 410 15152 0.000000
1692981561763254090 118.353580 407.841560 403 15555 0.000000
1692981562770505289 119.205491 405.062829 408 15965 0.000000
1692981563775597219 112.688505 428.816475 431 16394 0.000000
1692981564778484565 116.062424 419.787944 421 16815 0.000000
1692981565757668947 115.906254 403.396940 395 17218 0.000000
1692981566775052524 112.683868 427.567358 435 17645 0.000000
1692981567782694666 119.325286 397.958743 401 18046 0.000000
1692981568773242035 117.558654 419.969799 416 18462 0.000000
1692981569788649918 115.023573 404.763444 411 18886 0.000000
1692981570776864583 117.967448 406.794222 402 19275 0.000000
1692981571787458141 113.816448 425.492537 430 19705 0.000000
1692981572786914012 114.808417 424.230824 424 20129 0.000000
1692981573789784310 112.098157 431.760705 433 20562 0.000000
1692981574791027953 112.922918 411.488280 412 20974 0.000000
1692981575781385287 113.834072 424.089343 420 21394 0.000000
1692981576773984205 116.428281 418.094325 415 21809 0.000000
1692981577778455961 115.566998 417.134717 419 22229 0.000000
1692981578795974493 116.215417 414.734457 422 22650 0.000000
1692981579802149154 116.113661 399.533011 402 23052 0.000000
1692981580790708288 115.495115 424.860758 420 23472 0.000000
1692981581792660652 116.624808 409.201095 410 23882 0.000000
1692981582806010137 115.578689 421.374871 427 24309 0.000000
1692981583805493552 120.843921 404.208824 404 24713 0.000000
1692981584805013487 113.613463 401.192574 401 25114 0.000000
1692981585809249985 118.408486 405.283015 407 25521 0.000000
1692981586796779567 118.378141 418.215324 413 25934 0.000000
1692981587797382704 115.464827 421.745655 422 26356 0.000000
1692981588813960393 113.808559 414.134601 421 26777 0.000000
1692981589812472558 117.781383 396.590045 396 27173 0.000000
1692981590809930758 116.272530 422.072846 421 27594 0.000000
1692981591815673761 114.296062 418.595981 421 28015 0.000000
1692981592814951663 116.776336 414.299173 414 28429 0.000000
1692981593822306378 117.543252 414.948179 418 28849 0.000000
1692981594802942206 114.823543 406.878864 399 29246 0.000000
1692981595819521697 118.794359 407.248022 414 29660 0.000000
1692981596819581566 114.556664 415.975105 416 30076 0.000000
1692981597815932720 116.095837 420.534466 419 30495 0.000000
1692981598814399812 117.409764 395.606432 395 30890 0.000000
1692981599817310364 116.204910 420.775328 422 31312 0.000000
1692981600830411958 115.187109 415.555543 421 31733 0.000000
1692981601830517191 118.789569 402.957592 403 32136 0.000000
1692981602831594727 112.773974 433.532844 434 32570 0.000000
1692981603833072233 120.400005 384.431999 385 32955 0.000000
1692981604825048686 119.086746 413.316271 410 33365 0.000000
1692981605821772702 114.819275 417.367293 416 33781 0.000000
1692981606823172392 113.244530 429.398966 430 34211 0.000000
1692981607840222809 118.489826 405.093019 412 34623 0.000000
1692981608836643425 116.304858 395.415320 394 35017 0.000000
1692981609838345964 117.696040 417.289548 418 35435 0.000000
1692981610832910881 121.980292 405.202320 403 35838 0.000000
1692981611835584252 115.272612 407.909515 409 36247 0.000000
1692981612846359122 114.429158 409.586756 414 36661 0.000000
1692981613846579892 116.823228 417.907730 418 37079 0.000000
1692981614848641615 118.122012 400.174938 401 37481 0.000000
1692981615839937652 116.781945 416.626313 413 37893 0.000000
1692981616847963889 113.779805 428.560235 432 38325 0.000000
1692981617834147202 116.230650 403.576109 398 38723 0.000000
1692981618853561382 118.244159 404.153695 412 39135 0.000000
1692981619851680875 112.833196 426.802601 426 39561 0.000000
1692981620846422443 117.211480 420.209648 418 39979 0.000000
1692981621858384730 115.901292 399.224379 404 40396 0.000000
1692981622859449284 116.862330 415.557600 416 40799 0.000000
1692981623859578635 115.946639 419.945667 420 41219 0.000000
1692981624837146562 114.447880 425.545902 416 41635 0.000000
1692981625854139001 117.480235 407.082653 414 42049 0.000000
1692981626848119243 117.075098 396.386153 394 42443 0.000000
1692981627850746167 115.247830 426.878627 428 42871 0.000000
1692981628867739329 117.511203 402.165925 409 43280 0.000000
1692981629861861217 114.262890 426.507040 424 43704 0.000000
1692981630865683692 113.418629 432.347393 434 44138 0.000000
1692981631844839968 112.931586 412.600115 404 44542 0.000000
1692981632862212912 116.013751 408.896268 416 44960 0.000000
1692981633873258583 116.650061 416.400568 421 45379 0.000000
1692981634861214430 117.104505 416.010516 411 45790 0.000000
1692981635877838630 117.719522 402.311891 409 46204 0.000000
1692981636864447320 115.582256 413.537775 408 46607 0.000000
1692981637875463395 117.262565 408.499950 413 47020 0.000000
1692981638855948433 117.146267 417.140498 409 47429 0.000000
1692981639878712869 119.341991 399.896572 409 47838 0.000000
1692981640874744256 117.440379 400.589766 399 48237 0.000000
1692981641874136267 115.047505 415.252490 415 48652 0.000000
1692981642855551940 114.587747 434.066822 426 49080 0.000000
1692981643888293974 115.850962 412.494108 426 49504 0.000000
1692981644887521895 115.410823 416.321421 416 49920 0.000000
1692981645867089003 120.764078 389.968198 382 50302 0.000000
1692981646888371720 115.140965 417.122492 426 50728 0.000000
1692981647883894625 114.527954 425.906847 424 51152 0.000000
1692981648881904524 117.610738 411.819550 411 51563 0.000000
1692981649897534232 114.062248 405.659666 412 51984 0.000000
1692981650894713414 116.825414 416.173934 415 52390 0.000000
1692981651896084717 116.006766 412.434436 413 52803 0.000000
1692981652876358319 118.404639 410.089607 402 53205 0.000000
1692981653892315383 115.144317 420.293348 427 53632 0.000000
1692981654880552136 115.432083 409.820815 405 54037 0.000000
1692981655886695084 115.663570 409.484558 412 54449 0.000000
1692981656903524322 117.974265 410.098357 417 54866 0.000000
1692981657903027794 113.348575 432.214602 432 55298 0.000000
1692981658901577154 114.637087 417.605808 417 55715 0.000000
1692981659910234911 117.666562 388.635282 392 56108 0.000000
1692981660906852227 115.981634 425.439122 424 56531 0.000000
1692981661894707036 117.207549 413.016156 408 56939 0.000000
1692981662897513141 115.601858 416.830343 418 57357 0.000000
1692981663914892289 118.158247 406.927939 414 57771 0.000000
1692981664894020645 116.325177 408.526610 400 58171 0.000000
1692981665912201447 115.767923 411.518267 419 58590 0.000000
1692981666917257140 115.949776 416.892337 419 59009 0.000000
1692981667911219130 114.200061 425.569598 423 59432 0.000000
1692981668900812239 118.018517 400.164444 396 59828 0.000000
1692981669907084281 117.435187 402.475664 405 60237 0.000000
1692981670923595904 116.901148 421.047817 428 60661 0.000000
1692981671915394118 115.020096 419.440163 416 61077 0.000000
1692981672921505480 115.156785 410.491331 413 61490 0.000000
1692981673925157190 117.727853 406.515527 408 61898 0.000000
1692981674917766595 112.363228 429.171835 426 62324 0.000000
1692981675905841539 117.304554 418.996574 414 62738 0.000000
1692981676926265618 119.827558 398.853759 407 63145 0.000000
1692981677934069945 111.340381 428.654660 432 63577 0.000000
1692981678913668746 114.004490 415.476196 407 63984 0.000000
1692981679930310183 118.333534 402.305062 409 64400 0.000000
1692981680930953292 115.322903 421.728795 422 64815 0.000000
1692981681933610779 114.281841 423.873570 425 65240 0.000000
1692981682908904475 115.163957 412.183502 402 65662 0.000000
1692981683942293095 115.105128 414.171393 428 66070 0.000000
1692981684942473566 117.622212 406.926545 407 66477 0.000000
1692981685923789808 117.235004 415.768154 408 66885 0.000000
1692981686941373614 119.777051 403.897937 411 67296 0.000000
1692981687950317227 116.635379 395.463115 399 67695 0.000000
