1692985607729481506 77.926507 210.048705 209 16 0.000000
1692985608736580574 75.812675 211.498566 213 16 0.000000
1692985609677755237 78.842900 202.937890 191 16 0.000000
1692985610695616102 77.595848 207.297482 211 16 0.000000
1692985611706792428 77.756086 201.745232 204 16 0.000000
1692985612721487038 79.449967 204.002266 207 16 0.000000
1692985613735611701 77.553471 208.061209 211 16 0.000000
1692985614749572771 76.906469 208.094774 211 16 0.000000
1692985615691796093 77.298674 206.957300 195 16 0.000000
1692985616706090141 76.520429 209.012369 212 16 0.000000
1692985617720195380 78.804090 201.162557 204 16 0.000000
1692985618733625029 77.913275 207.217145 210 16 0.000000
1692985619748272680 76.559468 207.953957 211 16 0.000000
1692985620762248388 80.487025 187.381215 190 16 0.000000
1692985621704627256 77.718603 217.534593 205 16 0.000000
1692985622718945986 80.442015 196.190800 199 16 0.000000
1692985623733237414 79.757114 205.069263 208 16 0.000000
1692985624747403630 77.250101 207.066652 210 16 0.000000
1692985625761686622 76.569058 208.028729 211 16 0.000000
1692985626775719870 82.089384 192.301385 195 16 0.000000
1692985627717851794 81.244504 200.608847 189 16 0.000000
1692985628731804102 79.603496 198.234179 201 16 0.000000
1692985629745708470 77.547575 209.092698 212 16 0.000000
1692985630760227867 75.477421 210.937316 214 16 0.000000
1692985631773458318 78.768305 201.336223 204 16 0.000000
1692985632787163477 77.501459 209.133787 212 16 0.000000
1692985633729072348 74.997626 212.334776 200 16 0.000000
1692985634743399784 77.612552 206.047863 209 16 0.000000
1692985635757432495 75.810610 212.024716 215 16 0.000000
1692985636771978363 76.188979 208.960487 212 16 0.000000
1692985637785644246 79.517361 200.263219 203 16 0.000000
1692985638799979526 75.838932 211.961479 215 16 0.000000
1692985639742503851 76.545464 207.952197 196 16 0.000000
1692985640757162462 77.302980 206.966161 210 16 0.000000
1692985641771321171 79.823245 202.137970 205 16 0.000000
1692985642785577121 76.224637 208.034293 211 16 0.000000
1692985643799414543 76.091216 212.065559 215 16 0.000000
1692985644813662679 75.872347 209.021829 212 16 0.000000
1692985645755288046 78.829828 203.902748 192 16 0.000000
1692985646769824368 76.507252 209.948125 213 16 0.000000
1692985647783474695 75.463319 210.131636 213 16 0.000000
1692985648797620022 77.598323 207.070910 210 16 0.000000
1692985649812141208 78.815785 201.080078 204 16 0.000000
1692985650825234060 77.664690 202.350626 205 16 0.000000
1692985651767148508 79.869672 205.963525 194 16 0.000000
1692985652780724141 77.608841 205.214051 208 16 0.000000
1692985653793769923 77.978986 204.334349 207 16 0.000000
1692985654808532830 77.223825 209.901251 213 16 0.000000
1692985655821424720 77.152025 207.327157 210 16 0.000000
1692985656834810637 78.420458 201.305344 204 16 0.000000
1692985657776455835 78.404626 206.022403 194 16 0.000000
1692985658791055173 78.407737 203.035806 206 16 0.000000
1692985659804714361 79.451862 202.237599 205 16 0.000000
1692985660818286320 79.458972 202.255000 205 16 0.000000
1692985661832294494 77.642015 204.140368 207 16 0.000000
1692985662845100127 79.063069 202.408038 205 16 0.000000
1692985663787120863 81.483193 195.324769 184 16 0.000000
1692985664800919549 79.020071 205.168933 208 16 0.000000
1692985665815084272 77.274730 206.080944 209 16 0.000000
1692985666830274604 74.869664 212.767982 216 16 0.000000
1692985667845093894 77.675675 205.947996 209 16 0.000000
1692985668859219350 77.552701 208.061019 211 16 0.000000
1692985669800772243 75.319602 212.415073 200 16 0.000000
1692985670814807409 81.921762 195.259501 198 16 0.000000
1692985671828777731 75.114650 211.051542 214 16 0.000000
1692985672842669644 78.756948 203.177475 206 16 0.000000
1692985673856628028 79.103347 202.177924 205 16 0.000000
1692985674870402139 79.062930 204.187500 207 16 0.000000
1692985675812155150 75.335608 211.308055 199 16 0.000000
1692985676826641586 78.075226 203.058407 206 16 0.000000
1692985677840698969 77.201179 209.061147 212 16 0.000000
1692985678856380017 76.224071 208.726939 212 16 0.000000
1692985679869723029 77.223167 208.221699 211 16 0.000000
1692985680884558316 76.199399 210.871643 214 16 0.000000
1692985681826023440 77.287589 204.999643 193 16 0.000000
1692985682839940326 81.768315 197.254828 200 16 0.000000
1692985683852973218 78.786151 201.375495 204 16 0.000000
1692985684866671056 77.917013 207.162301 210 16 0.000000
1692985685881564011 76.925308 207.903713 211 16 0.000000
1692985686895714681 75.446876 212.000049 215 16 0.000000
1692985687908156123 78.287835 193.591456 196 16 0.000000
1692985688850470366 76.587085 220.733166 208 16 0.000000
1692985689864316062 79.117540 202.200394 205 16 0.000000
1692985690878175611 83.728680 189.375332 192 16 0.000000
1692985691893163782 77.255499 208.869442 212 16 0.000000
1692985692907376351 77.292896 206.071199 209 16 0.000000
1692985693921388660 77.460854 199.208625 202 16 0.000000
1692985694864405050 76.734121 217.387528 205 16 0.000000
1692985695879126728 76.576859 208.924283 212 16 0.000000
1692985696893164305 76.903425 207.092917 210 16 0.000000
1692985697907843073 76.527844 209.918650 213 16 0.000000
1692985698921669428 77.311480 204.176979 207 16 0.000000
1692985699863539079 77.635656 207.035017 195 16 0.000000
1692985700878140812 82.282454 196.136069 199 16 0.000000
1692985701892866434 75.926240 206.952501 210 16 0.000000
1692985702906780464 80.534563 202.186767 205 16 0.000000
1692985703921274236 78.385860 204.042650 207 16 0.000000
1692985704935391293 77.641523 205.104531 208 16 0.000000
1692985705876899743 78.028836 206.052318 194 16 0.000000
1692985706892013211 78.426284 202.932979 206 16 0.000000
1692985707905723924 76.149657 210.119117 213 16 0.000000
1692985708921302659 76.629947 207.763311 211 16 0.000000
1692985709934653519 78.016652 202.299133 205 16 0.000000
1692985710948121287 77.486638 210.169474 213 16 0.000000
1692985711959547238 78.267502 193.785824 196 16 0.000000
1692985712902265380 75.506971 222.760110 210 16 0.000000
1692985713917102261 77.999834 206.929809 210 16 0.000000
1692985714931835305 74.797745 212.863858 216 16 0.000000
1692985715946139572 77.288154 206.052578 209 16 0.000000
1692985716960335326 78.705458 205.088609 208 16 0.000000
1692985717902274202 78.116454 203.834886 192 16 0.000000
1692985718916374364 77.295057 205.107942 208 16 0.000000
1692985719931524769 76.184612 212.776349 216 16 0.000000
1692985720946177311 78.033659 204.010724 207 16 0.000000
1692985721960356232 78.008345 205.092024 208 16 0.000000
1692985722975073319 76.225346 209.910725 213 16 0.000000
1692985723916779988 75.675426 211.318455 199 16 0.000000
1692985724931748249 75.156732 212.814538 216 16 0.000000
1692985725946498363 74.450308 215.816680 219 16 0.000000
1692985726959700819 76.151128 209.237547 212 16 0.000000
1692985727974389385 77.589941 206.960056 210 16 0.000000
1692985728988690469 76.213767 209.996819 213 16 0.000000
1692985729929913421 77.224676 207.177267 195 16 0.000000
1692985730944541544 75.871181 208.943551 212 16 0.000000
1692985731959086668 76.515252 210.931957 214 16 0.000000
1692985732974023115 77.310674 206.909510 210 16 0.000000
1692985733988881720 76.603801 207.910736 211 16 0.000000
1692985735003112015 79.218798 200.151786 203 16 0.000000
1692985735944702785 77.957571 208.158375 196 16 0.000000
1692985736959141111 75.489037 210.954172 214 16 0.000000
1692985737973607500 81.499551 197.147980 200 16 0.000000
1692985738988034332 75.143058 211.942344 215 16 0.000000
1692985740002790435 76.229971 209.902654 213 16 0.000000
1692985741016914779 77.955652 206.089128 209 16 0.000000
1692985741958870929 80.154414 199.584655 188 16 0.000000
1692985742973183536 78.057959 202.107325 205 16 0.000000
1692985743986662178 79.439723 203.260324 206 16 0.000000
1692985745000775083 77.250233 207.077533 210 16 0.000000
1692985746015229061 76.547256 208.979420 212 16 0.000000
1692985747030526126 75.900660 209.790812 213 16 0.000000
1692985747972067583 78.819553 203.920915 192 16 0.000000
1692985748986230422 76.537155 209.039418 212 16 0.000000
1692985750000135110 75.796464 211.065178 214 16 0.000000
1692985751014325648 75.147859 211.005743 214 16 0.000000
1692985752028710628 76.469784 211.951084 215 16 0.000000
1692985753043094200 75.135894 212.937198 216 16 0.000000
1692985753985428845 74.270951 214.361224 202 16 0.000000
1692985755000224218 77.294759 206.938269 210 16 0.000000
1692985756014492175 77.624487 207.045889 210 16 0.000000
