1692986619215449283 216.645724 0.000000
1692986619432541446 216.612016 0.000000
1692986619576931393 216.848786 0.000000
1692986619794269932 216.646957 0.000000
1692986620738559528 216.838548 0.000000
1692986621027541567 216.657898 0.000000
1692986622040972124 216.614316 0.000000
1692986622040983080 216.763157 0.000000
1692986622041065396 216.870892 0.000000
1692986622548842285 216.448882 0.000000
1692986622765551698 216.562596 0.000000
1692986623417808243 216.536496 0.000000
1692986623634675766 216.633170 0.000000
1692986623707243003 216.686469 0.000000
1692986623924248869 216.651984 0.000000
1692986623924301111 216.571657 0.000000
1692986624068911336 216.728990 0.000000
1692986624142395232 216.714464 0.000000
1692986624214110628 216.633126 0.000000
1692986624285644653 216.709488 0.000000
1692986624430819218 216.771020 0.000000
1692986624575983682 216.568191 0.000000
1692986624866119728 216.616121 0.000000
1692986625083149790 216.807645 0.000000
1692986625806305613 216.740003 0.000000
1692986627763123138 216.652094 0.000000
1692986628776893219 216.729795 0.000000
1692986629284535736 216.693856 0.000000
1692986629574635227 216.514428 0.000000
1692986630225767789 216.752010 0.000000
1692986630370442588 216.577140 0.000000
1692986631023313271 216.736290 0.000000
1692986632689261113 216.517295 0.000000
1692986633486341959 216.557264 0.000000
1692986634355185366 216.784110 0.000000
1692986635079257038 216.922382 0.000000
1692986636096371178 216.937447 0.000000
1692986636962815594 216.771101 0.000000
1692986640224904966 216.605777 0.000000
1692986641239191774 216.602605 0.000000
1692986641601883074 216.471735 0.000000
1692986641674266670 216.686744 0.000000
1692986642543900843 216.670301 0.000000
1692986642759841539 216.723420 0.000000
1692986643412280928 216.717271 0.000000
1692986643556535425 216.775965 0.000000
1692986644571447180 216.643394 0.000000
1692986644643223228 216.741042 0.000000
1692986644643290705 216.763368 0.000000
1692986645440051351 216.803361 0.000000
1692986645656987426 216.907728 0.000000
1692986645657856842 216.592330 0.000000
1692986646960581598 216.804868 0.000000
1692986647250448283 216.634618 0.000000
1692986647685821316 216.757499 0.000000
1692986647975090256 216.695545 0.000000
1692986648338216713 216.661330 0.000000
1692986649279067735 216.851548 0.000000
1692986650148789585 216.858454 0.000000
1692986650292491161 216.688682 0.000000
1692986651741162318 216.686507 0.000000
1692986652900579303 216.773738 0.000000
1692986652972098573 216.660980 0.000000
1692986653335138283 216.660188 0.000000
1692986655436066074 216.603982 0.000000
1692986656015129864 216.788265 0.000000
1692986656088168571 216.764375 0.000000
1692986656449545831 216.700837 0.000000
1692986658189080641 216.671383 0.000000
1692986660072199970 216.705548 0.000000
1692986660578185425 216.523420 0.000000
1692986660941110057 216.481794 0.000000
1692986661158346249 216.551555 0.000000
1692986662099431796 216.634544 0.000000
1692986662533884394 216.642657 0.000000
1692986663258369613 216.696732 0.000000
1692986663402764777 216.709909 0.000000
1692986663692858335 216.682811 0.000000
1692986665503520604 216.925550 0.000000
1692986665576662846 217.214877 0.000000
1692986665721596784 216.648947 0.000000
1692986665793616281 216.588467 0.000000
1692986666445394374 216.744850 0.000000
1692986666518858395 216.594676 0.000000
1692986667025410426 216.645177 0.000000
1692986668183860819 216.772332 0.000000
1692986668256871151 217.179425 0.000000
1692986668618838292 216.660879 0.000000
1692986668981791356 216.678505 0.000000
1692986669126904650 216.664854 0.000000
1692986670357779773 216.797621 0.000000
1692986670358123477 216.554556 0.000000
1692986670575954141 217.056043 0.000000
1692986670647339504 216.754317 0.000000
1692986671009823853 216.678470 0.000000
1692986671879827047 216.566119 0.000000
1692986672894035597 216.600284 0.000000
1692986673328176626 216.611951 0.000000
1692986673908049140 217.057807 0.000000
1692986674922090352 216.986542 0.000000
1692986675502237008 216.639961 0.000000
1692986676588483029 216.576098 0.000000
1692986678254338983 216.780357 0.000000
1692986678327799265 216.797713 0.000000
1692986678327811408 216.825503 0.000000
1692986678833400376 216.654028 0.000000
1692986679195900065 216.792786 0.000000
1692986679339954858 216.609631 0.000000
1692986679702440345 216.644787 0.000000
1692986679774795909 216.530927 0.000000
1692986681369366923 216.664603 0.000000
1692986681441416746 216.632513 0.000000
1692986682020279989 216.747572 0.000000
1692986682020625788 216.650681 0.000000
1692986682527332344 216.697796 0.000000
1692986682817650343 216.571807 0.000000
1692986682888580940 216.618582 0.000000
1692986682961423311 216.714450 0.000000
1692986682962180956 216.658518 0.000000
1692986683177795003 216.693829 0.000000
1692986684554900913 216.798991 0.000000
1692986684772242254 216.869654 0.000000
1692986685206955187 216.704922 0.000000
1692986685570259738 216.655282 0.000000
1692986686801411910 216.613433 0.000000
1692986687671515006 216.640337 0.000000
1692986688757413067 216.890268 0.000000
1692986689554056502 216.802218 0.000000
1692986689554558865 216.673474 0.000000
1692986690060651663 216.711046 0.000000
1692986690279720491 216.659446 0.000000
1692986691871542824 216.853041 0.000000
1692986691872168318 216.583519 0.000000
1692986691944784258 216.715978 0.000000
1692986692379566106 216.541402 0.000000
1692986692596653653 216.730181 0.000000
1692986692668817346 216.547642 0.000000
1692986693320577472 216.700703 0.000000
1692986693537926325 216.552789 0.000000
1692986693538261089 216.591724 0.000000
1692986693827555448 216.774263 0.000000
1692986693900541574 216.578343 0.000000
1692986694335196426 216.613470 0.000000
1692986695711257136 216.679373 0.000000
1692986695856038578 216.794695 0.000000
1692986696290596341 216.736962 0.000000
1692986697088030979 216.714319 0.000000
1692986697232920989 216.633225 0.000000
1692986698320338658 216.761228 0.000000
1692986699696146215 216.564796 0.000000
1692986699696824216 216.531769 0.000000
1692986699986743022 217.076862 0.000000
1692986700565146190 216.790601 0.000000
1692986700565674784 216.478134 0.000000
1692986700782289115 216.607180 0.000000
1692986701072934411 216.688659 0.000000
1692986701435191817 216.700271 0.000000
1692986701579738133 216.866439 0.000000
1692986702377384358 216.600194 0.000000
1692986702594754827 216.788691 0.000000
1692986703174046185 216.641364 0.000000
1692986703753798028 216.605822 0.000000
1692986703971149894 216.696893 0.000000
1692986704405769510 216.723174 0.000000
1692986705058662609 216.723304 0.000000
1692986705276290973 216.603802 0.000000
1692986705347779362 216.592155 0.000000
1692986708244962405 216.706506 0.000000
1692986708462953792 216.568284 0.000000
1692986709041642209 216.688533 0.000000
1692986709839131710 216.664708 0.000000
1692986709910718793 216.644181 0.000000
1692986710490233349 216.701639 0.000000
1692986711938736596 216.578153 0.000000
1692986711939464669 216.642923 0.000000
1692986712011718567 216.667360 0.000000
1692986712300978888 216.704401 0.000000
1692986713243160689 216.793188 0.000000
1692986714474263100 216.597707 0.000000
1692986716358204781 216.876882 0.000000
1692986716430457742 216.763231 0.000000
1692986716575515472 216.754372 0.000000
1692986716575642763 216.791799 0.000000
1692986716648429018 216.611064 0.000000
1692986717155384151 216.542068 0.000000
1692986717589386393 216.771257 0.000000
1692986717589390126 216.822791 0.000000
1692986717878494003 216.718874 0.000000
1692986718168451755 216.704325 0.000000
1692986718603120100 216.761519 0.000000
1692986719399991839 216.750368 0.000000
1692986719400889616 216.572900 0.000000
1692986719689082641 216.669435 0.000000
1692986719980345146 216.623278 0.000000
1692986720124253403 216.650394 0.000000
1692986720272050952 216.537879 0.000000
1692986720564385329 223.184870 0.000000
1692986721941190229 216.707252 0.000000
1692986722085819261 216.780943 0.000000
1692986722229988654 216.552513 0.000000
1692986722374851096 216.627777 0.000000
1692986722954382332 216.492734 0.000000
1692986724404437516 216.746022 0.000000
1692986724766999876 217.264984 0.000000
1692986725127301806 216.781539 0.000000
1692986727084781666 216.632197 0.000000
1692986727229730002 216.591293 0.000000
1692986727590935006 216.798615 0.000000
1692986727736124406 216.732009 0.000000
1692986728025439625 216.849598 0.000000
1692986728026729859 216.655077 0.000000
1692986728678078909 216.603616 0.000000
1692986728967721358 216.846802 0.000000
1692986729113548025 216.776878 0.000000
1692986729692214245 216.657637 0.000000
1692986729837124621 216.805837 0.000000
1692986730199678507 216.901469 0.000000
1692986731938626402 216.794205 0.000000
1692986731939691518 216.535975 0.000000
1692986732301346178 216.880956 0.000000
1692986732518086067 216.835386 0.000000
1692986734475163586 216.608839 0.000000
1692986734546958587 216.686208 0.000000
1692986734764436415 216.889351 0.000000
1692986734764975995 216.871454 0.000000
1692986735199603780 216.657046 0.000000
1692986735561412824 216.571948 0.000000
1692986736068060282 216.570795 0.000000
1692986737589657455 216.828590 0.000000
1692986737661888264 216.613258 0.000000
1692986737734575709 216.540720 0.000000
1692986737952611350 216.689165 0.000000
1692986738168206673 216.601877 0.000000
1692986738603098381 216.628871 0.000000
1692986739544505632 216.753781 0.000000
1692986739761131961 216.600940 0.000000
1692986739834808436 216.537017 0.000000
1692986740703561247 216.783283 0.000000
1692986741137440678 216.760596 0.000000
1692986741500161957 216.570254 0.000000
1692986741934085274 216.714018 0.000000
1692986742224313641 216.650526 0.000000
1692986742730675089 216.628960 0.000000
1692986742875388894 216.596546 0.000000
1692986743020421174 216.642075 0.000000
1692986743454713895 216.808430 0.000000
1692986743744490586 216.567131 0.000000
1692986744034065398 216.928340 0.000000
1692986744759569456 216.503419 0.000000
1692986744831464640 216.527771 0.000000
1692986745048599250 216.699824 0.000000
1692986745265888395 216.564480 0.000000
1692986745700503330 216.646010 0.000000
1692986746062204594 216.663490 0.000000
1692986746062295901 216.683197 0.000000
1692986746642644872 216.689947 0.000000
1692986746858776828 216.799457 0.000000
1692986746860234321 216.632113 0.000000
1692986747439496987 216.679974 0.000000
1692986747800838149 216.723310 0.000000
1692986747801562427 216.638015 0.000000
1692986748887151355 216.611260 0.000000
1692986749105130800 216.526623 0.000000
1692986749538995792 216.660814 0.000000
1692986751712384784 216.713978 0.000000
1692986751784838646 216.655056 0.000000
1692986752001735514 216.814621 0.000000
1692986753523179365 216.665115 0.000000
1692986753886541795 216.504010 0.000000
1692986755407453053 216.565974 0.000000
1692986755697270133 216.702146 0.000000
1692986756421623290 216.829734 0.000000
1692986757653520805 216.547907 0.000000
1692986758160716132 216.812988 0.000000
1692986758305746338 216.443354 0.000000
1692986758813534197 216.581885 0.000000
1692986758957539590 216.687983 0.000000
1692986759102695087 216.664026 0.000000
1692986759320135343 216.673704 0.000000
1692986759899347723 216.842151 0.000000
1692986759899940155 216.697314 0.000000
1692986759972280494 216.664308 0.000000
1692986760261929909 216.704837 0.000000
1692986760986002163 216.816155 0.000000
1692986761565114214 216.684461 0.000000
1692986761565757805 216.641219 0.000000
1692986761637577920 216.581560 0.000000
1692986762578527394 216.750500 0.000000
1692986762578626216 216.719043 0.000000
1692986763158191871 216.628760 0.000000
1692986763448255765 216.912529 0.000000
1692986764968884972 216.770716 0.000000
1692986765041388500 216.682735 0.000000
1692986765113554393 216.636092 0.000000
1692986765620170590 216.653362 0.000000
1692986766054864859 216.688382 0.000000
1692986766634380458 216.751360 0.000000
1692986766779687908 216.728586 0.000000
1692986766923940270 216.628089 0.000000
1692986767721153193 216.590230 0.000000
