1692986619793232990 75.708966 213.707235 199 16 0.000000
1692986620807758861 76.903416 207.978926 211 16 0.000000
1692986621821879227 75.820754 211.020310 214 16 0.000000
1692986622836267382 76.198465 208.992983 212 16 0.000000
1692986623850769763 75.801591 211.926561 215 16 0.000000
1692986624864428337 77.618935 206.183823 209 16 0.000000
1692986625806333290 76.470433 209.150614 197 15 0.000000
1692986626820718132 75.860351 208.993660 212 16 0.000000
1692986627835093833 77.580058 208.009711 211 16 0.000000
1692986628849212355 76.196923 209.048546 212 16 0.000000
1692986629863927792 75.138393 212.867557 216 16 0.000000
1692986630877352474 77.201751 207.218171 210 16 0.000000
1692986631819159592 75.315234 213.419490 201 16 0.000000
1692986632832764687 76.490616 209.154429 212 16 0.000000
1692986633847601403 75.520300 211.856747 215 16 0.000000
1692986634861955693 76.182701 208.999943 212 16 0.000000
1692986635878718989 77.384791 206.537725 210 16 0.000000
1692986636891888955 77.197483 207.270284 210 16 0.000000
1692986637833133439 77.574356 207.172528 195 16 0.000000
1692986638846898778 76.211436 208.134958 211 16 0.000000
1692986639860757765 76.891329 208.115729 211 16 0.000000
1692986640874822190 79.080148 204.129030 207 16 0.000000
1692986641888715727 78.373383 203.177162 206 16 0.000000
1692986642903225215 76.166709 210.939378 214 16 0.000000
1692986643844856015 76.853753 208.149522 196 16 0.000000
1692986644859413059 76.607047 206.986882 210 16 0.000000
1692986645873220310 78.734545 203.194437 206 16 0.000000
1692986646888223549 76.934868 207.881116 211 16 0.000000
1692986647901925650 76.135170 210.120895 213 16 0.000000
1692986648916137189 78.019391 205.085425 208 16 0.000000
1692986649857847464 76.042704 212.379548 200 16 0.000000
1692986650872276845 74.423672 213.913360 217 16 0.000000
1692986651886658739 76.543191 208.008452 211 16 0.000000
1692986652900362817 74.407315 216.039375 219 16 0.000000
1692986653914736654 76.926445 207.024266 210 16 0.000000
1692986654928976123 77.260936 207.051681 210 16 0.000000
1692986655871038614 76.454782 211.238654 199 16 0.000000
1692986656885563684 75.848229 210.936133 214 16 0.000000
1692986657899799655 77.327492 204.094514 207 16 0.000000
1692986658914166129 77.687401 204.068268 207 16 0.000000
1692986659928990607 76.477265 213.830080 217 16 0.000000
1692986660943528932 73.765506 216.847398 220 16 0.000000
1692986661885102354 76.106514 208.162194 196 16 0.000000
1692986662899424255 76.153099 211.964284 215 16 0.000000
1692986663913299789 76.537289 207.126015 210 16 0.000000
1692986664927634236 76.506649 210.975762 214 16 0.000000
1692986665942741733 77.682902 203.919271 207 16 0.000000
1692986666955902899 77.950828 206.285085 209 16 0.000000
1692986667897484069 78.860123 202.850271 191 16 0.000000
1692986668911754856 75.810047 211.974911 215 16 0.000000
1692986669925535175 77.236389 207.145510 210 16 0.000000
1692986670939702812 76.877590 207.066358 210 16 0.000000
1692986671953670502 75.802487 212.038316 215 16 0.000000
1692986672968326352 78.040941 204.010055 207 16 0.000000
1692986673909694380 76.088774 210.332198 198 16 0.000000
1692986674923572527 78.354517 204.166547 207 16 0.000000
1692986675937916449 78.028015 204.072796 207 16 0.000000
1692986676952864270 76.920110 208.877732 212 16 0.000000
1692986677966679515 77.210989 208.124706 211 16 0.000000
1692986678980741130 78.038667 203.143461 206 16 0.000000
1692986679922549314 78.009781 207.048540 195 16 0.000000
1692986680936237413 78.014710 203.218331 206 16 0.000000
1692986681950321756 78.677534 204.124994 207 16 0.000000
1692986682963988691 75.471876 211.114751 214 16 0.000000
1692986683977784446 77.196677 209.115099 212 16 0.000000
1692986684992477282 77.296089 206.959184 210 16 0.000000
1692986685934586919 77.311280 205.920825 194 16 0.000000
1692986686948403272 77.581588 206.151740 209 16 0.000000
1692986687962557518 75.464229 212.985350 216 16 0.000000
1692986688977329549 75.868887 209.899364 213 16 0.000000
1692986689991830968 76.546021 208.969622 212 16 0.000000
1692986691006332915 75.114740 212.912377 216 16 0.000000
1692986691947137335 77.164913 208.332340 196 15 0.000000
1692986692960733084 73.697647 217.049071 220 16 0.000000
1692986693975583793 76.566286 207.912325 211 16 0.000000
1692986694988822079 77.970162 205.282441 208 16 0.000000
1692986696003013216 76.896808 208.047545 211 16 0.000000
1692986697017360617 75.860502 209.001386 212 16 0.000000
1692986697959475000 78.834360 204.858364 193 16 0.000000
1692986698974941345 76.285437 207.786299 211 16 0.000000
1692986699988304777 77.171697 209.204318 212 16 0.000000
1692986701002988141 76.894124 208.932151 212 16 0.000000
1692986702017287591 74.103805 213.940787 217 16 0.000000
1692986703031554971 76.526494 210.003795 213 16 0.000000
1692986703974030350 74.968059 214.329186 202 16 0.000000
1692986704988752605 75.525014 210.895166 214 16 0.000000
1692986706002050917 76.868866 207.244003 210 16 0.000000
1692986707016429801 76.487543 210.966538 214 16 0.000000
1692986708031315888 76.958053 206.919773 210 16 0.000000
1692986709045245551 75.794330 211.060010 214 16 0.000000
1692986709987202332 77.262797 208.077486 196 16 0.000000
1692986711002283148 75.848592 210.820651 214 16 0.000000
1692986712015599681 77.201278 207.240271 210 16 0.000000
1692986713029418441 75.800011 211.083046 214 16 0.000000
1692986714043272432 75.089830 213.048476 216 16 0.000000
1692986715057853228 77.293666 205.996418 209 16 0.000000
1692986716000251508 75.386075 212.224494 200 16 0.000000
1692986717014723860 77.242234 207.989899 211 16 0.000000
1692986718028667195 76.529019 209.084661 212 16 0.000000
1692986719043394316 75.505072 210.894123 214 16 0.000000
1692986720059245117 75.961658 210.660871 214 16 0.000000
1692986721073414008 76.528839 208.052128 211 16 0.000000
1692986722015210009 76.440208 210.236616 198 16 0.000000
1692986723029138905 77.591391 207.115115 210 16 0.000000
1692986724043643433 75.445067 211.926079 215 16 0.000000
1692986725057514079 77.275655 206.140714 209 16 0.000000
1692986726070990355 74.367580 215.101250 218 16 0.000000
1692986727085299999 77.602929 207.037369 210 16 0.000000
1692986728027547533 77.324377 206.951980 195 16 0.000000
1692986729041605700 75.442936 212.019399 215 16 0.000000
1692986730055276260 77.229429 207.167902 210 16 0.000000
1692986731069786141 75.479315 211.924996 215 16 0.000000
1692986732084002035 74.769640 213.958389 217 16 0.000000
1692986733098625666 76.204091 208.944450 212 16 0.000000
1692986734039383277 75.236947 213.657610 201 16 0.000000
1692986735053207530 74.067223 216.013772 219 16 0.000000
1692986736066986111 75.796543 210.105051 213 16 0.000000
1692986737080858340 79.187548 200.222468 203 16 0.000000
1692986738095182137 79.045029 205.062722 208 16 0.000000
1692986739108953071 76.501453 209.120211 212 16 0.000000
1692986740122065675 76.577984 203.333773 206 16 0.000000
1692986741063576592 79.837720 206.051777 194 16 0.000000
1692986742077091213 75.784443 211.146438 214 16 0.000000
1692986743091319537 75.147148 210.011845 213 16 0.000000
1692986744105650717 75.798118 212.948240 216 16 0.000000
1692986745119381201 76.841886 209.128558 212 16 0.000000
1692986746134358045 76.585235 208.871764 212 16 0.000000
1692986747076994044 76.871991 207.927510 196 16 0.000000
1692986748090546559 76.157797 210.151957 213 16 0.000000
1692986749104548025 76.891586 208.086485 211 16 0.000000
1692986750119149709 76.548250 207.963383 211 16 0.000000
1692986751132867249 77.195909 208.144766 211 16 0.000000
1692986752146575592 75.080246 213.079039 216 16 0.000000
1692986753087600606 76.072486 209.346189 197 16 0.000000
1692986754101393506 78.335136 204.183714 207 16 0.000000
1692986755115064266 76.831484 209.140877 212 16 0.000000
1692986756129821338 78.068897 203.989717 207 16 0.000000
1692986757143940870 75.792253 212.006558 215 16 0.000000
1692986758157269066 77.201468 207.237895 210 16 0.000000
1692986759098814704 76.471011 208.168356 196 16 0.000000
1692986760113217271 75.134460 212.933214 216 16 0.000000
1692986761127542020 76.902014 208.020164 211 16 0.000000
1692986762141955346 75.145789 211.945145 215 16 0.000000
1692986763156077032 76.835986 210.033982 213 16 0.000000
1692986764170365497 74.779445 213.943085 217 16 0.000000
1692986765111901473 76.091528 209.232579 197 16 0.000000
1692986766126240271 76.530535 209.003146 212 16 0.000000
1692986767139994401 76.166658 208.137253 211 16 0.000000
1692986768154252272 77.892562 208.033881 211 16 0.000000
