1692988311559095351 292.331374 1159.131042 1142 14692 0.000000
1692988312574463087 278.888841 945.470291 960 15651 0.000000
1692988313578364703 301.733913 1179.398417 1184 16842 0.000000
1692988314573261645 262.911691 1001.108736 996 17833 0.000000
1692988315584301584 301.579484 975.233491 986 18818 0.000000
1692988316586385363 290.000930 1179.542047 1182 20004 0.000000
1692988317588884278 298.537031 955.612036 958 20957 0.000000
1692988318589809875 256.910471 1006.068746 1007 21964 0.000000
1692988319594363313 296.566396 1009.403803 1014 22981 0.000000
1692988320589527105 299.000589 1139.510900 1134 24112 0.000000
1692988321596232968 275.763630 978.438695 985 25099 0.000000
1692988322586660800 283.809715 1251.984252 1240 26337 0.000000
1692988323577537114 238.795205 1009.207685 1000 27339 0.000000
1692988324602459483 287.193656 1178.625760 1208 28545 0.000000
1692988325610497065 277.249097 1003.930864 1012 29557 0.000000
1692988326611635711 256.177838 1264.560025 1266 30823 0.000000
1692988327614032725 301.765029 983.642254 986 31809 0.000000
1692988328614381269 249.989312 1053.632785 1054 32867 0.000000
1692988329621399118 267.078231 1245.260910 1254 34120 0.000000
1692988330621231274 250.216947 1052.176665 1052 35170 0.000000
1692988331617379271 252.039994 1288.965097 1284 36454 0.000000
1692988332620391709 260.253078 968.083650 971 37424 0.000000
1692988333632946530 269.696177 1317.459622 1334 38764 0.000000
1692988334626578190 249.440292 1050.691127 1044 39802 0.000000
1692988335638652882 272.215179 1251.883566 1267 41077 0.000000
1692988336638591137 250.432237 1027.063714 1027 42097 0.000000
1692988337643623875 272.675494 1239.760573 1246 43348 0.000000
1692988338644095451 244.389083 1021.518266 1022 44364 0.000000
1692988339646642770 258.425481 1326.620661 1330 45695 0.000000
1692988340651417163 258.190026 1247.046025 1253 46951 0.000000
1692988341656245407 242.181250 1154.426195 1160 48108 0.000000
1692988342657667764 260.349640 1262.204783 1264 49372 0.000000
1692988343649952809 234.279863 1177.081104 1168 50543 0.000000
1692988344655715305 252.987812 1230.906892 1238 51777 0.000000
1692988345666957965 242.521583 1210.392009 1224 53018 0.000000
1692988346669567088 261.264159 1182.913622 1186 54187 0.000000
1692988347671421985 250.488409 1054.044771 1056 55243 0.000000
1692988348674806903 246.576892 1313.553702 1318 56570 0.000000
1692988349672271861 241.920492 1282.250700 1279 57841 0.000000
1692988350678233529 249.285092 1118.332837 1125 58966 0.000000
1692988351672014109 262.524508 1241.722783 1234 60200 0.000000
1692988352683415477 245.592731 1116.272906 1129 61333 0.000000
1692988353687858379 246.839179 1313.165851 1319 62647 0.000000
1692988354689733345 236.292723 1272.613752 1275 63922 0.000000
1692988355685578497 228.867623 1177.894089 1173 65097 0.000000
1692988356698368359 237.837500 1301.355826 1318 66417 0.000000
1692988357702130113 251.671634 1125.765125 1130 67591 0.000000
1692988358703957921 240.413454 1237.737605 1240 68791 0.000000
1692988359705622813 256.851643 1295.842679 1298 70081 0.000000
1692988360707812700 244.904302 1286.183314 1289 71371 0.000000
1692988361708129426 226.812279 1155.633992 1156 72526 0.000000
1692988362714580172 229.057660 1335.385819 1344 73871 0.000000
1692988363719999555 237.754310 1293.987412 1301 75175 0.000000
1692988364717752602 241.339882 1289.898327 1287 76459 0.000000
1692988365718932095 231.724582 1308.456686 1310 77778 0.000000
1692988366729727337 216.695166 1297.987906 1312 79081 0.000000
1692988367732802764 243.322640 1326.919170 1331 80413 0.000000
1692988368734843171 231.377658 1233.483081 1236 81647 0.000000
1692988369737275623 233.350344 1352.709693 1356 83018 0.000000
1692988370741034262 224.444731 1337.971076 1343 84356 0.000000
1692988371740183858 220.064638 1332.132758 1331 85679 0.000000
1692988372746045440 224.150863 1243.709954 1251 86928 0.000000
1692988373749663956 228.813210 1367.053323 1372 88301 0.000000
1692988374753348085 248.916891 1296.224542 1301 89601 0.000000
1692988375756023953 203.889801 1134.962942 1138 90740 0.000000
1692988376759162089 235.386369 1417.551546 1422 92163 0.000000
1692988377761393454 225.673207 1351.983205 1355 93516 0.000000
1692988378763009285 234.895804 1309.883450 1312 94829 0.000000
1692988379761939580 222.223624 1316.408195 1315 96153 0.000000
1692988380769960190 243.611383 1276.759596 1287 97431 0.000000
1692988381771429196 231.074985 1320.060810 1322 98752 0.000000
1692988382770515945 222.721482 1349.232242 1348 100101 0.000000
1692988383776883586 230.101223 1298.730088 1307 101423 0.000000
1692988384780855945 205.793809 1355.615011 1361 102772 0.000000
1692988385786993304 212.824966 1403.386994 1412 104194 0.000000
1692988386780245503 220.933407 1435.687735 1426 105621 0.000000
1692988387791105237 210.431839 1436.401024 1452 107074 0.000000
1692988388793317005 212.669679 1362.985379 1366 108428 0.000000
1692988389796870209 219.174517 1390.060886 1395 109819 0.000000
1692988390803046771 210.381913 1351.651387 1360 111179 0.000000
1692988391802990056 219.598298 1411.080044 1411 112590 0.000000
1692988392810322165 224.191252 1367.969936 1378 113968 0.000000
1692988393813297385 209.044832 1394.850014 1399 115371 0.000000
1692988394814334741 227.047531 1356.592675 1358 116730 0.000000
1692988395818814643 207.864964 1409.684710 1416 118149 0.000000
1692988396816874957 212.998811 1466.845203 1464 119630 0.000000
1692988397826415096 211.281345 1417.477171 1431 121054 0.000000
1692988398829731536 208.985668 1425.273181 1430 122466 0.000000
1692988399833001639 210.662336 1447.267287 1452 123925 0.000000
1692988400835996206 205.991089 1415.760411 1420 125338 0.000000
1692988401835277329 205.417709 1498.076903 1497 126835 0.000000
1692988402838759389 209.841138 1422.048357 1427 128266 0.000000
1692988403844990264 214.363430 1412.200754 1421 129683 0.000000
1692988404847834879 205.501165 1474.804748 1479 131167 0.000000
1692988405851953232 205.729328 1394.257912 1400 132573 0.000000
1692988406852207560 205.107554 1429.636418 1430 134003 0.000000
1692988407858960073 213.961285 1447.227620 1457 135471 0.000000
1692988408856928746 207.186461 1447.941184 1445 136920 0.000000
1692988409865760707 212.650850 1439.288248 1452 138348 0.000000
1692988410868781523 207.295176 1416.720419 1421 139795 0.000000
1692988411871863042 212.744876 1422.616066 1427 141206 0.000000
1692988412871034861 208.670950 1450.201103 1449 142644 0.000000
1692988413877940270 214.860824 1391.391898 1401 144044 0.000000
1692988414869190125 211.072806 1432.534902 1420 145471 0.000000
1692988415875914535 208.015484 1395.615297 1405 146886 0.000000
1692988416888117457 213.519464 1415.724030 1433 148313 0.000000
1692988417895494070 211.535389 1427.470120 1438 149781 0.000000
1692988418894547146 209.451915 1434.358171 1433 151179 0.000000
1692988419897846214 205.044249 1435.264992 1440 152623 0.000000
1692988420903897361 207.434680 1530.737177 1540 154154 0.000000
1692988421901032551 214.733429 1344.852855 1341 155497 0.000000
1692988422912551340 202.641341 1478.964124 1496 156990 0.000000
1692988423913999256 206.312864 1489.842712 1492 158486 0.000000
1692988424917178259 196.274021 1460.357637 1465 159960 0.000000
1692988425920531067 205.399204 1478.044401 1483 161439 0.000000
1692988426923199893 202.073672 1491.020740 1495 162925 0.000000
1692988427924069775 203.613493 1470.720572 1472 164410 0.000000
1692988428932609199 202.856347 1475.400869 1488 165885 0.000000
1692988429936775172 197.813198 1548.548818 1555 167457 0.000000
1692988430934048000 201.131227 1454.968035 1451 168901 0.000000
1692988431943802622 205.702834 1485.509358 1500 170398 0.000000
1692988432946610578 211.706585 1493.805534 1498 171891 0.000000
1692988433945683481 195.529155 1474.366880 1473 173364 0.000000
1692988434942730176 205.350051 1416.182420 1412 174780 0.000000
1692988435950812903 213.262943 1426.470188 1438 176215 0.000000
1692988436959045621 200.861990 1474.857911 1487 177703 0.000000
1692988437957072533 203.207858 1497.955553 1495 179197 0.000000
1692988438964864014 201.306185 1492.372284 1504 180698 0.000000
1692988439969580780 207.136160 1419.305468 1426 182126 0.000000
1692988440964758490 202.130666 1500.234461 1493 183617 0.000000
1692988441976643687 205.817320 1454.710508 1472 185089 0.000000
1692988442980735250 205.342271 1470.981475 1477 186567 0.000000
1692988443983794227 201.840933 1477.480287 1482 188055 0.000000
1692988444985948759 199.078454 1496.775256 1500 189553 0.000000
1692988445989246413 197.079296 1535.934955 1541 191090 0.000000
1692988446993433326 199.838457 1445.946038 1452 192575 0.000000
1692988447988305593 204.921547 1501.700303 1494 194035 0.000000
1692988448999030605 204.225043 1461.327204 1477 195512 0.000000
1692988449999064290 199.027788 1544.948005 1545 197057 0.000000
1692988450999904236 203.911146 1481.755345 1483 198540 0.000000
1692988452009510460 204.103071 1492.661164 1507 200048 0.000000
1692988453006950261 193.484018 1490.816773 1487 201535 0.000000
1692988454000187653 196.401834 1493.097201 1483 203017 0.000000
1692988455017244176 206.162822 1526.955509 1553 204571 0.000000
1692988456024677896 198.823295 1495.880091 1507 206078 0.000000
1692988457028604590 201.006209 1494.132936 1500 207578 0.000000
1692988458030755455 202.906639 1503.765348 1507 209088 0.000000
1692988459033182378 194.186613 1496.368759 1500 210584 0.000000
1692988460038659780 195.298126 1527.632512 1536 212130 0.000000
