1692987733845389201 128.076833 2393.823508 2390 34024 0.000000
1692987734852296097 122.774576 2444.119481 2461 36478 0.000000
1692987735857581533 123.567635 2428.166084 2441 38920 0.000000
1692987736862291158 124.480448 2410.646758 2422 41364 0.000000
1692987737866084887 126.806145 2347.095614 2356 43701 0.000000
1692987738871411068 125.741128 2369.380181 2382 46102 0.000000
1692987739878065280 125.562479 2399.036518 2415 48509 0.000000
1692987740882298002 124.764934 2420.753575 2431 50929 0.000000
1692987741888790441 124.383730 2407.370319 2423 53356 0.000000
1692987742892257557 125.996354 2394.697331 2403 55763 0.000000
1692987743898942817 125.484049 2387.041717 2403 58157 0.000000
1692987744903922169 126.173671 2351.292372 2363 60536 0.000000
1692987745909865728 123.957601 2436.518189 2451 62972 0.000000
1692987746915395963 124.848338 2402.712557 2416 65393 0.000000
1692987747920541877 124.587110 2404.626073 2417 67825 0.000000
1692987748924651538 124.693232 2422.046235 2432 70241 0.000000
1692987749930935506 126.289802 2354.206197 2369 72620 0.000000
1692987750935460516 122.632828 2447.923172 2459 75069 0.000000
1692987751940963699 124.008812 2413.716874 2427 77506 0.000000
1692987752946449150 125.292363 2391.879462 2405 79898 0.000000
1692987753951615833 125.318833 2391.643138 2404 82303 0.000000
1692987754956900587 125.860883 2401.309574 2414 84712 0.000000
1692987755961687318 123.020533 2431.361774 2443 87163 0.000000
1692987756967470416 125.278720 2407.079525 2421 89587 0.000000
1692987757972286272 124.395216 2395.463937 2407 91992 0.000000
1692987758974595247 122.782381 2453.335237 2459 94441 0.000000
1692987759982716740 125.698537 2409.431625 2429 96876 0.000000
1692987760988012104 124.371778 2389.347797 2402 99286 0.000000
1692987761991200317 123.634700 2423.274084 2431 101712 0.000000
1692987762996748466 124.214212 2424.548223 2438 104144 0.000000
1692987764003783312 123.849223 2417.989814 2435 106592 0.000000
1692987765008981785 123.356207 2406.489927 2419 109007 0.000000
1692987766014001352 124.894304 2426.818253 2439 111434 0.000000
1692987767019441408 125.197045 2413.868613 2427 113863 0.000000
1692987768024919384 125.772047 2366.038896 2379 116251 0.000000
1692987769029962616 126.411428 2353.132606 2365 118641 0.000000
1692987770035807340 126.343149 2400.967010 2415 121025 0.000000
1692987771040540922 125.684216 2366.796574 2378 123416 0.000000
1692987772045924251 124.667907 2377.202523 2390 125804 0.000000
1692987773046412161 124.905206 2446.806250 2448 128240 0.000000
1692987774055253625 126.179880 2377.975362 2399 130635 0.000000
1692987775061820944 123.502325 2434.015047 2450 133101 0.000000
1692987776067218480 124.541439 2402.034930 2415 135509 0.000000
1692987777072641634 124.170365 2413.909000 2427 137935 0.000000
1692987778075419218 123.564300 2438.227618 2445 140369 0.000000
1692987779082594106 125.983211 2376.945681 2394 142786 0.000000
1692987780088393536 125.401718 2363.294240 2377 145160 0.000000
1692987781092401707 123.774374 2452.171278 2462 147605 0.000000
1692987782098392275 124.511077 2402.607019 2417 150033 0.000000
1692987783103187412 125.108893 2378.593817 2390 152431 0.000000
1692987784106477406 124.901741 2403.094147 2411 154827 0.000000
1692987785111038694 125.632817 2398.061869 2409 157237 0.000000
1692987786119207346 123.392872 2436.100417 2456 159705 0.000000
1692987787124368429 124.571874 2387.677001 2400 162114 0.000000
1692987788124235025 126.701291 2408.321256 2408 164497 0.000000
1692987789134624190 124.758788 2384.229866 2409 166920 0.000000
1692987790139769043 125.698630 2392.689962 2405 169312 0.000000
1692987791136984017 125.025856 2407.705522 2401 171716 0.000000
1692987792145701337 124.620108 2405.034544 2426 174140 0.000000
1692987793155762397 125.255929 2385.004328 2409 176580 0.000000
1692987794160410969 124.776121 2397.853212 2409 178962 0.000000
1692987795164234835 126.046013 2386.873110 2396 181349 0.000000
1692987796171204559 125.066565 2428.076925 2445 183800 0.000000
1692987797174875217 123.650285 2399.193260 2408 186220 0.000000
1692987798179013362 123.506617 2435.919980 2446 188666 0.000000
1692987799185108297 124.738428 2410.309300 2425 191072 0.000000
1692987800192490654 124.011936 2393.331596 2411 193508 0.000000
1692987801197175594 125.827526 2412.696661 2424 195911 0.000000
1692987802202552963 124.140453 2411.034831 2424 198335 0.000000
1692987803207740967 125.057863 2379.654486 2392 200736 0.000000
1692987804212829974 124.472545 2401.777338 2414 203151 0.000000
1692987805218762644 124.389117 2430.580170 2445 205588 0.000000
1692987806222465102 123.512229 2437.973505 2447 208029 0.000000
1692987807229057769 124.095537 2414.084743 2430 210482 0.000000
1692987808234041209 124.823749 2369.193244 2381 212854 0.000000
1692987809239321035 124.353876 2434.147952 2447 215307 0.000000
1692987810245265607 123.739231 2415.640246 2430 217736 0.000000
1692987811250167954 124.060262 2432.076603 2444 220174 0.000000
1692987812255149210 123.620618 2437.856925 2450 222611 0.000000
1692987813257507749 124.109027 2418.296112 2424 225035 0.000000
1692987814265776268 124.405387 2423.957510 2444 227493 0.000000
1692987815271044542 123.974202 2393.391151 2406 229905 0.000000
1692987816275851812 122.071171 2453.206773 2465 232363 0.000000
1692987817281271520 126.258600 2379.105941 2392 234753 0.000000
1692987818286509407 124.443947 2400.426740 2413 237181 0.000000
1692987819291179760 125.785950 2407.755006 2419 239580 0.000000
1692987820297114684 124.199627 2404.727930 2419 241995 0.000000
1692987821300960431 123.856034 2437.625509 2447 244443 0.000000
1692987822307271470 125.250423 2412.772918 2428 246887 0.000000
1692987823311452666 122.749900 2409.923831 2420 249308 0.000000
1692987824317188868 124.853910 2405.203268 2419 251711 0.000000
1692987825323232796 127.262796 2326.936165 2341 254074 0.000000
1692987826325237291 122.814076 2470.048800 2475 256533 0.000000
1692987827333208273 123.396742 2424.672975 2444 258976 0.000000
1692987828334554854 124.362672 2422.737442 2426 261399 0.000000
1692987829343582968 125.911268 2396.365483 2418 263829 0.000000
1692987830348741576 123.187400 2410.564841 2423 266259 0.000000
1692987831353976358 125.495703 2405.408212 2418 268657 0.000000
1692987832359000474 124.034237 2417.852333 2430 271118 0.000000
1692987833360654552 124.728050 2390.046772 2394 273477 0.000000
1692987834365601433 122.902542 2450.875563 2463 275950 0.000000
1692987835374416147 124.248099 2420.662530 2442 278384 0.000000
1692987836379939920 123.306425 2423.612780 2437 280827 0.000000
1692987837385252288 123.609111 2431.085157 2444 283288 0.000000
1692987838389899858 123.696869 2430.703016 2442 285705 0.000000
1692987839382632057 125.828728 2364.182550 2347 288134 0.000000
1692987840403533103 123.975493 2423.349366 2474 290535 0.000000
1692987841407781284 124.766081 2410.758517 2421 292955 0.000000
1692987842415299347 125.219095 2401.942263 2420 295387 0.000000
1692987843421560183 124.344240 2430.781301 2446 297820 0.000000
1692987844426775277 123.106973 2432.315247 2445 300260 0.000000
1692987845432384982 124.302807 2414.455616 2428 302689 0.000000
1692987846437482776 123.327047 2415.685187 2428 305129 0.000000
1692987847442381498 124.746776 2366.407535 2378 307505 0.000000
1692987848447259170 124.366088 2454.030291 2466 309963 0.000000
1692987849452434049 123.383889 2431.417708 2444 312405 0.000000
1692987850456946677 123.471982 2437.002543 2448 314852 0.000000
1692987851462714598 124.612960 2399.161967 2413 317292 0.000000
1692987852464045490 123.465196 2428.767379 2432 319706 0.000000
1692987853473068084 123.443040 2430.074642 2452 322167 0.000000
1692987854477795063 124.425193 2392.689803 2404 324571 0.000000
1692987855481436327 124.698170 2401.256394 2410 326972 0.000000
1692987856485337238 124.698362 2453.429195 2463 329426 0.000000
1692987857493098106 121.819633 2452.963074 2472 331898 0.000000
1692987858498949854 124.830064 2384.049143 2398 334322 0.000000
1692987859503905572 125.289118 2398.114971 2410 336718 0.000000
1692987860508696713 124.467245 2407.466143 2419 339137 0.000000
1692987861513732802 125.509270 2371.058970 2383 341518 0.000000
1692987862515258990 125.245836 2405.329184 2409 343916 0.000000
1692987863524217875 124.048456 2429.236747 2451 346370 0.000000
1692987864528816042 124.218922 2417.882174 2429 348799 0.000000
1692987865534628387 123.809385 2429.876718 2444 351262 0.000000
1692987866539389862 126.471502 2376.683292 2388 353632 0.000000
1692987867544421121 124.376070 2418.830236 2431 356061 0.000000
1692987868549167137 123.008318 2388.662964 2400 358493 0.000000
1692987869555224191 123.977412 2435.249441 2450 360912 0.000000
1692987870560215776 124.996807 2424.896505 2437 363345 0.000000
1692987871565076426 123.644316 2429.192664 2441 365793 0.000000
1692987872570537673 122.428007 2435.698078 2449 368264 0.000000
1692987873572793099 125.056923 2384.621662 2390 370624 0.000000
1692987874580881160 125.557288 2408.519745 2428 373061 0.000000
1692987875586363546 124.283285 2371.001041 2384 375464 0.000000
1692987876591724906 123.867407 2451.854873 2465 377909 0.000000
1692987877593617922 122.456673 2472.319933 2477 380381 0.000000
1692987878602165195 123.796561 2429.236651 2450 382842 0.000000
1692987879607342719 123.579265 2411.514327 2424 385283 0.000000
1692987880612408885 123.943182 2411.781514 2424 387692 0.000000
1692987881617777948 124.180734 2435.921385 2449 390131 0.000000
1692987882622968277 124.390382 2380.643487 2393 392543 0.000000
