1692972145226833966 76.622259 206.986323 207 16 0.000000
1692972146219097512 78.024685 207.606130 206 16 0.000000
1692972147219462705 75.865925 209.923368 210 16 0.000000
1692972148231476061 78.056798 202.566473 205 16 0.000000
1692972149211235160 79.146193 208.214467 204 16 0.000000
1692972150224639689 79.142002 201.301657 204 16 0.000000
1692972151237784370 76.101765 211.223530 214 16 0.000000
1692972152231408838 74.114550 211.347423 210 16 0.000000
1692972153231595266 76.943246 206.961429 207 16 0.000000
1692972154245308716 77.142285 210.118581 213 16 0.000000
1692972155218312957 75.904414 212.743155 207 16 0.000000
1692972156231920625 74.737615 214.086778 217 16 0.000000
1692972157246402167 77.225174 207.987986 211 16 0.000000
1692972158241249248 77.869838 200.030766 199 16 0.000000
1692972159254350804 76.855374 209.258360 212 16 0.000000
1692972160258970384 74.399058 215.006790 216 16 0.000000
1692972161228646647 76.581687 213.473296 207 16 0.000000
1692972162242009789 77.206905 207.230756 210 16 0.000000
1692972163255982176 79.494703 201.188913 204 16 0.000000
1692972164268687161 74.144044 207.365427 210 16 0.000000
1692972165256912478 76.862782 212.502146 210 16 0.000000
1692972166273615673 75.757348 211.467813 215 16 0.000000
1692972167237376614 74.795529 216.858758 209 16 0.000000
1692972168251038877 78.332019 205.196540 208 16 0.000000
1692972169265052911 75.855356 209.070090 212 16 0.000000
1692972170278713822 76.883078 208.156399 211 16 0.000000
1692972171270741923 78.253870 200.599156 199 16 0.000000
1692972172284606981 79.441698 203.182853 206 16 0.000000
1692972173249038157 78.199385 207.376131 200 16 0.000000
1692972174263061092 79.107194 202.165053 205 16 0.000000
1692972175276634806 76.867875 208.174301 211 16 0.000000
1692972176290205080 77.585339 206.201785 209 16 0.000000
1692972177281238414 75.580644 207.863832 206 16 0.000000
1692972178296168552 75.079959 213.807808 217 16 0.000000
1692972179259304866 76.323824 211.808043 204 16 0.000000
1692972180272983031 75.769963 213.085390 216 16 0.000000
1692972181287225635 77.276687 207.051042 210 16 0.000000
1692972182300945263 75.113021 212.090215 215 16 0.000000
1692972183295152337 77.407875 204.182815 203 16 0.000000
1692972184309453339 76.134254 209.996802 213 16 0.000000
1692972185269374053 74.122106 218.768093 210 16 0.000000
1692972186282754077 78.373643 203.280116 206 16 0.000000
1692972187296127785 77.548464 208.215384 211 16 0.000000
1692972188309160433 75.817058 208.285496 211 16 0.000000
1692972189307804316 77.749984 204.277020 204 16 0.000000
1692972190322206792 78.026245 203.075215 206 16 0.000000
1692972191277550613 75.154655 218.769406 209 16 0.000000
1692972192290392641 74.717595 215.235935 218 16 0.000000
1692972193304590650 75.150270 211.990162 215 16 0.000000
1692972194317755331 75.096657 213.193371 216 16 0.000000
1692972195331302456 77.195361 208.179769 211 16 0.000000
1692972196335379714 77.563058 197.195979 198 16 0.000000
1692972197286719667 76.249104 218.638949 208 16 0.000000
1692972198300924792 76.856702 209.030727 212 16 0.000000
1692972199314547667 74.749509 213.097005 216 16 0.000000
1692972200328163240 76.558918 208.165706 211 16 0.000000
1692972201341729067 77.587448 206.202689 209 16 0.000000
1692972202348733838 77.614595 191.657454 193 16 0.000000
1692972203295376508 77.510965 223.949361 212 16 0.000000
1692972204308773042 79.531114 199.329681 202 16 0.000000
1692972205321532098 76.138085 212.291358 215 16 0.000000
1692972206335459216 75.826012 211.060534 214 16 0.000000
1692972207350091898 77.265769 205.985883 209 16 0.000000
1692972208291524806 76.461765 210.317696 198 16 0.000000
1692972209306106040 75.854590 209.938833 213 16 0.000000
1692972210320860216 74.463318 214.830352 218 16 0.000000
1692972211334815205 75.782530 212.040974 215 16 0.000000
1692972212349625779 75.877682 209.891386 213 16 0.000000
1692972213364444427 75.825771 211.860500 215 16 0.000000
1692972214306182743 76.878123 208.125771 196 15 0.000000
1692972215320724855 76.197686 208.961264 212 16 0.000000
1692972216334650284 75.415215 213.033420 216 16 0.000000
1692972217349269531 78.460305 203.031828 206 16 0.000000
1692972218363483136 77.251193 207.056974 210 16 0.000000
1692972219378471312 76.947502 205.913728 209 16 0.000000
1692972220320062598 76.864409 208.158253 196 16 0.000000
1692972221334281388 77.936582 208.041894 211 16 0.000000
1692972222349236670 77.400413 203.949889 207 16 0.000000
1692972223363213301 79.448192 203.160489 206 16 0.000000
1692972224377621308 77.259476 207.017289 210 16 0.000000
1692972225392468693 77.644066 206.927664 210 16 0.000000
1692972226334540043 76.138311 209.113677 197 16 0.000000
1692972227348525287 78.747178 203.158777 206 16 0.000000
1692972228362642238 74.413801 214.965345 218 16 0.000000
1692972229377785878 77.652629 206.867276 210 16 0.000000
1692972230391831567 75.144085 211.035845 214 16 0.000000
1692972231406742779 76.561464 209.870587 213 16 0.000000
1692972232348595439 76.477197 210.223956 198 16 0.000000
1692972233363402022 76.220610 208.906811 212 16 0.000000
1692972234378008316 77.628980 206.976808 210 16 0.000000
1692972235392450845 75.863193 208.981803 212 16 0.000000
1692972236407006485 77.240912 207.972819 211 16 0.000000
1692972237421385310 76.854694 208.994902 212 16 0.000000
1692972238362701935 78.881724 202.907283 191 16 0.000000
1692972239377352652 76.976180 205.982214 209 16 0.000000
1692972240391704736 79.471507 202.099420 205 16 0.000000
1692972241406212253 75.154229 212.911219 216 16 0.000000
1692972242420669550 77.307498 207.007237 210 16 0.000000
1692972243434093142 76.089768 196.364084 199 16 0.000000
1692972244377713431 76.954439 222.547150 210 16 0.000000
1692972245396117269 74.258574 215.042394 219 16 0.000000
1692972246411108261 75.608726 212.809770 216 16 0.000000
1692972247425148826 77.309313 205.119999 208 16 0.000000
1692972248439662783 77.249069 208.967053 212 16 0.000000
1692972249382558654 76.538416 208.930822 197 16 0.000000
1692972250396557726 77.675689 204.142191 207 16 0.000000
1692972251410871912 76.825543 209.994114 213 16 0.000000
1692972252424901003 77.281417 206.108476 209 16 0.000000
1692972253439090148 77.271022 207.061975 210 16 0.000000
1692972254453811323 78.026082 204.982419 208 16 0.000000
1692972255395630222 79.297797 201.737299 190 16 0.000000
1692972256410589452 76.574240 207.890123 211 16 0.000000
1692972257423938546 77.941263 206.246792 209 16 0.000000
1692972258437938330 77.256181 207.100634 210 16 0.000000
1692972259452921303 77.311845 206.900025 210 16 0.000000
1692972260467869683 76.919912 207.892347 211 16 0.000000
1692972261409853412 76.906016 208.071533 196 16 0.000000
1692972262423933526 77.634496 206.098115 209 16 0.000000
1692972263438189752 76.192623 209.020162 212 16 0.000000
1692972264453105592 75.822698 212.825529 216 16 0.000000
1692972265466662760 74.718090 213.110816 216 16 0.000000
1692972266480570735 76.854892 208.105672 211 16 0.000000
1692972267422103466 78.876306 202.860708 191 16 0.000000
1692972268436285987 78.724328 204.105278 207 16 0.000000
1692972269451062868 74.785322 212.854671 216 16 0.000000
1692972270464904703 76.935404 207.132903 210 16 0.000000
1692972271479405088 76.157965 210.941271 214 16 0.000000
1692972272494158058 75.469884 212.859686 216 16 0.000000
1692972273436875458 76.929032 207.909600 196 16 0.000000
1692972274451427910 76.988461 205.016479 208 16 0.000000
1692972275465859098 77.256420 208.984143 212 16 0.000000
1692972276480212270 76.882991 209.000186 212 16 0.000000
1692972277496023824 75.191628 211.653426 215 16 0.000000
1692972278438085332 75.417491 211.238852 199 16 0.000000
1692972279452609306 77.651398 206.007958 209 16 0.000000
1692972280467180846 78.358985 205.012649 208 16 0.000000
1692972281481862173 76.928519 207.947061 211 16 0.000000
1692972282496555077 77.320185 205.973622 209 16 0.000000
1692972283511605871 76.893177 209.841738 213 16 0.000000
1692972284453767209 76.901154 208.032330 196 16 0.000000
1692972285468852412 76.961358 205.894035 209 16 0.000000
1692972286482520198 75.454520 214.074074 217 16 0.000000
1692972287496763718 74.423740 214.938530 218 16 0.000000
1692972288511842449 76.210097 209.835937 213 16 0.000000
1692972289525663004 79.577338 199.246304 202 16 0.000000
1692972290467507195 77.602952 208.102358 196 16 0.000000
1692972291482082699 74.478801 212.896924 216 16 0.000000
1692972292497186670 79.184865 202.934875 206 16 0.000000
1692972293511980981 77.637295 206.938489 210 16 0.000000
