1692972144500046301 144.661407 0.000000
1692972144501458102 144.519127 0.000000
1692972144646507914 144.453930 0.000000
1692972144717379957 144.680086 0.000000
1692972144753240810 144.542556 0.000000
1692972144789637796 144.652837 0.000000
1692972145006924007 144.770722 0.000000
1692972145043883977 144.525260 0.000000
1692972145043929428 144.575646 0.000000
1692972145151792277 144.651771 0.000000
1692972145296607699 144.742448 0.000000
1692972145332592124 144.654579 0.000000
1692972145333144124 144.533817 0.000000
1692972145405052523 144.684973 0.000000
1692972145441415694 144.790595 0.000000
1692972145586127270 144.686527 0.000000
1692972145694308635 144.514537 0.000000
1692972145766760364 144.582279 0.000000
1692972145803272080 144.548195 0.000000
1692972145911391156 144.571138 0.000000
1692972146020838959 144.595882 0.000000
1692972146056207469 144.703806 0.000000
1692972146128265579 144.463571 0.000000
1692972146128374151 144.398148 0.000000
1692972146382862946 144.609885 0.000000
1692972146455103742 144.680620 0.000000
1692972146634893779 144.602071 0.000000
1692972146816903548 144.496391 0.000000
1692972146817095510 144.569852 0.000000
1692972146924300279 144.563793 0.000000
1692972147034552105 145.121840 0.000000
1692972147106798887 145.058496 0.000000
1692972147141635679 144.570986 0.000000
1692972147179226642 144.650250 0.000000
1692972147179576917 144.760457 0.000000
1692972147252168833 144.688334 0.000000
1692972147396925943 144.518945 0.000000
1692972147431279590 144.739940 0.000000
1692972147503633928 144.573096 0.000000
1692972147613776222 144.483111 0.000000
1692972147720711145 144.641831 0.000000
1692972147758358413 144.616672 0.000000
1692972147865270634 144.535228 0.000000
1692972147937970086 144.567633 0.000000
1692972147975526743 144.654951 0.000000
1692972148048455863 144.838914 0.000000
1692972148193588984 144.700228 0.000000
1692972148372356191 144.662380 0.000000
1692972148444455233 144.521212 0.000000
1692972148483015681 144.768884 0.000000
1692972148483463824 144.595279 0.000000
1692972148517119872 144.755810 0.000000
1692972148772908308 144.605929 0.000000
1692972148845419719 144.854281 0.000000
1692972149135455606 144.790876 0.000000
1692972149280496373 144.727473 0.000000
1692972149280854191 144.848234 0.000000
1692972149280923648 144.932525 0.000000
1692972149313298061 144.590288 0.000000
1692972149313423653 144.529141 0.000000
1692972149530911862 144.701612 0.000000
1692972149570897982 144.752556 0.000000
1692972149570920890 144.524717 0.000000
1692972149603310023 144.643913 0.000000
1692972149643267572 144.835910 0.000000
1692972149715767586 144.931764 0.000000
1692972149820591706 144.769716 0.000000
1692972149820632195 144.998132 0.000000
1692972149933814705 144.842045 0.000000
1692972149965578627 144.713400 0.000000
1692972150078076803 144.609136 0.000000
1692972150182584087 144.477712 0.000000
1692972150327426925 144.623928 0.000000
1692972150367607026 144.730371 0.000000
1692972150368072980 144.588265 0.000000
1692972150368277606 144.575516 0.000000
1692972150585711016 144.714303 0.000000
1692972150762290909 144.800063 0.000000
1692972150802209826 144.670155 0.000000
1692972150875652282 144.695310 0.000000
1692972151092757230 144.604210 0.000000
1692972151165277617 144.595348 0.000000
1692972151237537353 144.427793 0.000000
1692972151310050167 144.849971 0.000000
1692972151382156075 144.610579 0.000000
1692972151527163081 144.724609 0.000000
1692972151671731797 144.550744 0.000000
1692972151703747449 144.501589 0.000000
1692972151743874450 144.560762 0.000000
1692972151745610375 144.708101 0.000000
1692972151816203747 144.675414 0.000000
1692972151920828103 144.645876 0.000000
1692972152065581789 144.457704 0.000000
1692972152178872418 144.488339 0.000000
1692972152210353692 144.722893 0.000000
1692972152210353701 144.589402 0.000000
1692972152282568709 144.509457 0.000000
1692972152427195392 144.423548 0.000000
1692972152571957957 144.557696 0.000000
1692972152644189745 144.639141 0.000000
1692972152788896935 144.548204 0.000000
1692972152830524027 144.848348 0.000000
1692972152861442665 144.537890 0.000000
1692972152902856881 144.561527 0.000000
1692972152975243164 144.610639 0.000000
1692972152975985517 144.687168 0.000000
1692972153006147037 144.617671 0.000000
1692972153006189922 144.684913 0.000000
1692972153006256698 144.687569 0.000000
1692972153193237629 144.466305 0.000000
1692972153193570399 144.575138 0.000000
1692972153223313760 144.588499 0.000000
1692972153265636560 144.564411 0.000000
1692972153482378868 144.710455 0.000000
1692972153482632109 144.577092 0.000000
1692972153483162536 144.561005 0.000000
1692972153627959690 144.906533 0.000000
1692972153730296329 144.575298 0.000000
1692972153845032599 144.687280 0.000000
1692972153845084079 144.626263 0.000000
1692972154092253886 144.601031 0.000000
1692972154278815772 144.630754 0.000000
1692972154713286617 144.683046 0.000000
1692972154714124517 144.734435 0.000000
1692972154816685026 144.722032 0.000000
1692972154858230049 144.552878 0.000000
1692972154889168456 144.638933 0.000000
1692972155076107339 144.472906 0.000000
1692972155509800037 144.606496 0.000000
1692972155582220474 144.684457 0.000000
1692972155613789514 144.851800 0.000000
1692972155727304686 144.719012 0.000000
1692972155830748342 144.662294 0.000000
1692972155903276134 144.879931 0.000000
1692972155944669734 144.806344 0.000000
1692972155944711171 144.786142 0.000000
1692972155944872652 144.669957 0.000000
1692972156161900537 144.718281 0.000000
1692972156161901183 144.797811 0.000000
1692972156162282000 144.709661 0.000000
1692972156234602904 144.738283 0.000000
1692972156234637259 144.498500 0.000000
1692972156379633191 144.814680 0.000000
1692972156524567805 144.902359 0.000000
1692972156524658185 144.676107 0.000000
1692972156555552939 144.745514 0.000000
1692972156742251855 144.551147 0.000000
1692972156887070465 144.883761 0.000000
1692972156918036646 144.748822 0.000000
1692972156960047270 144.720772 0.000000
1692972157104777943 144.595804 0.000000
1692972157279944089 144.510594 0.000000
1692972157394526549 144.828604 0.000000
1692972157424520391 144.552346 0.000000
1692972157498068564 144.991884 0.000000
1692972157684144576 144.625341 0.000000
1692972157684198742 144.692673 0.000000
1692972157829406634 144.512809 0.000000
1692972157829580053 144.659330 0.000000
1692972157858901484 144.690242 0.000000
1692972157859008939 144.675382 0.000000
1692972157901890475 144.688909 0.000000
1692972158047107423 144.993653 0.000000
1692972158119376242 144.761360 0.000000
1692972158149355178 144.601873 0.000000
1692972158293583932 144.721997 0.000000
1692972158337116783 144.790132 0.000000
1692972158481772677 144.678982 0.000000
1692972158554384424 144.686716 0.000000
1692972158700001469 145.119482 0.000000
1692972158772362318 144.775061 0.000000
1692972158989218541 144.436983 0.000000
1692972159090180417 144.543671 0.000000
1692972159134449355 144.668831 0.000000
1692972159162514702 144.603292 0.000000
1692972159279630317 145.063268 0.000000
1692972159352237687 144.795791 0.000000
1692972159568882548 144.580739 0.000000
1692972159742245068 144.624306 0.000000
1692972160031504035 144.600826 0.000000
1692972160148492681 144.654433 0.000000
1692972160221191578 144.511195 0.000000
1692972160321215889 144.514928 0.000000
1692972160727192013 144.705276 0.000000
1692972160900110360 144.492551 0.000000
1692972160900511098 144.538709 0.000000
1692972160944599264 144.711716 0.000000
1692972161017512965 144.511440 0.000000
1692972161017707623 144.662481 0.000000
1692972161045354552 144.471417 0.000000
1692972161189956219 144.505528 0.000000
1692972161234719584 144.636514 0.000000
1692972161262272877 144.814472 0.000000
1692972161552318677 144.624035 0.000000
1692972161669624303 144.550187 0.000000
1692972161697019795 144.582452 0.000000
1692972161814337524 144.675894 0.000000
1692972161914400648 144.741612 0.000000
1692972161959383195 144.729891 0.000000
1692972162104294188 144.843241 0.000000
1692972162320767754 144.646779 0.000000
1692972162321379278 144.470852 0.000000
1692972162393459160 144.543824 0.000000
1692972162537887846 144.613522 0.000000
1692972162537992620 144.669777 0.000000
1692972162566411688 144.780820 0.000000
1692972162682655696 144.741919 0.000000
1692972162682656422 144.639491 0.000000
1692972162683437926 144.612994 0.000000
1692972162828073874 144.441070 0.000000
1692972162899888259 144.723873 0.000000
1692972162927668952 144.534452 0.000000
1692972163001095858 144.562632 0.000000
1692972163044865616 144.588121 0.000000
1692972163072360750 144.666871 0.000000
1692972163117860937 144.650835 0.000000
1692972163216958419 144.573832 0.000000
1692972163261909981 144.629579 0.000000
1692972163361575294 144.592724 0.000000
1692972163362998727 144.600727 0.000000
1692972163407488639 144.457194 0.000000
1692972163579924460 144.490346 0.000000
1692972163624124108 144.624838 0.000000
1692972163624422046 144.378621 0.000000
1692972163696921022 144.781845 0.000000
1692972163768876052 144.726059 0.000000
1692972163868068991 144.560870 0.000000
1692972163987124239 144.787943 0.000000
1692972163987483896 144.782090 0.000000
1692972164276502619 144.530039 0.000000
1692972164276680753 144.467168 0.000000
1692972164349615517 144.557764 0.000000
1692972164493371987 144.638638 0.000000
1692972164494420888 144.541371 0.000000
1692972164710796821 144.716519 0.000000
1692972164711602085 144.567747 0.000000
1692972164783878316 144.757079 0.000000
1692972164927950230 144.578888 0.000000
1692972164928312750 144.428360 0.000000
1692972165000459393 144.644039 0.000000
1692972165072798584 144.833752 0.000000
1692972165072891886 144.628898 0.000000
1692972165099529150 144.563629 0.000000
1692972165099617411 144.590788 0.000000
1692972165217516953 144.693145 0.000000
1692972165290098854 144.706162 0.000000
1692972165291529754 144.776716 0.000000
1692972165388916680 144.535474 0.000000
1692972165434770910 144.759294 0.000000
1692972165534530543 144.404404 0.000000
1692972165678437119 144.469164 0.000000
1692972165678932862 144.388152 0.000000
1692972165797101807 144.845926 0.000000
1692972165822388553 144.624409 0.000000
1692972165942293583 144.630902 0.000000
1692972166087105764 144.639535 0.000000
1692972166257378338 144.573088 0.000000
1692972166305852129 144.597640 0.000000
1692972166329240246 144.560328 0.000000
1692972166449712358 144.514501 0.000000
1692972166667513353 144.963551 0.000000
1692972166691496235 144.508257 0.000000
1692972166739651038 144.889759 0.000000
1692972167053459273 144.555743 0.000000
1692972167053549418 144.563538 0.000000
1692972167174338296 144.615178 0.000000
1692972167392409585 144.596063 0.000000
1692972167488110107 144.797671 0.000000
1692972167536367422 144.722442 0.000000
1692972167705523470 144.642796 0.000000
1692972167777597004 144.723750 0.000000
1692972167922801333 144.857056 0.000000
1692972167995528146 144.667914 0.000000
1692972168334433509 144.670744 0.000000
1692972168479583683 145.249054 0.000000
1692972168479913921 144.998721 0.000000
1692972168502399016 144.635241 0.000000
1692972168574500373 144.547512 0.000000
1692972168574552409 144.538732 0.000000
1692972168574925853 144.658575 0.000000
1692972168696160098 144.483392 0.000000
1692972168769459392 144.589525 0.000000
1692972168914366275 144.750689 0.000000
1692972168986606305 144.785164 0.000000
1692972169008854975 144.560777 0.000000
1692972169009214511 144.627102 0.000000
1692972169009441324 144.724727 0.000000
1692972169131326676 144.518576 0.000000
1692972169203560494 144.511936 0.000000
1692972169275797907 144.728690 0.000000
1692972169421150774 144.866515 0.000000
1692972169421349025 144.640308 0.000000
1692972169660346896 144.580770 0.000000
1692972169733025641 144.576571 0.000000
1692972169783084040 144.675470 0.000000
1692972169855266580 144.705372 0.000000
1692972169855950276 144.946136 0.000000
1692972170001276361 144.920496 0.000000
1692972170072476387 144.601563 0.000000
1692972170145796868 144.511216 0.000000
1692972170289763706 144.530235 0.000000
1692972170362437683 144.704826 0.000000
1692972170456699425 144.484783 0.000000
1692972170529128411 144.627711 0.000000
1692972170579309415 144.704610 0.000000
1692972170673837411 144.622855 0.000000
1692972170724817866 144.593206 0.000000
1692972170869828844 144.590701 0.000000
1692972170963475404 144.617074 0.000000
1692972171086139388 144.693774 0.000000
1692972171087778532 144.735841 0.000000
1692972171108465201 144.613440 0.000000
1692972171180675462 144.639991 0.000000
1692972171230875589 144.713123 0.000000
1692972171232725674 144.834109 0.000000
1692972171253132091 144.558347 0.000000
1692972171397970759 144.554217 0.000000
1692972171447766636 144.465291 0.000000
1692972171520741325 144.587168 0.000000
1692972171687587176 144.704437 0.000000
1692972171687678689 144.740591 0.000000
1692972171759887284 144.512750 0.000000
1692972171883620481 144.486520 0.000000
1692972171954655085 144.615244 0.000000
1692972172099333478 144.612889 0.000000
1692972172122032434 144.644534 0.000000
1692972172244862295 144.569434 0.000000
1692972172390371832 144.521325 0.000000
1692972172461017916 144.620344 0.000000
1692972172534841258 144.447109 0.000000
1692972172679059920 144.437341 0.000000
1692972172679234261 144.548244 0.000000
1692972172679476615 144.620487 0.000000
1692972172824095389 144.645988 0.000000
1692972172918695550 144.661674 0.000000
1692972172991053658 144.587236 0.000000
1692972173281074952 144.641193 0.000000
1692972173353242167 144.404523 0.000000
1692972173475555987 144.725198 0.000000
1692972173475857383 144.410977 0.000000
1692972173498116424 144.533302 0.000000
1692972173620489048 144.749530 0.000000
1692972173620606707 144.732640 0.000000
1692972173642669482 144.569912 0.000000
1692972173693361531 144.717014 0.000000
1692972173787742755 144.936891 0.000000
1692972173838026915 144.636205 0.000000
1692972174055271194 144.777394 0.000000
1692972174127539143 144.656646 0.000000
1692972174128042625 144.664073 0.000000
1692972174222372081 144.857513 0.000000
1692972174344611291 144.593855 0.000000
1692972174417220119 144.805426 0.000000
1692972174439479215 144.720314 0.000000
1692972174490090576 144.797308 0.000000
1692972174512075689 144.783049 0.000000
1692972174512169648 144.870703 0.000000
1692972174561976236 144.636969 0.000000
1692972174634241028 144.647699 0.000000
1692972174657045022 144.797524 0.000000
1692972174801743471 144.633686 0.000000
1692972174802094953 144.821188 0.000000
1692972174946896520 144.775170 0.000000
1692972175141208769 144.562183 0.000000
1692972175358446447 144.734372 0.000000
1692972175380938761 144.657815 0.000000
1692972175453610729 144.709219 0.000000
1692972175503174305 144.707180 0.000000
1692972175503297286 144.606255 0.000000
1692972175525677449 144.498640 0.000000
1692972175865333111 144.725703 0.000000
1692972175939230340 144.500027 0.000000
1692972175939398361 144.519387 0.000000
1692972176155149046 144.743255 0.000000
1692972176178302948 144.713230 0.000000
1692972176229102825 144.821432 0.000000
1692972176301560433 144.705503 0.000000
1692972176374218487 145.020029 0.000000
1692972176395477595 144.616335 0.000000
1692972176591197028 144.660162 0.000000
1692972176735984767 144.491765 0.000000
1692972176807374535 144.691666 0.000000
1692972177025315840 144.486889 0.000000
1692972177097918865 144.663879 0.000000
1692972177242706605 144.696583 0.000000
1692972177481962823 144.559028 0.000000
1692972177482052877 144.610558 0.000000
1692972177532345804 144.750203 0.000000
1692972177626861537 144.537659 0.000000
1692972177821969677 144.649869 0.000000
1692972178039360908 144.699139 0.000000
1692972178111491561 144.648824 0.000000
1692972178257533872 144.502423 0.000000
1692972178328973733 144.586058 0.000000
1692972178473541696 144.546181 0.000000
1692972178475121034 144.511224 0.000000
1692972178568409805 144.635217 0.000000
1692972178763416425 144.716341 0.000000
1692972178763470876 144.698601 0.000000
1692972178764621401 144.633463 0.000000
1692972178858066558 144.685470 0.000000
1692972178981743699 144.590193 0.000000
1692972179002777812 144.717970 0.000000
1692972179125749323 144.726948 0.000000
1692972179125856137 144.624464 0.000000
1692972179125862932 144.854685 0.000000
1692972179270492829 144.613739 0.000000
1692972179271226406 144.559945 0.000000
1692972179292123796 144.545942 0.000000
1692972179292165841 144.586256 0.000000
1692972179560939940 145.090904 0.000000
1692972179581914189 144.601801 0.000000
1692972179705943070 144.727147 0.000000
1692972179850740597 144.767096 0.000000
1692972179871500205 144.586746 0.000000
1692972180141190175 144.698489 0.000000
1692972180160992698 144.578223 0.000000
1692972180233725724 144.947838 0.000000
1692972180523410510 144.717787 0.000000
1692972180575298434 144.595097 0.000000
1692972180720519818 144.713693 0.000000
1692972180885569966 144.590120 0.000000
1692972181010260318 144.570816 0.000000
1692972181155765184 144.524952 0.000000
1692972181155801268 144.489558 0.000000
1692972181175545058 144.521993 0.000000
1692972181247861529 144.452076 0.000000
1692972181248023125 144.602477 0.000000
1692972181373603245 144.760926 0.000000
1692972181446290193 144.838389 0.000000
1692972181465104360 144.553144 0.000000
1692972181662813279 144.571970 0.000000
1692972181682273470 144.724646 0.000000
1692972181754600420 144.685359 0.000000
1692972181807799303 144.600056 0.000000
1692972181826933103 144.653354 0.000000
1692972181879971729 144.811441 0.000000
1692972181880855275 144.595073 0.000000
1692972181952824458 144.557337 0.000000
1692972182097702422 144.418414 0.000000
1692972182097974340 144.634557 0.000000
1692972182169926712 144.504019 0.000000
1692972182188972064 144.431161 0.000000
1692972182242095723 144.656143 0.000000
1692972182315385027 144.685010 0.000000
1692972182695872527 144.711667 0.000000
1692972182696001241 144.738566 0.000000
1692972182696059522 144.742754 0.000000
1692972182749434850 144.701653 0.000000
1692972182749613160 144.694612 0.000000
1692972182768298296 144.450640 0.000000
1692972182821979830 144.515776 0.000000
1692972182985486029 144.746414 0.000000
1692972183038823573 144.646890 0.000000
1692972183111861524 144.648160 0.000000
1692972183183805555 144.667350 0.000000
1692972183202570407 144.633923 0.000000
1692972183329017954 144.760838 0.000000
1692972183401606104 144.708201 0.000000
1692972183419834442 144.497260 0.000000
1692972183492060255 144.603505 0.000000
1692972183636672221 144.592074 0.000000
1692972183692121137 144.607621 0.000000
1692972183980905618 144.406368 0.000000
1692972184054071707 145.552554 0.000000
1692972184071441532 144.845163 0.000000
1692972184143348230 144.471854 0.000000
1692972184360814897 144.701622 0.000000
1692972184415466637 144.620865 0.000000
1692972184432685305 144.608005 0.000000
1692972184487739642 144.720331 0.000000
1692972184488012046 144.598948 0.000000
1692972184505453678 144.620283 0.000000
1692972184505518371 144.598809 0.000000
1692972184649773236 144.575318 0.000000
1692972184650167138 144.481700 0.000000
1692972184922797692 144.636190 0.000000
1692972184923102055 144.612184 0.000000
1692972185083994588 144.481584 0.000000
1692972185140267633 144.625305 0.000000
1692972185156278040 144.768156 0.000000
1692972185212264359 144.582777 0.000000
1692972185228699005 144.679874 0.000000
1692972185285131746 144.463797 0.000000
1692972185356993146 144.721135 0.000000
1692972185445982680 144.557591 0.000000
1692972185518303514 144.668557 0.000000
1692972185575279461 144.681217 0.000000
1692972185590496407 144.504572 0.000000
1692972185646707484 144.710636 0.000000
1692972185735405899 144.604282 0.000000
1692972185880213936 144.662473 0.000000
1692972185937091078 144.547365 0.000000
1692972186097421779 144.540768 0.000000
1692972186153909012 144.514311 0.000000
1692972186169620924 144.527171 0.000000
1692972186226691099 144.612914 0.000000
1692972186372202755 145.086396 0.000000
1692972186443692258 144.745478 0.000000
1692972186444484787 144.873327 0.000000
1692972186444680462 144.929145 0.000000
1692972186589150685 144.648918 0.000000
1692972186661126004 144.739319 0.000000
1692972186806009398 144.653945 0.000000
1692972186806843980 144.504448 0.000000
1692972186821573230 144.684847 0.000000
1692972186879405062 144.637892 0.000000
1692972186951073863 144.632985 0.000000
1692972186951414125 144.555189 0.000000
1692972187038659918 144.603537 0.000000
1692972187168416859 144.687345 0.000000
1692972187458426794 144.547221 0.000000
1692972187546017130 144.601279 0.000000
1692972187603469422 145.031658 0.000000
1692972187676655127 145.032368 0.000000
1692972187980660912 144.637068 0.000000
1692972188343313698 144.663816 0.000000
1692972188617972071 144.649328 0.000000
1692972188835357194 144.698868 0.000000
1692972188980358691 144.655693 0.000000
1692972189052624789 144.485065 0.000000
1692972189197119042 144.480210 0.000000
1692972189269822566 144.435677 0.000000
1692972189413879483 144.682437 0.000000
1692972189414648497 144.832541 0.000000
1692972189428479551 144.405288 0.000000
1692972189428776638 144.518522 0.000000
1692972189573437178 144.488411 0.000000
1692972189848560698 144.707505 0.000000
1692972189921954773 145.055013 0.000000
1692972189922096242 144.959135 0.000000
1692972190356566559 144.574482 0.000000
1692972190501072532 144.525033 0.000000
1692972190501525481 144.577986 0.000000
1692972190501553657 144.670145 0.000000
1692972190645492389 144.740834 0.000000
1692972190718895450 144.628017 0.000000
1692972190731334971 144.677592 0.000000
1692972190790218460 144.706250 0.000000
1692972190790510860 144.568083 0.000000
1692972190948534183 144.727378 0.000000
1692972191079900634 144.702068 0.000000
1692972191310913474 144.727144 0.000000
1692972191514625116 144.702277 0.000000
1692972191672646395 144.576353 0.000000
1692972191745003094 144.565473 0.000000
1692972191804556039 144.757179 0.000000
1692972191962113544 144.509237 0.000000
1692972192239709729 145.036547 0.000000
1692972192312804749 144.999841 0.000000
1692972192470280195 144.734503 0.000000
1692972192530215208 144.870049 0.000000
1692972192675001492 144.771675 0.000000
1692972192747373464 145.176683 0.000000
1692972192759506066 144.598467 0.000000
1692972192819725125 145.056683 0.000000
1692972193037524326 144.717934 0.000000
1692972193037683877 144.899085 0.000000
1692972193182681209 144.980878 0.000000
1692972193182941595 145.119636 0.000000
1692972193194086654 144.631937 0.000000
1692972193267696626 144.573095 0.000000
1692972193400002039 144.586842 0.000000
1692972193411220139 144.531813 0.000000
1692972193471650152 144.795592 0.000000
1692972193472408436 144.543030 0.000000
1692972193556055755 144.535763 0.000000
1692972193700579154 144.507457 0.000000
1692972193834357480 144.648586 0.000000
1692972193846622936 144.544639 0.000000
1692972193978997475 144.603050 0.000000
1692972193979134654 144.697816 0.000000
1692972194125021458 144.687403 0.000000
1692972194207307165 144.550700 0.000000
1692972194280807166 144.480803 0.000000
1692972194342338364 144.703476 0.000000
1692972194413560885 144.525973 0.000000
1692972194425583991 144.532632 0.000000
1692972194714946734 144.538135 0.000000
1692972194848027604 144.449850 0.000000
1692972194848371203 144.425253 0.000000
1692972194993135781 144.756915 0.000000
1692972195065401427 144.640602 0.000000
1692972195282855503 144.654307 0.000000
1692972195365750122 144.555082 0.000000
1692972195583584999 144.723173 0.000000
1692972195863765693 145.011183 0.000000
1692972196008411316 144.626483 0.000000
1692972196080834967 144.551858 0.000000
1692972196515286573 144.559304 0.000000
1692972196525211258 144.643489 0.000000
1692972196660011758 144.695906 0.000000
1692972196660607168 144.901539 0.000000
1692972196732818455 144.574123 0.000000
1692972196877392969 144.695405 0.000000
1692972196950494649 144.859667 0.000000
1692972197094771443 144.923970 0.000000
1692972197249160260 144.524532 0.000000
1692972197249165589 144.461122 0.000000
1692972197312123360 144.625961 0.000000
1692972197312824032 144.556028 0.000000
1692972197321473575 144.501070 0.000000
1692972197457732610 144.892175 0.000000
1692972197457764986 144.828009 0.000000
1692972197466098925 144.610199 0.000000
1692972197466575769 144.435823 0.000000
1692972197674916684 144.784775 0.000000
1692972197828425906 144.610630 0.000000
1692972197900743645 144.671116 0.000000
1692972198036968070 144.682381 0.000000
1692972198045228592 144.423779 0.000000
1692972198117383982 144.465650 0.000000
1692972198182103241 144.646876 0.000000
1692972198182231785 144.539271 0.000000
1692972198334581813 144.489670 0.000000
1692972198407087407 144.554962 0.000000
1692972198697320575 144.481978 0.000000
1692972198841396603 144.671599 0.000000
1692972198913958273 144.641223 0.000000
1692972198979012508 144.725635 0.000000
1692972199130961143 144.573879 0.000000
1692972199204066847 144.508661 0.000000
1692972199268553229 144.689834 0.000000
1692972199268725385 144.666404 0.000000
1692972199275582768 144.569343 0.000000
1692972199413107798 144.544971 0.000000
1692972199485697341 144.647585 0.000000
1692972199485820728 144.720244 0.000000
1692972199493963226 144.665086 0.000000
1692972199565129543 144.755436 0.000000
1692972199702997646 144.558864 0.000000
1692972199775561515 144.729977 0.000000
1692972199848034286 144.508200 0.000000
1692972199854872960 144.818252 0.000000
1692972199928473952 144.511353 0.000000
1692972200137923721 144.575024 0.000000
1692972200210386803 144.862882 0.000000
1692972200289323566 144.607483 0.000000
1692972200428175775 144.671884 0.000000
1692972200434234662 144.616258 0.000000
1692972200645478281 144.606842 0.000000
1692972200718142922 144.690582 0.000000
1692972200869066343 144.607146 0.000000
1692972200941561261 144.586725 0.000000
1692972201007362395 144.467433 0.000000
1692972201013812530 144.461686 0.000000
1692972201158826521 144.732446 0.000000
1692972201297016848 144.703052 0.000000
1692972201375978943 144.578929 0.000000
1692972201441908204 144.707083 0.000000
1692972201447726410 144.493535 0.000000
1692972201520147207 144.382527 0.000000
1692972201587520247 144.829356 0.000000
1692972201660012681 144.974113 0.000000
1692972201732072905 145.151981 0.000000
1692972201736954927 144.497865 0.000000
1692972201804568010 144.531936 0.000000
1692972201805008630 144.800235 0.000000
1692972201949722152 144.480956 0.000000
1692972202026249155 144.356324 0.000000
1692972202094338441 144.456958 0.000000
1692972202098582219 144.387077 0.000000
1692972202166715480 144.725998 0.000000
1692972202311067844 144.657494 0.000000
1692972202311273252 144.543965 0.000000
1692972202383294725 144.621556 0.000000
1692972202383748000 144.513379 0.000000
1692972202456318319 144.617085 0.000000
1692972202460015254 144.470739 0.000000
1692972202532547429 144.934614 0.000000
1692972202600636548 144.582384 0.000000
1692972202749948029 144.564617 0.000000
1692972202817684132 144.574882 0.000000
1692972202963741858 144.558904 0.000000
1692972203107676503 144.655212 0.000000
1692972203325144660 144.705051 0.000000
1692972203470066872 144.421272 0.000000
1692972203542718013 145.091731 0.000000
1692972203690260756 144.469414 0.000000
1692972203763752040 144.431593 0.000000
1692972203832859187 145.017413 0.000000
1692972203836385129 144.513511 0.000000
1692972203977355392 144.474746 0.000000
1692972204050220538 144.616218 0.000000
1692972204125766156 144.657597 0.000000
1692972204267420678 144.725671 0.000000
1692972204267456238 144.629637 0.000000
1692972204267504534 144.500232 0.000000
1692972204270683533 144.595120 0.000000
1692972204628622214 144.763124 0.000000
1692972204705172549 144.572831 0.000000
1692972204774690826 144.514510 0.000000
1692972204774862000 144.743978 0.000000
1692972204921409016 144.485291 0.000000
1692972204922115049 144.544342 0.000000
1692972204993625148 144.472573 0.000000
1692972205135776754 144.573856 0.000000
1692972205210455850 144.483179 0.000000
1692972205356221717 144.456131 0.000000
1692972205643261540 144.838652 0.000000
1692972205644621694 144.657805 0.000000
1692972205645589466 144.600728 0.000000
1692972205717639339 144.440594 0.000000
1692972205934234697 144.567324 0.000000
1692972206079752072 144.582710 0.000000
1692972206223018963 144.728993 0.000000
1692972206296498617 145.388698 0.000000
1692972206296537948 144.891128 0.000000
1692972206441539967 144.572786 0.000000
1692972206441680614 144.602961 0.000000
1692972206512992153 144.719170 0.000000
1692972206658575524 144.612323 0.000000
1692972206659898512 144.711167 0.000000
1692972206731118339 144.509172 0.000000
1692972207454653706 144.657859 0.000000
1692972207600812663 144.629389 0.000000
1692972207817050065 144.579658 0.000000
1692972207962049229 144.915995 0.000000
1692972208180535478 144.464086 0.000000
1692972208251684442 144.649513 0.000000
1692972208253264653 144.455948 0.000000
1692972208325080538 144.471203 0.000000
1692972208468993497 144.764566 0.000000
1692972208470107629 144.970419 0.000000
1692972208904278293 144.515591 0.000000
1692972208904732575 144.467003 0.000000
1692972209050194532 144.492567 0.000000
1692972209121374000 144.663984 0.000000
1692972209194750609 144.667661 0.000000
1692972209266414624 144.789410 0.000000
1692972209412728737 144.734158 0.000000
1692972209483617518 144.605287 0.000000
1692972209484988437 144.661989 0.000000
1692972209629485332 144.482526 0.000000
1692972209702372362 144.672092 0.000000
1692972209773321705 144.610529 0.000000
1692972209846285524 144.502138 0.000000
1692972209918532746 144.557155 0.000000
1692972209991685529 144.666529 0.000000
1692972210136668027 144.479457 0.000000
1692972210353557462 144.891665 0.000000
1692972210861023723 144.491004 0.000000
1692972211005544340 144.799581 0.000000
1692972211078764823 144.773043 0.000000
1692972211367921711 144.775151 0.000000
1692972212020025373 144.674924 0.000000
1692972212092849422 144.462281 0.000000
1692972212454451201 144.628006 0.000000
1692972212455912159 144.543394 0.000000
1692972212527310532 144.695920 0.000000
1692972212599537307 144.772412 0.000000
1692972212673045673 144.592508 0.000000
1692972212745434471 144.535791 0.000000
1692972212818578710 144.732023 0.000000
1692972213034696681 144.849536 0.000000
1692972213107872813 145.086175 0.000000
1692972213180136769 144.489356 0.000000
1692972213180775354 145.191154 0.000000
1692972213181082008 145.349592 0.000000
1692972213252722187 144.808192 0.000000
1692972213614959431 144.618938 0.000000
1692972213615208401 144.566501 0.000000
1692972213759170369 144.648761 0.000000
1692972213759361634 144.621247 0.000000
1692972213760414839 144.588345 0.000000
1692972213832420573 144.669555 0.000000
1692972213903912869 144.726228 0.000000
1692972213905415820 144.572660 0.000000
1692972214048641931 144.704721 0.000000
1692972214049656932 144.426232 0.000000
1692972214194437487 144.669036 0.000000
1692972214266302222 144.598481 0.000000
1692972214266438855 144.530794 0.000000
1692972214628864486 144.822803 0.000000
1692972214918307146 144.647160 0.000000
1692972214918821167 144.577538 0.000000
1692972214920166386 145.024027 0.000000
1692972215280115851 144.504980 0.000000
1692972215281636884 144.428611 0.000000
1692972215282115417 144.915370 0.000000
1692972215497869295 144.568985 0.000000
1692972215570211770 144.527193 0.000000
1692972215716004427 144.490418 0.000000
1692972215860156913 144.586676 0.000000
1692972215933632839 144.430252 0.000000
1692972216077660738 144.964818 0.000000
1692972216077773921 144.918436 0.000000
1692972216295153110 144.745162 0.000000
1692972216440711094 144.514777 0.000000
1692972216584278897 144.745743 0.000000
1692972216584541944 144.964567 0.000000
1692972216584907980 144.726930 0.000000
1692972216657318126 144.747323 0.000000
1692972216657451105 144.457779 0.000000
1692972216658770414 144.620739 0.000000
1692972216729743237 145.182460 0.000000
1692972216803260818 145.596963 0.000000
1692972216948317120 144.832842 0.000000
1692972216948622771 144.729145 0.000000
1692972217020821118 144.724424 0.000000
1692972217091960542 144.654904 0.000000
1692972217093562849 144.608441 0.000000
1692972217165423415 144.485586 0.000000
1692972217237086914 144.653732 0.000000
1692972217238496713 144.738299 0.000000
1692972217383543849 145.035439 0.000000
1692972217383575753 144.877226 0.000000
1692972217455209797 144.698090 0.000000
1692972217527454242 144.752922 0.000000
1692972217528090301 144.475437 0.000000
1692972217671689340 144.689830 0.000000
1692972217672364285 144.564018 0.000000
1692972217672825593 144.594584 0.000000
1692972217745052426 144.867869 0.000000
1692972217745075825 144.742046 0.000000
1692972217889079500 144.692803 0.000000
1692972217962486403 144.559909 0.000000
1692972217962491295 144.736820 0.000000
1692972217963045488 144.431404 0.000000
1692972218251623966 144.559972 0.000000
1692972218251817857 144.352679 0.000000
1692972218397462712 144.544900 0.000000
1692972218831426399 144.902262 0.000000
1692972218976020353 144.579682 0.000000
1692972218977529253 144.700562 0.000000
1692972219048004034 144.789685 0.000000
1692972219193115088 144.706218 0.000000
1692972219339654636 144.584971 0.000000
1692972219411213938 144.594223 0.000000
1692972219412231169 144.486397 0.000000
1692972219555797035 144.526085 0.000000
1692972219556117065 144.793872 0.000000
1692972219627513784 144.713371 0.000000
1692972219629306609 144.664847 0.000000
1692972219700828780 144.677777 0.000000
1692972219774452425 144.778165 0.000000
1692972219845896389 144.523810 0.000000
1692972219990262857 144.514969 0.000000
1692972219991615413 144.594598 0.000000
1692972220062174774 144.706608 0.000000
1692972220134852556 144.906036 0.000000
1692972220135178700 144.865932 0.000000
1692972220137120507 145.057482 0.000000
1692972220281005482 144.563282 0.000000
1692972220281989591 145.350885 0.000000
1692972220352343173 144.812347 0.000000
1692972220425695148 144.662323 0.000000
1692972220571235294 144.411169 0.000000
1692972220571647122 144.533188 0.000000
1692972220788908379 144.638918 0.000000
1692972220861244157 144.707599 0.000000
1692972220933092981 145.000048 0.000000
1692972221006255827 145.025933 0.000000
1692972221006622285 145.099239 0.000000
1692972221006675057 145.063936 0.000000
1692972221296083354 145.120694 0.000000
1692972221296134272 144.987507 0.000000
1692972221367145802 144.742186 0.000000
1692972221368916391 145.026598 0.000000
1692972221368971378 144.875402 0.000000
1692972221513553612 144.595845 0.000000
1692972221585354549 144.495576 0.000000
1692972221586377754 144.709445 0.000000
1692972221658302264 144.587110 0.000000
1692972221802408873 144.703346 0.000000
1692972221803697783 144.557420 0.000000
1692972222164180811 144.722480 0.000000
1692972222382221472 145.048511 0.000000
1692972222382254694 144.842903 0.000000
1692972222454942047 144.668354 0.000000
1692972222598614171 144.944489 0.000000
1692972222600236029 144.965819 0.000000
1692972222671289867 144.524312 0.000000
1692972222818054785 145.101890 0.000000
1692972222888541233 144.791639 0.000000
1692972223180234980 144.694766 0.000000
1692972223251864381 144.750229 0.000000
1692972223395871582 144.522193 0.000000
1692972223396908368 144.775469 0.000000
1692972223614270944 144.655935 0.000000
1692972223614624767 144.581662 0.000000
1692972223686756541 144.603608 0.000000
1692972223903416056 144.867964 0.000000
1692972223903786984 144.607237 0.000000
1692972223976424429 144.948275 0.000000
1692972224193751389 144.544353 0.000000
1692972224194257591 144.803671 0.000000
1692972224265877092 144.906405 0.000000
1692972224266630379 144.488257 0.000000
1692972224339466740 144.669028 0.000000
1692972224410605193 144.634031 0.000000
1692972224483338648 144.713802 0.000000
1692972224555094747 144.533482 0.000000
1692972224556438748 144.941641 0.000000
1692972224628883368 144.815569 0.000000
1692972224773756706 144.823673 0.000000
1692972224991692461 144.522212 0.000000
1692972225062678126 144.600381 0.000000
1692972225134731370 144.648222 0.000000
1692972225135611020 144.423935 0.000000
1692972225136148841 144.469967 0.000000
1692972225279426786 144.673575 0.000000
1692972225351888459 144.627985 0.000000
1692972225425887619 144.933446 0.000000
1692972225570172956 144.467100 0.000000
1692972225642716159 144.550198 0.000000
1692972225715638714 144.450642 0.000000
1692972225786760301 144.867247 0.000000
1692972225860216121 144.811867 0.000000
1692972225931868983 144.824076 0.000000
1692972226005005521 144.774320 0.000000
1692972226076817342 144.853828 0.000000
1692972226150229324 144.866737 0.000000
1692972226294133049 144.552084 0.000000
1692972226295819271 144.826881 0.000000
1692972226366833518 144.748497 0.000000
1692972226512151525 144.961548 0.000000
1692972226512438859 144.984407 0.000000
1692972226729166775 144.795537 0.000000
1692972226729923345 144.915419 0.000000
1692972226801791858 144.547345 0.000000
1692972226802151290 144.705528 0.000000
1692972226802454113 144.632939 0.000000
1692972226802841880 144.920838 0.000000
1692972226946940390 144.663596 0.000000
1692972227020270873 144.888979 0.000000
1692972227091146765 144.713911 0.000000
1692972227091506271 144.715915 0.000000
1692972227237284716 144.733273 0.000000
1692972227309938864 144.723010 0.000000
1692972227310232071 144.827167 0.000000
1692972227382752408 144.825294 0.000000
1692972227455238325 144.512295 0.000000
1692972227527487717 144.493837 0.000000
1692972227598433407 144.863447 0.000000
1692972227670762770 144.846057 0.000000
1692972227672132078 144.489935 0.000000
1692972227744560254 144.554230 0.000000
1692972227889551982 144.879639 0.000000
1692972228033955403 144.608559 0.000000
1692972228034353685 144.636639 0.000000
1692972228178903409 144.716934 0.000000
1692972228251464600 144.734920 0.000000
1692972228324473065 144.743931 0.000000
1692972228830684006 144.872049 0.000000
1692972228830898154 144.754541 0.000000
1692972228831003098 144.649247 0.000000
1692972228976017057 144.662254 0.000000
1692972228976595227 144.529918 0.000000
1692972229048781159 144.850479 0.000000
1692972229120043993 144.661557 0.000000
1692972229265922469 144.998029 0.000000
1692972229339237341 144.831848 0.000000
1692972229411921612 145.045269 0.000000
1692972229484044612 144.769599 0.000000
1692972229484122418 144.612669 0.000000
1692972229627167591 144.810553 0.000000
1692972229629046787 144.593143 0.000000
1692972229700744583 144.575622 0.000000
1692972229773039473 144.571046 0.000000
1692972229773574297 144.464479 0.000000
1692972229918275190 144.896458 0.000000
1692972229989610573 144.707949 0.000000
1692972229990370079 144.614020 0.000000
1692972229990826616 144.654309 0.000000
1692972230062364990 144.721960 0.000000
1692972230134555136 144.920032 0.000000
1692972230280632493 144.732293 0.000000
1692972230280736219 144.805139 0.000000
1692972230642091515 144.715650 0.000000
1692972230643716830 145.071588 0.000000
1692972230715280356 144.472445 0.000000
1692972230860405201 144.366496 0.000000
1692972230932168185 144.963126 0.000000
1692972230933066765 144.567915 0.000000
1692972231005896899 145.055012 0.000000
1692972231077699025 144.712451 0.000000
1692972231078359384 144.913882 0.000000
1692972231223322213 144.495835 0.000000
1692972231584304700 144.782789 0.000000
1692972231585346859 144.594581 0.000000
1692972231874234875 144.672382 0.000000
1692972231948253186 144.680230 0.000000
1692972232019641620 144.563663 0.000000
1692972232091398995 144.632076 0.000000
1692972232163986777 144.664836 0.000000
1692972232237225864 144.494371 0.000000
1692972232309099470 145.001213 0.000000
1692972232310538933 144.637658 0.000000
1692972232381744917 144.499472 0.000000
1692972232599210851 144.664150 0.000000
1692972232599477607 144.702809 0.000000
1692972232743916081 144.697352 0.000000
1692972232817862659 144.865729 0.000000
1692972232889682856 144.701483 0.000000
1692972232961888294 144.607658 0.000000
1692972233108300873 144.493461 0.000000
1692972233251103771 144.730356 0.000000
1692972233468795347 144.952843 0.000000
1692972233613356334 144.636072 0.000000
1692972233686635678 144.472562 0.000000
1692972233687515200 144.705454 0.000000
1692972233830769271 144.656230 0.000000
1692972233830788477 144.618832 0.000000
1692972233831831726 144.662607 0.000000
1692972233903186320 144.908030 0.000000
1692972233903401847 144.760456 0.000000
1692972234120501799 144.700560 0.000000
1692972234265790997 144.665266 0.000000
1692972234266730763 145.008134 0.000000
1692972234410255967 144.651630 0.000000
1692972234410775031 144.635789 0.000000
1692972234411887703 144.497617 0.000000
1692972234556712156 144.685506 0.000000
1692972234628453452 144.531541 0.000000
1692972234699933445 144.665669 0.000000
1692972234917172263 144.648378 0.000000
1692972234918864559 144.723392 0.000000
1692972234989725247 144.736031 0.000000
1692972234990990860 144.644468 0.000000
1692972234991240531 144.844800 0.000000
1692972235063856801 144.770235 0.000000
1692972235497355984 144.618821 0.000000
1692972235571166236 144.674797 0.000000
1692972235643178224 144.478756 0.000000
1692972235714750566 144.793002 0.000000
1692972235787449233 144.742420 0.000000
1692972235787641099 144.817354 0.000000
1692972235931513780 144.752352 0.000000
1692972235931625640 144.724066 0.000000
1692972236005058088 144.668527 0.000000
1692972236222364240 144.616418 0.000000
1692972236223216702 145.333525 0.000000
1692972236293827847 144.809677 0.000000
1692972236440166215 144.584640 0.000000
1692972236440631638 144.615757 0.000000
1692972236585900007 144.588624 0.000000
1692972236657258956 144.582284 0.000000
1692972236801193288 144.642855 0.000000
1692972236946080566 144.866830 0.000000
1692972236946124348 144.643681 0.000000
1692972237165426284 144.951951 0.000000
1692972237380702536 144.606422 0.000000
1692972237382179241 144.476059 0.000000
1692972237527643723 144.444867 0.000000
1692972237670780108 144.780146 0.000000
1692972237671397909 144.491625 0.000000
1692972237744208553 144.554006 0.000000
1692972237744454545 144.491489 0.000000
1692972237816903232 144.554973 0.000000
1692972237888822868 145.000426 0.000000
1692972238035134281 144.984167 0.000000
1692972238107542838 145.441803 0.000000
1692972238251353482 144.636996 0.000000
1692972238324657908 144.728594 0.000000
1692972238469770971 144.668790 0.000000
1692972238540933977 144.709620 0.000000
1692972238614897090 144.877144 0.000000
1692972238687163576 144.951357 0.000000
1692972238831399805 144.791741 0.000000
1692972238904676242 144.713659 0.000000
1692972239121756483 144.531985 0.000000
1692972239194877757 144.730465 0.000000
1692972239411219309 144.679612 0.000000
1692972239411487036 144.758280 0.000000
1692972239555291695 144.531533 0.000000
1692972239629031662 144.670371 0.000000
1692972239701402084 144.610166 0.000000
1692972239774113239 144.761001 0.000000
1692972239845248454 144.556621 0.000000
1692972239917571135 144.740975 0.000000
1692972240063717554 144.672317 0.000000
1692972240063939486 144.757415 0.000000
1692972240064117653 144.951453 0.000000
1692972240207010538 144.498856 0.000000
1692972240569079358 144.553095 0.000000
1692972240715449427 144.749302 0.000000
1692972240715480240 144.598556 0.000000
1692972240715495596 144.676662 0.000000
1692972240860093231 144.639187 0.000000
1692972241004451834 144.758984 0.000000
1692972241004869273 144.899605 0.000000
1692972241005348009 145.197890 0.000000
1692972241150636376 144.638757 0.000000
1692972241293882896 144.702120 0.000000
1692972241366163406 144.693530 0.000000
1692972241440701543 144.797206 0.000000
1692972241585503850 144.698160 0.000000
1692972241656403606 145.183346 0.000000
1692972241657812458 144.585249 0.000000
1692972241728796702 144.691360 0.000000
1692972241730398898 144.630553 0.000000
1692972242018732180 144.643211 0.000000
1692972242092956019 144.767399 0.000000
1692972242163855307 144.741654 0.000000
1692972242165061031 144.654868 0.000000
1692972242382791141 144.797017 0.000000
1692972242454848366 144.972932 0.000000
1692972242455228375 144.835397 0.000000
1692972242527780922 144.632374 0.000000
1692972242673013688 144.808960 0.000000
1692972242815950204 144.702967 0.000000
1692972242817863005 144.602130 0.000000
1692972242890479062 144.862529 0.000000
1692972243395851822 144.731367 0.000000
1692972243832364467 144.656268 0.000000
1692972244050203230 144.872676 0.000000
1692972244194750476 144.911353 0.000000
1692972244265930725 144.643090 0.000000
1692972244266167701 144.447551 0.000000
1692972244411544462 144.415866 0.000000
1692972244484534515 144.569820 0.000000
1692972244556719088 144.543529 0.000000
1692972244700446485 144.770020 0.000000
1692972244773829358 144.701611 0.000000
1692972244845344220 144.454782 0.000000
1692972244918316958 144.526233 0.000000
1692972244918473586 144.637351 0.000000
1692972244990905820 145.097642 0.000000
1692972245134807544 144.760451 0.000000
1692972245135215749 144.782407 0.000000
1692972245135272982 144.706365 0.000000
1692972245208610796 144.467183 0.000000
1692972245281102473 144.715225 0.000000
1692972245352427547 144.600077 0.000000
1692972245354030088 145.404945 0.000000
1692972245426051612 144.517345 0.000000
1692972245569649122 144.626569 0.000000
1692972245570703614 144.609063 0.000000
1692972245714723572 144.777580 0.000000
1692972245863685749 148.191660 0.000000
1692972246008353182 144.622668 0.000000
1692972246081043340 144.513895 0.000000
1692972246227165664 144.675496 0.000000
1692972246299738739 144.848202 0.000000
1692972246373113738 144.429603 0.000000
1692972246516863571 144.497287 0.000000
1692972246590424929 144.767203 0.000000
1692972246734006305 144.666870 0.000000
1692972246879811381 144.477193 0.000000
1692972246950440811 144.809667 0.000000
1692972247023731419 144.651904 0.000000
1692972247096383261 144.713266 0.000000
1692972247168276128 144.530009 0.000000
1692972247603607394 144.660037 0.000000
1692972247747783305 144.665685 0.000000
1692972247820771714 144.386596 0.000000
1692972247821715865 144.575335 0.000000
1692972247892331798 144.593336 0.000000
1692972248762535245 144.753416 0.000000
1692972248762602797 144.911964 0.000000
1692972248834881650 144.815130 0.000000
1692972248907252097 144.709284 0.000000
1692972248908167270 144.648523 0.000000
1692972248979933486 144.676362 0.000000
1692972248980349167 144.614023 0.000000
1692972248980573569 144.686400 0.000000
1692972249342420642 144.983117 0.000000
1692972249631894077 144.687906 0.000000
1692972249632336425 144.630934 0.000000
1692972249704110934 144.544307 0.000000
1692972249921658939 144.970609 0.000000
1692972249922230814 144.543385 0.000000
1692972250139200091 144.857498 0.000000
1692972250211598745 144.909073 0.000000
1692972250213001257 144.863457 0.000000
1692972250356415554 144.875571 0.000000
1692972250356419754 144.838935 0.000000
1692972250429980770 144.564928 0.000000
1692972250501324803 144.725215 0.000000
1692972250574938863 144.504377 0.000000
1692972250646335938 144.917132 0.000000
1692972250719988197 145.040694 0.000000
1692972250792463520 144.783737 0.000000
1692972250864171593 144.625253 0.000000
1692972251008835060 144.855424 0.000000
1692972251010069756 144.770301 0.000000
1692972251227522802 144.719455 0.000000
1692972251589286253 144.703944 0.000000
1692972251661809917 144.732210 0.000000
1692972251732924072 144.588661 0.000000
1692972251805342125 144.582491 0.000000
1692972251879531648 144.642116 0.000000
1692972251951254237 144.592677 0.000000
1692972251951868818 144.801972 0.000000
1692972252096409476 144.522982 0.000000
1692972252169122679 144.501871 0.000000
1692972252241086028 145.241592 0.000000
1692972252385944860 144.668253 0.000000
1692972252457380732 144.563920 0.000000
1692972252457466772 144.506166 0.000000
1692972252531521951 144.690369 0.000000
1692972252603875638 145.003103 0.000000
1692972252674580005 144.798611 0.000000
1692972252747210019 144.719925 0.000000
1692972252749238025 144.849244 0.000000
1692972252819445091 144.658130 0.000000
1692972252893055245 144.670338 0.000000
1692972252966120923 144.476327 0.000000
1692972253109357239 144.732837 0.000000
1692972253111569549 144.494678 0.000000
1692972253255087058 144.452043 0.000000
1692972253256459284 144.529323 0.000000
1692972253401151491 144.501173 0.000000
1692972253473615203 144.528721 0.000000
1692972253544639798 145.412036 0.000000
1692972253544786956 145.104616 0.000000
1692972253545780827 144.622901 0.000000
1692972253690312740 144.515244 0.000000
1692972253761783408 144.653337 0.000000
1692972253835093046 144.661825 0.000000
1692972253835769259 144.771105 0.000000
1692972253906882841 144.533272 0.000000
1692972253907690695 144.604838 0.000000
1692972254051853690 144.421311 0.000000
1692972254052482101 144.655620 0.000000
1692972254124520879 144.531085 0.000000
1692972254342823866 144.773058 0.000000
1692972254342850788 144.701195 0.000000
1692972254560044140 144.648232 0.000000
1692972254631306281 144.549737 0.000000
1692972254631711192 144.643140 0.000000
1692972254704875498 144.610991 0.000000
1692972254777305660 145.043221 0.000000
1692972254921061146 144.858080 0.000000
1692972254993531431 144.651690 0.000000
1692972254993581458 144.819816 0.000000
1692972255065508449 144.735638 0.000000
1692972255212193019 144.568255 0.000000
1692972255284654774 144.659190 0.000000
1692972255429596872 144.912865 0.000000
1692972255500463286 144.665464 0.000000
1692972255500778489 144.492312 0.000000
1692972255574506263 144.446425 0.000000
1692972255646936289 144.577886 0.000000
1692972255790901941 144.824093 0.000000
1692972255791780384 144.703884 0.000000
1692972255863480442 144.616951 0.000000
1692972255935572452 144.662166 0.000000
1692972255936361226 144.557368 0.000000
1692972255936513290 144.591853 0.000000
1692972256226812256 144.667642 0.000000
1692972256298677357 144.793546 0.000000
1692972256369747098 144.750985 0.000000
1692972256443850048 144.431111 0.000000
1692972256589486784 144.589656 0.000000
1692972256661163492 144.437116 0.000000
1692972256733035258 144.361755 0.000000
1692972256876935897 144.805929 0.000000
1692972256878612816 144.475005 0.000000
1692972256951097198 144.575308 0.000000
1692972257021633483 144.673856 0.000000
1692972257094309609 144.624721 0.000000
1692972257166558987 144.472566 0.000000
1692972257238660101 144.565457 0.000000
1692972257383782955 144.408733 0.000000
1692972257385191796 144.528281 0.000000
1692972257457988116 144.564340 0.000000
1692972257602902223 144.952407 0.000000
1692972257818655481 144.575175 0.000000
1692972257818781564 144.655346 0.000000
1692972257818883360 144.566304 0.000000
1692972257891408450 144.526260 0.000000
1692972257892378180 144.494459 0.000000
1692972257892597515 144.527249 0.000000
1692972257963254405 144.708545 0.000000
1692972258036839585 144.447091 0.000000
1692972258254309540 144.872143 0.000000
1692972258326759037 144.861217 0.000000
1692972258399398983 144.935871 0.000000
1692972258471386477 144.612946 0.000000
1692972258617151435 144.774280 0.000000
1692972258688151563 144.822848 0.000000
1692972258761771853 144.583011 0.000000
1692972258832755101 144.666589 0.000000
1692972258833501421 144.833438 0.000000
1692972258906163288 145.031548 0.000000
1692972258906474015 144.527059 0.000000
1692972259051256790 144.963329 0.000000
1692972259051692247 145.135109 0.000000
1692972259123852912 144.838759 0.000000
1692972259486387016 144.590165 0.000000
1692972259629953876 144.661711 0.000000
1692972259630926121 144.550683 0.000000
1692972259704079154 144.487636 0.000000
1692972259992663743 144.710855 0.000000
1692972260065517499 144.603320 0.000000
1692972260139439784 144.646248 0.000000
1692972260210090867 144.537179 0.000000
1692972260355128986 144.874985 0.000000
1692972260429214315 144.777874 0.000000
1692972260573897173 144.448007 0.000000
1692972260789900926 144.832030 0.000000
1692972260789992449 144.789812 0.000000
1692972261226468364 144.716925 0.000000
1692972261297954848 144.516157 0.000000
1692972261371210642 144.687411 0.000000
1692972261443921950 144.759905 0.000000
1692972261588905454 144.712410 0.000000
1692972261733857867 145.323686 0.000000
1692972261733904515 145.321079 0.000000
1692972261733974312 145.145517 0.000000
1692972261734137221 145.068517 0.000000
1692972262022181765 144.657341 0.000000
1692972262096103631 144.679351 0.000000
1692972262096595811 144.811062 0.000000
1692972262169354668 144.826447 0.000000
1692972262239323633 144.589697 0.000000
1692972262239688416 144.580345 0.000000
1692972262383994017 144.648328 0.000000
1692972262386819998 144.711230 0.000000
1692972262531496742 144.711028 0.000000
1692972262674088267 144.503301 0.000000
1692972262675352632 144.521450 0.000000
1692972262675757283 144.420435 0.000000
1692972262747355106 144.405743 0.000000
1692972262963473094 144.733541 0.000000
1692972263109301259 144.647550 0.000000
1692972263400093622 144.511146 0.000000
1692972263472348095 144.756728 0.000000
1692972263472423300 144.602358 0.000000
1692972263617227333 144.851117 0.000000
1692972263761704961 144.604289 0.000000
1692972263834655679 144.527595 0.000000
1692972263977978101 144.618537 0.000000
1692972264051118769 144.521444 0.000000
1692972264267692599 144.725157 0.000000
1692972264412651043 144.703135 0.000000
1692972264413527426 144.676409 0.000000
1692972264413961270 144.517864 0.000000
1692972264559157557 144.493432 0.000000
1692972264775296386 144.567089 0.000000
1692972265064144463 144.580118 0.000000
1692972265210143380 144.666523 0.000000
1692972265353517441 144.559244 0.000000
1692972265355066623 144.712046 0.000000
1692972265426992156 144.532417 0.000000
1692972265427747487 144.782593 0.000000
1692972265643627971 144.429117 0.000000
1692972265644039533 144.460800 0.000000
1692972265645065213 144.551366 0.000000
1692972265717375048 144.658359 0.000000
1692972265788018923 144.690900 0.000000
1692972265789303105 144.672838 0.000000
1692972265861674212 144.692774 0.000000
1692972266006241745 144.522188 0.000000
1692972266007106245 144.607612 0.000000
1692972266078763716 144.687085 0.000000
1692972266149886094 144.602391 0.000000
1692972266150697826 144.441672 0.000000
1692972266222466862 144.568989 0.000000
1692972266222653236 144.420965 0.000000
1692972266368538831 144.465568 0.000000
1692972266512124032 144.748096 0.000000
1692972266512856435 144.517389 0.000000
1692972266584770023 144.626102 0.000000
1692972266657486486 144.580290 0.000000
1692972266658120666 144.464601 0.000000
1692972266729841259 144.780090 0.000000
1692972266729876672 144.719399 0.000000
1692972266802692547 144.561717 0.000000
1692972266802892436 144.556360 0.000000
1692972267092162039 144.557551 0.000000
1692972267164746379 144.834564 0.000000
1692972267310985936 145.012062 0.000000
1692972267381598888 144.696714 0.000000
1692972267383465342 144.856777 0.000000
1692972267454901984 144.920694 0.000000
1692972267600452402 144.796165 0.000000
1692972267672784642 144.523251 0.000000
1692972267817081797 144.733444 0.000000
1692972267888988742 144.560111 0.000000
1692972268035244651 144.857617 0.000000
1692972268106679678 144.579139 0.000000
1692972268251690896 144.767491 0.000000
1692972268252007672 144.718091 0.000000
1692972268323708177 144.666216 0.000000
1692972268396852117 144.588139 0.000000
1692972268686791669 144.644304 0.000000
1692972268687805882 144.890180 0.000000
1692972268832862300 144.599615 0.000000
1692972268833264580 144.798257 0.000000
1692972268903152425 144.636677 0.000000
1692972268903535145 144.488021 0.000000
1692972268904633779 144.495088 0.000000
1692972268905350706 144.853280 0.000000
1692972269048475853 144.511882 0.000000
1692972269049243333 144.585207 0.000000
1692972269265289063 144.745322 0.000000
1692972269265766002 144.472729 0.000000
1692972269340278498 144.541795 0.000000
1692972269411303370 144.564416 0.000000
1692972269482839596 144.558377 0.000000
1692972269554997583 144.684621 0.000000
1692972269627948042 144.510661 0.000000
1692972269628698838 144.583315 0.000000
1692972269629739603 144.601658 0.000000
1692972269772273950 144.557606 0.000000
1692972269845147586 144.436249 0.000000
1692972269917805670 144.413240 0.000000
1692972270207867022 144.589076 0.000000
1692972270208720767 144.537582 0.000000
1692972270352222230 144.868957 0.000000
1692972270352807160 144.997436 0.000000
1692972270353325600 144.582907 0.000000
1692972270570495852 144.440656 0.000000
1692972270642860252 144.759848 0.000000
1692972270714250242 144.679372 0.000000
1692972270714395555 144.698496 0.000000
1692972270932226261 144.587643 0.000000
1692972271004497265 144.733377 0.000000
1692972271149317608 144.755466 0.000000
1692972271149558648 144.800311 0.000000
1692972271294955800 144.759029 0.000000
1692972271512381302 144.997353 0.000000
1692972271730003350 144.406309 0.000000
1692972271801880648 144.478387 0.000000
1692972271946988838 144.912225 0.000000
1692972272091563071 144.705007 0.000000
1692972272237234926 144.801492 0.000000
1692972272238308157 144.872446 0.000000
1692972272310937792 144.672907 0.000000
1692972272383016070 144.502510 0.000000
1692972272672507772 144.660372 0.000000
1692972272963115581 144.985769 0.000000
1692972273033947781 144.764700 0.000000
1692972273035696763 144.606472 0.000000
1692972273106523490 144.610545 0.000000
1692972273180645899 144.782258 0.000000
1692972273324004513 144.477936 0.000000
1692972273397581830 144.390989 0.000000
1692972273688096036 145.013346 0.000000
1692972273688265094 145.114908 0.000000
1692972274122270019 144.669179 0.000000
1692972274195112261 144.786120 0.000000
1692972274267321236 144.762140 0.000000
1692972274267527315 144.745752 0.000000
1692972274483840840 144.670537 0.000000
1692972274628609606 144.689507 0.000000
1692972274628687146 144.645775 0.000000
1692972274630704171 144.853733 0.000000
1692972274702939391 144.679221 0.000000
1692972274775324982 144.612401 0.000000
1692972274991200023 145.046445 0.000000
1692972275063717764 144.614951 0.000000
1692972275063929582 144.489685 0.000000
1692972275281164963 144.514276 0.000000
1692972275353573606 144.485134 0.000000
1692972275425811291 144.634225 0.000000
1692972275426173323 144.541840 0.000000
1692972275643569164 144.640740 0.000000
1692972275643845695 144.601795 0.000000
1692972275788074026 144.584700 0.000000
1692972275788993263 144.620722 0.000000
1692972275860636521 144.788077 0.000000
1692972275862140403 144.740695 0.000000
1692972275933154283 144.554138 0.000000
1692972276151252843 144.716339 0.000000
1692972276367693793 144.979886 0.000000
1692972276440281942 144.704742 0.000000
1692972276441376653 144.755033 0.000000
1692972276586380319 144.989614 0.000000
1692972276657883566 144.915212 0.000000
1692972276659250309 144.872202 0.000000
1692972276730095446 144.796330 0.000000
1692972276875868256 144.639771 0.000000
1692972276948562762 144.517602 0.000000
1692972277021236525 144.926853 0.000000
1692972277093143750 144.556646 0.000000
1692972277093983753 144.549068 0.000000
1692972277166358510 144.741951 0.000000
1692972277238142393 144.568047 0.000000
1692972277456956056 144.930530 0.000000
1692972277601485744 144.517324 0.000000
1692972277601521231 144.581939 0.000000
1692972277672912498 144.638474 0.000000
1692972277890203781 144.712132 0.000000
1692972278035951028 144.848829 0.000000
1692972278109599035 144.597549 0.000000
1692972278109747866 144.488751 0.000000
1692972278254566047 144.570350 0.000000
1692972278325715018 144.827326 0.000000
1692972278398753126 144.377697 0.000000
1692972278399665883 144.762090 0.000000
1692972278544444417 145.282260 0.000000
1692972278544857447 145.229622 0.000000
1692972278689727845 144.808764 0.000000
1692972278689889491 144.980549 0.000000
1692972278832825045 144.649063 0.000000
1692972278906860767 144.679258 0.000000
1692972278978109074 144.510726 0.000000
1692972278979188689 144.699209 0.000000
1692972279123683862 144.449030 0.000000
1692972279268267436 144.561192 0.000000
1692972279268924729 144.619798 0.000000
1692972279269990808 144.626213 0.000000
1692972279342215053 144.471538 0.000000
1692972279557657656 144.833346 0.000000
1692972279557684188 144.692957 0.000000
1692972279702409942 144.718326 0.000000
1692972279702566290 144.705568 0.000000
1692972279775545901 144.427616 0.000000
1692972279848734054 144.500478 0.000000
1692972279849257338 144.581167 0.000000
1692972279994095845 144.545419 0.000000
1692972280209845274 144.760002 0.000000
1692972280355203521 145.034855 0.000000
1692972280499882800 144.623916 0.000000
1692972280500325735 144.617029 0.000000
1692972280572772160 144.864575 0.000000
1692972281080548810 145.061110 0.000000
1692972281080884275 144.872581 0.000000
1692972281153407077 144.756381 0.000000
1692972281225213558 144.378717 0.000000
1692972281443371609 144.578923 0.000000
1692972281514399355 144.811218 0.000000
1692972281659865014 144.752411 0.000000
1692972281805676684 144.551425 0.000000
1692972281805850438 144.617764 0.000000
1692972281951192636 145.043764 0.000000
1692972282166529339 144.760849 0.000000
1692972282168048526 144.710817 0.000000
1692972282313425508 144.602055 0.000000
1692972282384311914 144.666620 0.000000
1692972282385648637 144.430807 0.000000
1692972282456438313 144.476984 0.000000
1692972282457232168 144.608425 0.000000
1692972282457675624 144.474804 0.000000
1692972282530061837 144.911034 0.000000
1692972282530253157 145.076413 0.000000
1692972282673883934 144.825850 0.000000
1692972282674436850 144.399760 0.000000
1692972282964671109 144.573233 0.000000
1692972282965472402 144.586444 0.000000
1692972283109018746 144.757285 0.000000
1692972283109540419 144.847113 0.000000
1692972283543794282 144.951621 0.000000
1692972283545461789 144.813679 0.000000
1692972283690169673 144.728678 0.000000
1692972283833405679 144.686769 0.000000
1692972283835354024 144.636351 0.000000
1692972283906893132 144.709091 0.000000
1692972284052199772 144.800824 0.000000
1692972284197588536 144.854808 0.000000
1692972284413116102 144.727472 0.000000
1692972284413421883 144.720712 0.000000
1692972284487595669 144.604647 0.000000
1692972284558061350 144.647782 0.000000
1692972284630758233 144.729767 0.000000
1692972284631622582 144.424623 0.000000
1692972284632632611 145.053680 0.000000
1692972284703622801 144.946947 0.000000
1692972284775942016 145.171936 0.000000
1692972284777632136 144.794093 0.000000
1692972285066751162 144.768681 0.000000
1692972285067083440 144.777322 0.000000
1692972285138418160 144.573046 0.000000
1692972285139320452 145.032346 0.000000
1692972285285028523 144.787239 0.000000
1692972285356361995 144.595048 0.000000
1692972285356936155 144.675214 0.000000
1692972285428403719 144.487316 0.000000
1692972285430112186 144.887527 0.000000
1692972285573964331 144.490955 0.000000
1692972285647233122 144.377812 0.000000
1692972285790379377 144.628136 0.000000
1692972285937067469 144.474762 0.000000
1692972286152189946 144.630181 0.000000
1692972286154139258 144.554972 0.000000
1692972286226437738 144.681576 0.000000
1692972286226988744 145.032367 0.000000
1692972286297862837 144.856883 0.000000
1692972286516116192 144.840671 0.000000
1692972286659491492 144.731402 0.000000
1692972286804248172 144.731858 0.000000
1692972286805152239 144.476284 0.000000
1692972286805600511 144.414786 0.000000
1692972286877742623 144.562329 0.000000
1692972286949824961 144.441333 0.000000
1692972287166827751 144.960953 0.000000
1692972287167065108 144.924504 0.000000
1692972287456715598 144.625237 0.000000
1692972287820083391 144.447315 0.000000
1692972287964527318 144.429027 0.000000
1692972288036925002 144.641901 0.000000
1692972288110452883 144.513963 0.000000
1692972288182055788 145.013413 0.000000
1692972288253955909 144.760756 0.000000
1692972288255756280 144.859415 0.000000
1692972288544562739 144.595482 0.000000
1692972288544588644 144.599852 0.000000
1692972288690164395 144.889680 0.000000
1692972288907473138 144.786572 0.000000
1692972289051433242 144.694830 0.000000
1692972289196225063 144.584023 0.000000
1692972289340954805 144.721808 0.000000
1692972289414933362 144.968652 0.000000
1692972289486188568 145.215923 0.000000
1692972289486228115 145.134418 0.000000
1692972289486588135 144.683372 0.000000
1692972289558845182 145.008374 0.000000
1692972289703467824 144.598893 0.000000
1692972289704513937 144.996221 0.000000
1692972289704948241 145.408279 0.000000
1692972289775501896 144.614153 0.000000
1692972289848495689 144.699200 0.000000
1692972289849368548 144.500073 0.000000
1692972289920076928 144.550781 0.000000
1692972289993797080 145.127955 0.000000
1692972289993950426 144.870571 0.000000
1692972290356993729 144.837419 0.000000
1692972290427299542 144.741823 0.000000
1692972290428245190 144.618050 0.000000
1692972290428369169 144.657572 0.000000
1692972290645960984 144.414827 0.000000
1692972290791558811 144.531865 0.000000
1692972290862054300 144.696052 0.000000
1692972291007412300 144.694844 0.000000
1692972291009133086 144.910465 0.000000
1692972291081453436 144.700164 0.000000
1692972291152383890 144.503767 0.000000
1692972291153577119 144.436721 0.000000
1692972291153915330 144.455379 0.000000
1692972291224416656 144.661394 0.000000
1692972291369641920 144.927807 0.000000
1692972291370645463 145.008435 0.000000
1692972291443421334 144.841751 0.000000
1692972291516153481 144.418357 0.000000
1692972291586859429 144.760696 0.000000
1692972291587880858 144.454214 0.000000
1692972291588110639 144.378664 0.000000
1692972291659430239 144.690000 0.000000
1692972291661094137 144.760494 0.000000
1692972291661149903 144.753894 0.000000
1692972291731673952 144.736929 0.000000
1692972291731985501 144.743112 0.000000
1692972291732454426 144.557288 0.000000
1692972291877472534 144.723348 0.000000
1692972291950591541 144.765596 0.000000
1692972292240397939 144.914580 0.000000
1692972292384765652 144.834013 0.000000
1692972292385696066 144.827393 0.000000
1692972292457266611 144.990035 0.000000
1692972292675076051 145.003066 0.000000
1692972292676146806 144.863782 0.000000
1692972292746947903 144.707689 0.000000
1692972292892358365 144.738962 0.000000
1692972292893679281 144.613625 0.000000
1692972293038174887 144.693851 0.000000
1692972293038633137 144.991629 0.000000
1692972293109376624 144.750231 0.000000
1692972293110542695 144.825972 0.000000
1692972293182664817 144.557913 0.000000
1692972293473359510 144.814822 0.000000
