1692972145188638357 76.298750 210.215736 203 16 0.000000
1692972146201565997 78.332613 203.370911 206 16 0.000000
1692972147214287921 78.331758 204.399644 207 16 0.000000
1692972148227888830 77.202996 208.168709 211 16 0.000000
1692972149208374600 76.735661 206.020332 202 16 0.000000
1692972150223747151 80.197519 202.881200 206 16 0.000000
1692972151196953939 77.914313 203.451108 198 16 0.000000
1692972152210432640 78.731865 203.260314 206 16 0.000000
1692972153223711095 79.494455 201.326693 204 16 0.000000
1692972154237544226 77.968041 205.161960 208 16 0.000000
1692972155221079575 80.084411 201.314582 198 16 0.000000
1692972156234964420 77.621260 206.137805 209 16 0.000000
1692972157208483509 77.980384 203.385846 198 16 0.000000
1692972158222049683 77.272786 207.189207 210 16 0.000000
1692972159235623314 79.152081 202.254697 205 16 0.000000
1692972160249327764 75.779896 211.106891 214 16 0.000000
1692972161235088036 75.868204 211.004654 208 16 0.000000
1692972162249990047 76.195769 208.887159 212 16 0.000000
1692972163218461963 78.582700 204.445753 198 16 0.000000
1692972164232346750 76.535255 208.110430 211 16 0.000000
1692972165245400082 77.964577 205.319885 208 16 0.000000
1692972166257827909 76.490060 209.397683 212 16 0.000000
1692972167247844098 76.618858 210.097573 208 16 0.000000
1692972168262172766 75.841216 209.991107 213 16 0.000000
1692972169226626692 78.666861 204.260665 197 16 0.000000
1692972170239920458 76.139204 210.205549 213 16 0.000000
1692972171253387049 78.687311 204.249472 207 16 0.000000
1692972172267270191 76.106207 210.083380 213 16 0.000000
1692972173281262499 75.809785 210.060779 213 16 0.000000
1692972174273206996 78.142413 203.640420 202 16 0.000000
1692972175286390518 77.027501 202.332548 205 16 0.000000
1692972176251084264 76.587535 215.612458 208 16 0.000000
1692972177264976880 75.810688 212.054027 215 16 0.000000
1692972178279393703 75.136346 211.944435 215 16 0.000000
1692972179292533621 78.290375 205.302341 208 16 0.000000
1692972180286283507 75.205078 211.320782 210 16 0.000000
1692972181248128611 76.021923 212.092361 204 16 0.000000
1692972182261645936 78.379936 203.252567 206 16 0.000000
1692972183275330722 77.611449 206.178494 209 16 0.000000
1692972184288615107 76.151387 210.207500 213 16 0.000000
1692972185301439359 78.325051 204.379014 207 16 0.000000
1692972186299735862 78.141582 202.344692 202 16 0.000000
1692972187256376568 77.478701 210.110191 201 16 0.000000
1692972188271231814 74.823738 210.867524 214 16 0.000000
1692972189284401988 75.729584 214.179259 217 16 0.000000
1692972190297253972 75.814590 210.297254 213 16 0.000000
1692972191310940036 76.458083 210.124227 213 16 0.000000
1692972192312839420 75.186990 209.601883 210 15 0.000000
1692972193326811790 77.163383 199.216449 202 16 0.000000
1692972194281095763 77.662439 216.916595 207 16 0.000000
1692972195294148852 75.767735 211.242623 214 16 0.000000
1692972196308286502 74.789943 214.960957 218 16 0.000000
1692972197322114276 76.885135 208.122110 211 16 0.000000
1692972198335695338 77.635012 205.212981 208 16 0.000000
1692972199276470077 76.047230 211.527797 199 16 0.000000
1692972200290390192 76.879216 208.103201 211 16 0.000000
1692972201303481633 75.809882 210.247566 213 16 0.000000
1692972202316605427 78.334643 203.331483 206 16 0.000000
1692972203330035819 76.840749 210.177227 213 16 0.000000
1692972204343459122 77.227053 207.218485 210 16 0.000000
1692972205284135665 75.689982 210.486780 198 16 0.000000
1692972206297084043 76.873768 209.290065 212 16 0.000000
1692972207312102520 76.162997 209.848410 213 16 0.000000
1692972208325609939 75.835023 210.161252 213 16 0.000000
1692972209340441231 76.556822 208.901705 212 16 0.000000
1692972210354726231 76.154927 210.986076 214 16 0.000000
1692972211297313830 73.576985 216.425509 204 16 0.000000
1692972212311617599 74.403902 215.911650 219 16 0.000000
1692972213326620744 76.965313 206.895911 210 16 0.000000
1692972214340399265 77.944253 206.159427 209 16 0.000000
1692972215355020963 76.513619 208.944872 212 16 0.000000
1692972216369041766 76.197986 209.068686 212 16 0.000000
1692972217311263677 79.427948 199.528368 188 16 0.000000
1692972218325712082 79.127589 203.066020 206 16 0.000000
1692972219340044989 76.538047 209.004347 212 16 0.000000
1692972220354732806 78.751438 204.003642 207 16 0.000000
1692972221369164337 78.380745 205.040950 208 16 0.000000
1692972222383539989 76.551904 208.009725 211 16 0.000000
1692972223325382689 76.505208 208.102689 196 16 0.000000
1692972224339595118 77.992214 206.071228 209 16 0.000000
1692972225354071356 77.622640 206.017640 209 16 0.000000
1692972226368256418 77.236975 208.048815 211 16 0.000000
1692972227382966075 78.448597 203.013738 206 16 0.000000
1692972228397162926 76.529183 210.018398 213 16 0.000000
1692972229339602105 75.765581 210.093134 198 16 0.000000
1692972230353647341 77.975386 206.105192 209 16 0.000000
1692972231368982217 76.591179 208.798119 212 16 0.000000
1692972232383425325 76.552580 208.981655 212 16 0.000000
1692972233397969043 75.135596 211.917926 215 16 0.000000
1692972234412043350 78.718018 204.127044 207 16 0.000000
1692972235354106503 75.702352 211.238496 199 16 0.000000
1692972236368924915 76.998055 205.948169 209 16 0.000000
1692972237383506407 76.156524 211.910042 215 16 0.000000
1692972238397551583 76.208266 209.063653 212 16 0.000000
1692972239412214754 75.832843 210.907446 214 16 0.000000
1692972240426252226 76.496598 210.051400 213 16 0.000000
1692972241368729108 76.551789 207.962669 196 16 0.000000
1692972242383272997 76.573528 207.975230 211 16 0.000000
1692972243397922528 75.127025 214.852513 218 16 0.000000
1692972244412444279 74.773028 212.908200 216 16 0.000000
1692972245430516450 78.077809 205.289964 209 16 0.000000
1692972246373113738 75.991343 211.118792 199 16 0.000000
1692972247387671140 75.452403 211.915067 215 16 0.000000
1692972248401427045 74.757693 214.055468 217 16 0.000000
1692972249415894302 75.496042 211.933902 215 16 0.000000
1692972250430570918 76.556795 207.948028 211 16 0.000000
1692972251445182780 78.023877 205.990102 209 16 0.000000
1692972252386944319 76.898743 205.996945 194 16 0.000000
1692972253401349943 77.969772 206.031978 209 16 0.000000
1692972254415615178 77.625728 207.046436 210 16 0.000000
1692972255430052331 77.685346 204.054035 207 16 0.000000
1692972256444882278 77.240469 208.902002 212 16 0.000000
1692972257457988116 77.197130 207.283377 210 16 0.000000
1692972258399995349 78.177601 201.696963 190 16 0.000000
1692972259414698208 81.865303 197.102033 200 16 0.000000
1692972260429461164 77.272978 207.930340 211 16 0.000000
1692972261444200618 75.865025 210.891573 214 16 0.000000
1692972262459452211 78.084911 203.890347 207 16 0.000000
1692972263472768237 76.126476 210.200951 213 16 0.000000
1692972264414649546 76.055862 211.279284 199 16 0.000000
1692972265428111198 75.774725 211.157466 214 16 0.000000
1692972266441998227 79.934942 198.246943 201 16 0.000000
1692972267456228097 77.984079 207.053654 210 16 0.000000
1692972268470535046 77.638422 206.052012 209 16 0.000000
1692972269485325987 77.646522 204.968331 208 16 0.000000
1692972270426552066 78.008437 206.114142 194 16 0.000000
1692972271440593558 75.871943 210.050574 213 16 0.000000
1692972272455785996 75.500228 212.767545 216 16 0.000000
1692972273471023958 75.509053 211.773005 215 16 0.000000
1692972274485841898 75.178083 212.846066 216 16 0.000000
1692972275499334620 77.025870 202.270814 205 16 0.000000
1692972276441930916 77.108700 213.240811 201 16 0.000000
1692972277457476471 77.006088 207.770101 211 16 0.000000
1692972278472443004 76.271457 207.888626 211 16 0.000000
1692972279487248401 77.643726 205.950811 209 16 0.000000
1692972280501391348 77.240819 208.057462 211 16 0.000000
1692972281443691377 75.384864 212.246621 200 16 0.000000
1692972282458438127 77.277713 205.962721 209 16 0.000000
1692972283473197967 75.883959 210.887338 214 16 0.000000
1692972284487797258 76.163889 210.920707 214 16 0.000000
1692972285502893835 79.200191 201.951229 205 16 0.000000
1692972286516682464 76.843737 209.116560 212 16 0.000000
1692972287457966617 75.693701 211.413322 199 16 0.000000
1692972288472889134 75.553945 209.868236 213 16 0.000000
1692972289487510852 76.880003 208.944870 212 16 0.000000
1692972290502038320 79.917868 201.078830 204 16 0.000000
1692972291516398864 78.089122 202.097779 205 16 0.000000
1692972292531402406 78.353839 206.895819 210 16 0.000000
1692972293473652206 76.899231 208.012776 196 16 0.000000
