1692981734512694737 294.588373 0.000000
1692981734759428557 294.568988 0.000000
1692981735314466334 294.716506 0.000000
1692981735525714524 294.630075 0.000000
1692981735613742464 294.644218 0.000000
1692981735960023203 294.697191 0.000000
1692981735986824191 294.694555 0.000000
1692981736213295870 294.668971 0.000000
1692981737478117885 294.714331 0.000000
1692981737661019134 294.626356 0.000000
1692981739864111035 294.632876 0.000000
1692981745105087924 294.622576 0.000000
1692981745399689853 294.576745 0.000000
1692981745857387896 294.799819 0.000000
1692981746551446201 294.709348 0.000000
1692981747057763768 294.673592 0.000000
1692981747389928877 294.681073 0.000000
1692981747721280267 294.605963 0.000000
1692981747975640404 294.596611 0.000000
1692981748656429305 294.683027 0.000000
1692981750312731600 294.526373 0.000000
1692981750554301298 294.826666 0.000000
1692981752436122736 294.623824 0.000000
1692981753535295863 294.835281 0.000000
1692981754279481539 294.684494 0.000000
1692981754299906109 294.684500 0.000000
1692981754839362326 294.644120 0.000000
1692981755488647776 294.645890 0.000000
1692981756486643227 294.703033 0.000000
1692981762848975016 294.676085 0.000000
1692981763251044644 294.672441 0.000000
1692981765183315487 294.827837 0.000000
1692981765459081713 294.696166 0.000000
1692981765753944371 294.772624 0.000000
1692981766725184262 294.519865 0.000000
1692981767120230269 294.746893 0.000000
1692981767880908775 294.539055 0.000000
1692981768341595854 294.725273 0.000000
1692981769396314041 294.555754 0.000000
1692981770031644678 294.715935 0.000000
1692981770544718608 294.609965 0.000000
1692981770667432440 294.740519 0.000000
1692981772112986212 294.732380 0.000000
1692981772563275757 294.667684 0.000000
1692981772625179579 294.708954 0.000000
1692981773428948995 294.826443 0.000000
1692981775852451606 294.662539 0.000000
1692981775869632094 294.625646 0.000000
1692981776686454681 294.685335 0.000000
1692981776979948602 294.730755 0.000000
1692981777513337877 294.629435 0.000000
1692981777795984547 294.625830 0.000000
1692981778013961414 294.800072 0.000000
1692981778797190310 294.679000 0.000000
1692981779091900798 294.686517 0.000000
1692981779307249852 294.718812 0.000000
1692981779796770894 294.748261 0.000000
1692981781369221736 294.820239 0.000000
1692981781867910703 294.792088 0.000000
1692981782056077672 294.628362 0.000000
1692981782653611317 294.591155 0.000000
1692981782832375503 294.846429 0.000000
1692981783645290782 294.472147 0.000000
1692981784735209415 294.659759 0.000000
1692981785670039079 294.722876 0.000000
1692981790082468078 294.857965 0.000000
1692981790644346081 294.711134 0.000000
1692981790762407321 295.142152 0.000000
1692981790831031877 294.711493 0.000000
1692981791705951844 294.673000 0.000000
1692981792000685931 294.710698 0.000000
1692981792902031638 295.042574 0.000000
1692981792932581262 294.708192 0.000000
1692981792960266378 294.632640 0.000000
1692981793155763549 294.581917 0.000000
1692981794825769239 294.563626 0.000000
1692981794941113675 294.589782 0.000000
1692981795758568668 294.535679 0.000000
1692981797749295456 294.798441 0.000000
1692981798309161685 294.676853 0.000000
1692981798408748826 294.580554 0.000000
1692981798957608123 294.722239 0.000000
1692981799447990728 294.731886 0.000000
1692981803236084110 294.702376 0.000000
1692981803422270473 294.559885 0.000000
1692981803775513000 294.558186 0.000000
1692981804332947834 294.686755 0.000000
1692981806309420244 294.626320 0.000000
1692981807515079612 294.734667 0.000000
1692981807690236755 294.670652 0.000000
1692981807938691631 294.782574 0.000000
1692981808428126287 294.764170 0.000000
1692981809215001424 294.603397 0.000000
1692981811077204805 294.797853 0.000000
1692981811393431971 294.727835 0.000000
1692981811902725375 294.578844 0.000000
1692981812394771529 294.732336 0.000000
1692981813278181138 294.728883 0.000000
1692981813786758871 294.636945 0.000000
1692981816193719059 294.671346 0.000000
1692981817596001047 294.698477 0.000000
1692981817791297340 294.769863 0.000000
1692981818291659105 294.759944 0.000000
1692981820726436608 294.705665 0.000000
1692981821598605119 294.599987 0.000000
1692981822393623422 294.678214 0.000000
1692981822405894241 295.002800 0.000000
1692981822758938024 294.754571 0.000000
1692981822864996066 294.720652 0.000000
1692981822914731551 294.721789 0.000000
1692981823473455758 294.588575 0.000000
1692981824278274144 294.674224 0.000000
1692981824661620229 294.820966 0.000000
1692981824928494045 294.702124 0.000000
1692981825222789296 294.801600 0.000000
1692981825350515153 294.639648 0.000000
1692981825616879718 294.882579 0.000000
1692981825910342044 294.636069 0.000000
1692981826057362481 294.553383 0.000000
1692981827824653941 294.745049 0.000000
1692981829303622681 294.766554 0.000000
1692981829638228859 294.746683 0.000000
1692981832231463591 294.548098 0.000000
1692981834930754393 294.844064 0.000000
1692981835932002687 294.644635 0.000000
1692981836981785348 294.664716 0.000000
1692981837017792616 294.704409 0.000000
1692981837672134434 295.145455 0.000000
1692981840955239380 294.856803 0.000000
1692981840955786729 294.666054 0.000000
1692981841498886928 294.695061 0.000000
1692981844419031717 294.692756 0.000000
1692981844642066432 294.675039 0.000000
1692981847356089052 294.698770 0.000000
1692981847433876876 294.640419 0.000000
1692981849383041985 294.801398 0.000000
1692981849655650303 294.553606 0.000000
1692981849795788441 294.442126 0.000000
1692981850542485370 294.534552 0.000000
1692981851797131102 294.645255 0.000000
1692981853883633912 294.615374 0.000000
1692981855494826396 294.802005 0.000000
1692981856601887484 294.559936 0.000000
1692981856651994713 294.835076 0.000000
1692981856841973009 294.683368 0.000000
1692981856867128801 294.688805 0.000000
1692981856985250324 294.601763 0.000000
1692981857114503129 294.575162 0.000000
1692981858326388165 294.754583 0.000000
1692981859345470765 294.574935 0.000000
1692981860244308050 294.726377 0.000000
1692981861053422658 294.654189 0.000000
1692981862020020027 294.727039 0.000000
1692981862833402380 294.546178 0.000000
1692981864188097100 294.678441 0.000000
1692981864566315059 294.686459 0.000000
1692981864610049122 294.681974 0.000000
1692981865424842383 294.593076 0.000000
1692981865520246263 294.644140 0.000000
1692981866759521400 294.613168 0.000000
1692981866803914393 294.527685 0.000000
1692981866995763483 294.804599 0.000000
1692981869371296110 294.734546 0.000000
1692981870054152818 294.533743 0.000000
1692981871928405719 294.841094 0.000000
1692981872031247083 294.745302 0.000000
1692981872381094334 294.570879 0.000000
1692981875230257776 294.783865 0.000000
1692981875878156985 294.692287 0.000000
1692981876975034115 294.865485 0.000000
1692981877799752306 294.713070 0.000000
1692981877938278761 294.566990 0.000000
1692981878272752200 294.738774 0.000000
1692981878710893180 294.782887 0.000000
1692981879124860925 294.777600 0.000000
1692981879743880473 294.573185 0.000000
