1692981734825122772 216.596770 0.000000
1692981736421167337 216.629887 0.000000
1692981737285412048 216.740911 0.000000
1692981737719295919 216.691720 0.000000
1692981737792149685 216.760166 0.000000
1692981737792805490 217.171162 0.000000
1692981738515242952 216.619072 0.000000
1692981738805092366 216.578904 0.000000
1692981739600165180 216.927826 0.000000
1692981740757284523 216.719320 0.000000
1692981740975095056 216.931955 0.000000
1692981741192125509 216.622599 0.000000
1692981741337472774 216.559278 0.000000
1692981741339221730 216.614026 0.000000
1692981741842443267 216.658985 0.000000
1692981742278882794 216.634222 0.000000
1692981742349114754 216.725941 0.000000
1692981742640124095 216.710525 0.000000
1692981742855541869 216.685773 0.000000
1692981744085497637 216.705333 0.000000
1692981744737692674 216.608537 0.000000
1692981745534172665 216.779670 0.000000
1692981746111934239 216.672311 0.000000
1692981746764537133 216.638351 0.000000
1692981747633163545 216.640588 0.000000
1692981748067312197 216.643389 0.000000
1692981750167258352 216.595117 0.000000
1692981751397321073 216.788932 0.000000
1692981751903083201 216.632945 0.000000
1692981752481646082 216.652297 0.000000
1692981753423855991 216.804552 0.000000
1692981753930200769 216.552978 0.000000
1692981754581831423 216.641444 0.000000
1692981754870987293 216.618230 0.000000
1692981755666445725 216.525891 0.000000
1692981755738508035 216.875855 0.000000
1692981755955203294 216.670166 0.000000
1692981756607620346 216.560807 0.000000
1692981756680084171 216.598614 0.000000
1692981757041976474 216.802489 0.000000
1692981757836780753 216.579294 0.000000
1692981758343978349 216.798754 0.000000
1692981758922425951 216.694481 0.000000
1692981758994362139 216.697444 0.000000
1692981759573560582 216.742102 0.000000
1692981760514450211 216.596014 0.000000
1692981761095373298 217.376493 0.000000
1692981761602133296 216.708540 0.000000
1692981761963366452 216.707703 0.000000
1692981762541335557 216.691414 0.000000
1692981762975948162 216.506245 0.000000
1692981763771559702 216.724466 0.000000
1692981764061370896 216.455591 0.000000
1692981765291078134 216.693906 0.000000
1692981766957173600 216.656545 0.000000
1692981767608593914 216.544518 0.000000
1692981769562242387 216.659009 0.000000
1692981769707733661 217.154826 0.000000
1692981769996059090 216.523500 0.000000
1692981770865656213 216.604107 0.000000
1692981771370878826 216.669499 0.000000
1692981771587651620 216.686775 0.000000
1692981771660033464 216.549355 0.000000
1692981771804742053 216.852129 0.000000
1692981774266314268 216.654739 0.000000
1692981774338621282 216.647091 0.000000
1692981774483123379 216.830529 0.000000
1692981775641068605 216.946182 0.000000
1692981775641403935 216.575690 0.000000
1692981776365033356 216.884374 0.000000
1692981776871377310 216.800193 0.000000
1692981777089182585 216.601265 0.000000
1692981777160751543 216.893114 0.000000
1692981778175009668 216.747365 0.000000
1692981779115789996 216.867559 0.000000
1692981779550650702 216.698973 0.000000
1692981779840041108 216.733502 0.000000
1692981783025263825 216.927579 0.000000
1692981783098197066 216.777179 0.000000
1692981783532393110 216.657841 0.000000
1692981785486738788 216.597877 0.000000
1692981786427985600 216.828377 0.000000
1692981787801709706 216.786395 0.000000
1692981787803129488 216.619019 0.000000
1692981788163674712 217.040871 0.000000
1692981788453003841 216.746085 0.000000
1692981788887694530 216.603436 0.000000
1692981789394068484 216.871408 0.000000
1692981790624718266 216.698762 0.000000
1692981790625191471 216.588871 0.000000
1692981790698102595 216.634898 0.000000
1692981790914630940 216.504494 0.000000
1692981791711546440 216.574151 0.000000
1692981793014321514 216.662848 0.000000
1692981795617793969 216.817599 0.000000
1692981795978158830 216.561618 0.000000
1692981797135986645 216.643183 0.000000
1692981798510792704 216.555177 0.000000
1692981799452454288 217.134290 0.000000
1692981800176154369 216.790059 0.000000
1692981801117895058 216.754752 0.000000
1692981801335983094 216.759968 0.000000
1692981801842374769 216.665329 0.000000
1692981802058779727 216.632653 0.000000
1692981802494105904 216.757578 0.000000
1692981803434060074 216.679477 0.000000
1692981803434150750 216.700556 0.000000
1692981803507933851 216.698682 0.000000
1692981803725154596 216.750311 0.000000
1692981804664303610 216.559493 0.000000
1692981804665045680 217.199170 0.000000
1692981805679114407 216.533166 0.000000
1692981806256720911 216.855876 0.000000
1692981806909792472 216.636641 0.000000
1692981807993908234 216.690362 0.000000
1692981808139296574 216.542112 0.000000
1692981808429222218 216.673884 0.000000
1692981810238598460 217.152571 0.000000
1692981811035445214 216.641132 0.000000
1692981812338183430 216.718603 0.000000
1692981813279003497 216.581544 0.000000
1692981813421848904 216.729282 0.000000
1692981813930024004 216.750873 0.000000
1692981814218564092 216.495208 0.000000
1692981814942927066 216.875261 0.000000
1692981815014903517 216.631997 0.000000
1692981815160059179 216.592619 0.000000
1692981815955189246 216.773279 0.000000
1692981816172576353 216.948202 0.000000
1692981816172935689 216.729187 0.000000
1692981816462342020 216.642730 0.000000
1692981816751398263 216.602908 0.000000
1692981818125904799 216.804547 0.000000
1692981821312429032 216.777875 0.000000
1692981821600120311 216.633173 0.000000
1692981821819075152 216.615578 0.000000
1692981821962778073 216.526326 0.000000
1692981822325023065 216.708794 0.000000
1692981822540962540 216.636491 0.000000
1692981822831163749 217.090060 0.000000
1692981822904044407 216.663294 0.000000
1692981823265251787 216.629279 0.000000
1692981823410889324 216.721789 0.000000
1692981824856066585 216.671979 0.000000
1692981824857866540 216.522822 0.000000
1692981825219258291 216.487605 0.000000
1692981825725779834 216.745905 0.000000
1692981826810262652 216.919575 0.000000
1692981827318250952 216.604261 0.000000
1692981828113216111 216.693218 0.000000
1692981828548044303 216.547148 0.000000
1692981828910815528 216.563967 0.000000
1692981828981231887 216.745896 0.000000
1692981829559783934 216.659405 0.000000
1692981829851920628 216.894285 0.000000
1692981829995145857 216.585979 0.000000
1692981831007718343 216.624032 0.000000
1692981831515317263 216.668455 0.000000
1692981832527665509 216.781624 0.000000
1692981832671933889 216.693168 0.000000
1692981833179366993 216.651285 0.000000
1692981833394831634 216.668340 0.000000
1692981833467605203 216.623667 0.000000
1692981833757801661 216.755909 0.000000
1692981834192049425 216.831179 0.000000
1692981834482028061 216.618339 0.000000
1692981834845034703 219.331734 0.000000
1692981835134615099 216.830463 0.000000
1692981836149897987 217.388254 0.000000
1692981837017883752 216.625530 0.000000
1692981837162541642 216.868800 0.000000
1692981839406591764 216.578351 0.000000
1692981839767963294 216.524384 0.000000
1692981839913025705 216.532830 0.000000
1692981840201812681 216.578902 0.000000
1692981840709666067 216.548491 0.000000
1692981840781182378 216.594579 0.000000
1692981841577415052 216.534770 0.000000
1692981843097130883 217.023034 0.000000
1692981844253689311 217.646118 0.000000
1692981846930658189 216.622903 0.000000
1692981847074922639 216.596883 0.000000
1692981848088966651 216.590860 0.000000
1692981849895699712 216.679286 0.000000
1692981850113426943 216.534103 0.000000
1692981851558844781 216.495783 0.000000
1692981852065986441 216.515188 0.000000
1692981852717459974 216.694330 0.000000
1692981853873518287 216.550818 0.000000
1692981854960900064 216.769560 0.000000
1692981855754737539 216.708613 0.000000
1692981855827477485 216.558700 0.000000
1692981855972067341 216.750184 0.000000
1692981857566425658 216.523784 0.000000
1692981857855793259 216.541193 0.000000
1692981858361367340 216.706493 0.000000
1692981859085846401 216.699857 0.000000
1692981859952400126 216.624488 0.000000
1692981860460777547 216.662179 0.000000
1692981861110429121 216.554971 0.000000
1692981861326440117 216.656893 0.000000
1692981862413163928 216.639903 0.000000
1692981863860707901 216.706132 0.000000
1692981864148928856 216.466039 0.000000
1692981865451140154 216.596863 0.000000
1692981866393220840 216.737809 0.000000
1692981867260706315 216.569254 0.000000
1692981868562267259 216.644910 0.000000
1692981869214459324 216.523177 0.000000
1692981870154426315 216.636440 0.000000
1692981870950279529 216.973439 0.000000
1692981871238468825 216.626322 0.000000
1692981871674697647 216.607503 0.000000
1692981871674796703 216.703185 0.000000
1692981873628477449 216.621421 0.000000
1692981874278563745 216.745873 0.000000
1692981874641079224 216.954746 0.000000
1692981875220293017 216.928754 0.000000
1692981875291524040 216.507270 0.000000
1692981876375158511 216.729772 0.000000
1692981876377573556 217.380115 0.000000
1692981877028151817 216.591265 0.000000
1692981877100890810 216.693388 0.000000
1692981878259347447 216.940512 0.000000
1692981879271030226 216.573834 0.000000
1692981880719848349 216.880817 0.000000
1692981881441836498 216.868003 0.000000
1692981881659873920 216.694405 0.000000
1692981881731546764 216.706282 0.000000
1692981881949736551 216.735886 0.000000
