1692981734091759203 115.464847 146.308738 144 16 0.000000
1692981735103893093 108.713114 143.261678 145 16 0.000000
1692981736044842148 105.251715 154.099733 145 16 0.000000
1692981737057558530 107.322312 149.103941 151 16 0.000000
1692981738070438083 110.708183 145.130781 147 16 0.000000
1692981739083216138 113.320758 139.220999 141 16 0.000000
1692981740095479231 105.629996 150.158595 152 16 0.000000
1692981741107897807 109.908869 148.160080 150 16 0.000000
1692981742120783627 109.757811 143.155336 145 16 0.000000
1692981743061069096 106.455680 153.144971 144 16 0.000000
1692981744073557327 108.695056 147.162203 149 16 0.000000
1692981745085822122 114.549727 140.279506 142 16 0.000000
1692981746098252408 107.256999 149.146038 151 16 0.000000
1692981747110744873 107.971596 146.173959 148 16 0.000000
1692981748123494065 107.328786 149.099089 151 16 0.000000
1692981749063994988 109.313537 147.793601 139 16 0.000000
1692981750077406148 107.356768 150.975229 153 16 0.000000
1692981751090198991 107.511472 144.155858 146 16 0.000000
1692981752103417005 108.065903 151.990972 154 16 0.000000
1692981753116187373 107.281734 149.095972 151 16 0.000000
1692981754128915384 107.520660 148.114795 150 16 0.000000
1692981755141008157 110.717750 143.267496 145 16 0.000000
1692981756081987377 107.238032 147.718461 139 16 0.000000
1692981757094627445 112.422613 144.177604 146 16 0.000000
1692981758107659792 107.044576 148.070299 150 16 0.000000
1692981759119919183 113.009812 142.256031 144 16 0.000000
1692981760132603898 103.925867 156.020919 158 16 0.000000
1692981761145866210 104.997316 152.971245 155 16 0.000000
1692981762086047256 107.705632 145.716620 137 16 0.000000
1692981763099116476 105.688686 152.013282 154 16 0.000000
1692981764111709591 109.260282 145.171849 147 16 0.000000
1692981765124335903 104.552987 155.042386 157 16 0.000000
1692981766137509279 108.028351 146.075695 148 16 0.000000
1692981767149921902 111.159749 145.197713 147 16 0.000000
1692981768162130453 108.943749 146.214916 148 16 0.000000
1692981769102661221 112.436288 145.662439 137 16 0.000000
1692981770115305758 108.244924 143.189440 145 16 0.000000
1692981771127848987 110.444908 144.191382 146 16 0.000000
1692981772140249975 111.102861 147.174863 149 16 0.000000
1692981773152698804 109.465906 144.204838 146 16 0.000000
1692981774165068708 112.711637 143.228273 145 16 0.000000
1692981775105856136 105.245116 152.000334 143 16 0.000000
1692981776118579233 107.502076 150.090393 152 16 0.000000
1692981777131075693 115.688829 138.272089 140 16 0.000000
1692981778144245582 107.033756 148.050194 150 16 0.000000
1692981779156084566 108.972846 144.291729 146 16 0.000000
1692981780168590230 105.187250 154.073196 156 16 0.000000
1692981781181042361 108.976237 146.179771 148 16 0.000000
1692981782121888964 112.035142 143.487769 135 16 0.000000
1692981783135612117 108.602170 145.996483 148 16 0.000000
1692981784149278995 113.517348 144.031543 146 16 0.000000
1692981785161926721 106.126843 150.101553 152 16 0.000000
1692981786175339711 104.819288 151.961738 154 16 0.000000
1692981787188085238 115.436650 139.225498 141 16 0.000000
1692981788129693368 108.821242 147.619794 139 16 0.000000
1692981789142167658 109.488693 146.176546 148 16 0.000000
1692981790155831584 110.556788 144.031970 146 16 0.000000
1692981791169490545 107.577200 147.978748 150 16 0.000000
1692981792181751891 114.904792 139.292105 141 16 0.000000
1692981793195130978 112.547832 142.098843 144 16 0.000000
1692981794136106410 109.293612 145.593576 137 16 0.000000
1692981795149432778 108.781040 145.066791 147 16 0.000000
1692981796162590977 104.610769 156.935042 159 16 0.000000
1692981797175709084 106.581077 150.031839 152 16 0.000000
1692981798188167441 110.447083 144.203462 146 16 0.000000
1692981799200541442 110.807222 141.252161 143 16 0.000000
1692981800212418468 111.377238 141.321507 143 16 0.000000
1692981801155057955 109.145638 150.640859 142 16 0.000000
1692981802168712970 106.658932 149.952397 152 16 0.000000
1692981803182051162 109.294891 147.038775 149 16 0.000000
1692981804195416195 110.485070 144.074412 146 16 0.000000
1692981805208544080 108.782965 147.069315 149 16 0.000000
1692981806221148158 107.114532 148.132920 150 16 0.000000
1692981807162575346 108.815401 147.648170 139 16 0.000000
1692981808175751783 110.714403 147.062248 149 16 0.000000
1692981809189658215 106.478707 150.901499 153 16 0.000000
1692981810202475533 115.235604 138.228281 140 16 0.000000
1692981811215541406 108.777983 147.078292 149 16 0.000000
1692981812229703163 109.597353 145.933331 148 16 0.000000
1692981813170176438 102.928720 150.987805 142 16 0.000000
1692981814182815073 112.434187 144.177785 146 16 0.000000
1692981815195879795 105.469132 153.001069 155 16 0.000000
1692981816209133277 114.837388 141.129558 143 16 0.000000
1692981817222571057 108.510351 144.064098 146 16 0.000000
1692981818235297941 106.285016 152.064695 154 16 0.000000
1692981819176791012 106.794267 149.762125 141 16 0.000000
1692981820190758171 106.893763 148.919989 151 16 0.000000
1692981821203841904 109.525937 146.088634 148 16 0.000000
1692981822217050984 113.868349 141.135721 143 16 0.000000
1692981823230051067 109.736721 145.113501 147 16 0.000000
1692981824243197244 110.724801 145.092569 147 16 0.000000
1692981825184016171 109.298922 147.743669 139 16 0.000000
1692981826196593942 104.756320 152.087058 154 16 0.000000
1692981827209767322 106.413003 151.010700 153 16 0.000000
1692981828222911418 105.465144 151.015045 153 16 0.000000
1692981829235944408 110.740735 145.108803 147 16 0.000000
1692981830249618619 106.393506 148.963046 151 16 0.000000
1692981831189833921 107.182782 149.965626 141 16 0.000000
1692981832202323187 110.442121 146.174409 148 16 0.000000
1692981833215180105 107.063883 148.095945 150 16 0.000000
1692981834228797251 107.369708 146.998281 149 16 0.000000
1692981835244579724 106.007144 151.607280 154 16 0.000000
1692981836258468491 113.887501 141.041118 143 16 0.000000
1692981837198784760 107.213828 147.822581 139 15 0.000000
1692981838212769356 105.128717 154.834719 157 16 0.000000
1692981839225497731 116.240612 138.240403 140 16 0.000000
1692981840237757254 106.036693 146.207587 148 16 0.000000
1692981841250656848 110.914041 146.115179 148 16 0.000000
1692981842262846481 105.433987 153.133335 155 16 0.000000
1692981843275080267 108.497236 144.235476 146 16 0.000000
1692981844216929972 104.365936 156.075825 147 16 0.000000
1692981845229968062 110.720173 145.108100 147 16 0.000000
1692981846242675347 110.513447 142.193109 144 16 0.000000
1692981847255702248 109.483373 148.071068 150 16 0.000000
1692981848268809979 109.773199 143.123987 145 16 0.000000
1692981849281745437 108.538512 150.058921 152 16 0.000000
1692981850222207415 110.587720 144.609756 136 16 0.000000
1692981851234079579 111.972058 142.310484 144 16 0.000000
1692981852247245573 114.592133 140.154725 142 16 0.000000
1692981853260110711 109.739360 145.132845 147 16 0.000000
1692981854273162979 112.214784 145.106021 147 16 0.000000
1692981855285338864 108.737999 145.231697 147 16 0.000000
1692981856299124170 110.564307 144.014717 146 16 0.000000
1692981857239927891 108.518435 146.683066 138 16 0.000000
1692981858252841605 107.577177 150.062165 152 16 0.000000
1692981859265584740 115.418342 139.225804 141 16 0.000000
1692981860278398765 113.328180 141.190793 143 16 0.000000
1692981861291224702 114.984807 137.239776 139 16 0.000000
1692981862304226143 106.865120 151.036311 153 16 0.000000
1692981863245232970 112.676483 139.212587 131 16 0.000000
1692981864257773367 111.943572 144.191784 146 16 0.000000
1692981865270230104 111.188189 143.215974 145 16 0.000000
1692981866283191706 110.965444 146.106252 148 16 0.000000
1692981867295696085 103.852298 154.073386 156 16 0.000000
1692981868308533435 111.524446 142.174849 144 16 0.000000
1692981869320470391 109.062284 140.324951 142 15 0.000000
1692981870263810675 114.864426 146.288670 138 16 0.000000
1692981871276807460 110.226667 147.088343 149 16 0.000000
1692981872289197466 110.243992 143.225422 145 16 0.000000
1692981873302256786 107.582425 150.040568 152 16 0.000000
1692981874315252092 108.771742 145.114218 147 16 0.000000
1692981875329116238 114.373727 141.044521 143 16 0.000000
1692981876269181824 110.604106 144.670757 136 16 0.000000
1692981877282296281 109.798330 143.123019 145 16 0.000000
1692981878295947494 114.297578 143.047243 145 16 0.000000
1692981879308860475 103.365970 152.036736 154 16 0.000000
1692981880321773351 107.546426 152.036779 154 16 0.000000
1692981881333915058 104.267325 152.152623 154 16 0.000000
1692981882275428848 109.615219 146.572456 138 16 0.000000
