1692981734517056891 133.089758 119.223945 119 16 0.000000
1692981735515227442 138.755662 115.210775 115 16 0.000000
1692981736517629889 140.913160 116.719587 117 16 0.000000
1692981737478117885 135.049694 118.689666 114 16 0.000000
1692981738522145688 135.293767 115.897299 121 16 0.000000
1692981739520297760 134.705744 118.218475 118 16 0.000000
1692981740526027857 132.372123 122.299195 123 16 0.000000
1692981741528388986 140.690377 112.733820 113 16 0.000000
1692981742523251429 129.983212 123.635183 123 16 0.000000
1692981743530108492 128.952803 123.155515 124 16 0.000000
1692981744531602933 128.225716 123.814968 124 16 0.000000
1692981745526388977 143.508726 113.592260 113 16 0.000000
1692981746532784229 137.339279 115.262884 116 16 0.000000
1692981747535569499 135.517880 115.677789 116 16 0.000000
1692981748530109083 130.866368 126.691791 126 16 0.000000
1692981749530907767 138.060658 115.907425 116 16 0.000000
1692981750539527317 136.135344 116.000145 117 16 0.000000
1692981751532545684 134.184738 120.843673 120 16 0.000000
1692981752533887962 130.913729 120.837818 121 16 0.000000
1692981753543051733 130.922132 121.883085 123 16 0.000000
1692981754544692776 145.036154 109.819777 110 16 0.000000
1692981755546511733 130.102770 123.774861 124 16 0.000000
1692981756548158870 123.603942 130.784575 131 16 0.000000
1692981757546240080 123.072524 127.244173 127 16 0.000000
1692981758549182502 136.122934 119.647938 120 16 0.000000
1692981759548683517 131.059367 124.061890 124 16 0.000000
1692981760549319509 128.205756 123.921186 124 16 0.000000
1692981761553542214 135.079263 118.499610 119 16 0.000000
1692981762554271473 130.658242 120.911825 121 16 0.000000
1692981763557792955 135.965433 117.585936 118 16 0.000000
1692981764546118384 135.853254 118.382049 117 16 0.000000
1692981765555344370 132.249626 120.884719 122 16 0.000000
1692981766559998689 134.616385 116.457983 117 16 0.000000
1692981767536100878 133.313230 123.962425 121 16 0.000000
1692981768558616990 134.837147 116.379590 119 16 0.000000
1692981769559721209 141.886160 110.877545 111 15 0.000000
1692981770564249237 144.129032 114.481632 115 16 0.000000
1692981771552563002 128.046513 124.454420 123 16 0.000000
1692981772564934884 135.211243 116.557959 118 16 0.000000
1692981773567053071 139.068728 115.754795 116 16 0.000000
1692981774538762277 132.835312 120.406392 117 16 0.000000
1692981775574991213 134.944544 120.629731 125 16 0.000000
1692981776576207746 138.881202 112.862682 113 16 0.000000
1692981777548256712 143.941517 111.105514 108 16 0.000000
1692981778572964518 140.142105 114.178890 117 16 0.000000
1692981779572451744 133.595578 121.062076 121 16 0.000000
1692981780573502735 132.391517 116.877165 117 16 0.000000
1692981781573097737 132.388559 125.050648 125 16 0.000000
1692981782574942445 131.512020 119.779040 120 16 0.000000
1692981783579906666 132.597871 120.402297 121 16 0.000000
1692981784580814341 126.720507 124.886643 125 16 0.000000
1692981785579454519 133.447040 120.163411 120 16 0.000000
1692981786583839239 137.564590 118.480496 119 16 0.000000
1692981787579454420 133.562504 119.524099 119 16 0.000000
1692981788592698306 133.944193 118.431492 120 16 0.000000
1692981789592817426 131.781769 123.985228 124 16 0.000000
1692981790583135680 138.749833 112.085181 111 16 0.000000
1692981791584873456 134.708656 119.791828 120 16 0.000000
1692981792597117314 138.995863 116.572701 118 16 0.000000
1692981793590309577 141.883660 111.760857 111 16 0.000000
1692981794588992436 137.374802 117.154290 117 16 0.000000
1692981795599260072 132.586890 119.770257 121 16 0.000000
1692981796593064052 136.121600 117.729458 117 16 0.000000
1692981797603703615 127.895852 123.684037 125 16 0.000000
1692981798602412163 135.804960 119.153899 119 16 0.000000
1692981799603509677 138.743051 114.873908 115 16 0.000000
1692981800606724629 132.828177 118.618659 119 16 0.000000
1692981801598393233 133.179883 121.008166 120 16 0.000000
1692981802607077501 134.634337 120.949647 122 16 0.000000
1692981803599047743 138.533495 112.906613 112 16 0.000000
1692981804608775880 136.980093 119.834219 121 16 0.000000
1692981805611315022 131.773367 119.696075 120 16 0.000000
1692981806612119942 135.746257 117.905095 118 16 0.000000
1692981807612713100 133.483597 117.930049 118 16 0.000000
1692981808605886660 135.441277 120.824800 120 16 0.000000
1692981809616439568 139.668893 112.809551 114 16 0.000000
1692981810615683250 133.921013 122.092336 122 16 0.000000
1692981811608128439 135.299056 116.883035 116 16 0.000000
1692981812620368716 138.647521 115.585190 117 16 0.000000
1692981813618978730 135.304801 119.165633 119 16 0.000000
1692981814610763897 131.621361 122.002231 121 16 0.000000
1692981815623041836 136.004670 111.629421 113 16 0.000000
1692981816622769381 133.775915 125.034086 125 16 0.000000
1692981817613551411 131.980163 121.116429 120 16 0.000000
1692981818626045758 140.286118 113.580893 115 16 0.000000
1692981819616068887 133.589348 118.179037 117 16 0.000000
1692981820617088292 140.969165 113.883914 114 16 0.000000
1692981821618047596 137.567318 115.888826 116 16 0.000000
1692981822629908292 138.773022 113.652009 115 16 0.000000
1692981823630339603 133.100457 122.946972 123 16 0.000000
1692981824633775707 136.896796 116.599369 117 16 0.000000
1692981825635219274 133.726562 121.824123 122 16 0.000000
1692981826624153275 137.303276 114.264447 113 16 0.000000
1692981827625400693 133.967786 119.850500 120 16 0.000000
1692981828638568139 140.343325 114.492439 116 16 0.000000
1692981829638228859 128.712328 124.042068 124 16 0.000000
1692981830628797811 127.810291 124.171083 123 16 0.000000
1692981831623265164 137.037548 116.645339 116 16 0.000000
1692981832641550197 132.737599 119.809275 122 16 0.000000
1692981833644287772 138.599689 115.683313 116 16 0.000000
1692981834650746179 140.705749 114.262052 115 16 0.000000
1692981835637348530 137.029439 118.588826 117 16 0.000000
1692981836652215092 130.544965 120.212844 122 16 0.000000
1692981837656672497 139.648096 112.498526 113 16 0.000000
1692981838647709158 133.766697 124.112481 123 16 0.000000
1692981839655190495 131.354380 120.101491 121 16 0.000000
1692981840661086518 131.367933 122.279042 123 16 0.000000
1692981841663189191 136.751327 114.758682 115 16 0.000000
1692981842657601560 138.364877 120.674277 120 16 0.000000
1692981843641856679 133.623064 116.839650 115 16 0.000000
1692981844666293794 137.802067 116.161332 119 16 0.000000
1692981845660466273 135.034561 119.697540 119 16 0.000000
1692981846644614011 127.416093 123.965151 122 16 0.000000
1692981847670427389 131.518380 118.929996 122 16 0.000000
1692981848672857008 136.960014 117.714003 118 16 0.000000
1692981849655650303 129.770806 127.188492 125 16 0.000000
1692981850674176967 136.025638 113.890015 116 16 0.000000
1692981851666611529 127.536159 126.960507 126 16 0.000000
1692981852661970398 137.532612 119.554873 119 16 0.000000
1692981853657792505 134.366148 115.482458 115 16 0.000000
1692981854680509061 137.103940 117.334579 120 16 0.000000
1692981855671487517 133.107464 120.083320 119 16 0.000000
1692981856680260390 136.374393 115.982497 117 16 0.000000
1692981857681653950 132.392089 122.828834 123 16 0.000000
1692981858683528133 131.638413 120.773650 121 16 0.000000
1692981859684459827 134.659741 114.892952 115 16 0.000000
1692981860684476452 129.932042 127.997885 128 16 0.000000
1692981861685976934 133.821085 118.821716 119 16 0.000000
1692981862691674056 132.341902 120.314553 121 16 0.000000
1692981863687603850 135.036650 116.474057 116 16 0.000000
1692981864688336359 133.904720 123.909235 124 16 0.000000
1692981865695779709 122.329557 128.046922 129 16 0.000000
1692981866691770510 136.261201 116.466939 116 16 0.000000
1692981867690521235 140.864060 116.145079 116 16 0.000000
1692981868699754260 140.692971 111.966212 113 16 0.000000
1692981869701303233 135.661539 119.814431 120 16 0.000000
1692981870695632956 132.745936 118.672888 118 16 0.000000
1692981871702212699 132.479457 119.215593 120 16 0.000000
1692981872704854044 147.201971 110.707580 111 16 0.000000
1692981873706285828 131.026812 121.825581 122 16 0.000000
1692981874706121021 125.006435 130.021442 130 16 0.000000
1692981875708471518 131.999042 117.723289 118 16 0.000000
1692981876710526136 134.970769 117.758049 118 16 0.000000
1692981877709235778 129.838806 124.160212 124 16 0.000000
1692981878710893180 142.999395 111.814659 112 16 0.000000
1692981879714623443 137.186449 117.561475 118 16 0.000000
1692981880712878090 134.223964 118.206309 118 16 0.000000
1692981881717511605 138.125707 116.460379 117 16 0.000000
1692981882708018104 129.644607 125.188493 124 16 0.000000
