1692987141256609291 177.231426 0.000000
1692987141394018546 177.200820 0.000000
1692987141482497413 176.982419 0.000000
1692987141777451897 177.288013 0.000000
1692987141794500060 177.227279 0.000000
1692987141866480324 176.927337 0.000000
1692987142104222361 177.086144 0.000000
1692987142220599814 176.982360 0.000000
1692987142309321797 176.903883 0.000000
1692987142322439281 177.295828 0.000000
1692987142383699065 176.820897 0.000000
1692987142397773223 177.171035 0.000000
1692987142398056905 176.983423 0.000000
1692987142415040617 177.038776 0.000000
1692987142677279953 177.148381 0.000000
1692987142752410153 177.233281 0.000000
1692987142766076416 177.081336 0.000000
1692987142766105230 177.084472 0.000000
1692987142841379178 177.173468 0.000000
1692987142841379759 177.170092 0.000000
1692987142930064192 176.888655 0.000000
1692987143080384694 177.096325 0.000000
1692987143257520812 176.900567 0.000000
1692987143387328947 177.229704 0.000000
1692987143480522663 177.515940 0.000000
1692987143523639452 177.234904 0.000000
1692987143728767772 177.225395 0.000000
1692987143789793197 177.319682 0.000000
1692987143789995666 177.016745 0.000000
1692987143906098616 176.971160 0.000000
1692987143981815926 177.280660 0.000000
1692987144083274428 177.173959 0.000000
1692987144083862240 177.176283 0.000000
1692987144097370756 177.285337 0.000000
1692987144144868920 176.976610 0.000000
1692987144260620500 177.344169 0.000000
1692987144260989161 177.125619 0.000000
1692987144322039703 177.169913 0.000000
1692987144452075775 177.236035 0.000000
1692987144588019793 177.156456 0.000000
1692987144793361013 177.369236 0.000000
1692987144970886341 177.038576 0.000000
1692987145031335094 177.103677 0.000000
1692987145120092233 177.094530 0.000000
1692987145162501544 177.263816 0.000000
1692987145251210253 177.147951 0.000000
1692987145474677416 177.005614 0.000000
1692987145680602229 177.202292 0.000000
1692987145918270918 177.244842 0.000000
1692987145946732862 177.032044 0.000000
1692987145947044125 176.857576 0.000000
1692987145964587336 176.986418 0.000000
1692987146050834719 176.987720 0.000000
1692987146228351932 177.168359 0.000000
1692987146301530613 177.145045 0.000000
1692987146494511107 177.275580 0.000000
1692987146671597532 176.738773 0.000000
1692987147001281619 177.046940 0.000000
1692987147026554162 177.313942 0.000000
1692987147117989111 177.117855 0.000000
1692987147278449775 177.189649 0.000000
1692987147470219730 177.300336 0.000000
1692987147544314238 177.097356 0.000000
1692987147693494842 176.918419 0.000000
1692987147736481407 177.211099 0.000000
1692987147738456110 177.105170 0.000000
1692987147810304917 176.944038 0.000000
1692987148091163693 176.911728 0.000000
1692987148165180124 177.070906 0.000000
1692987148225680865 177.217731 0.000000
1692987148268459490 177.064965 0.000000
1692987148491995933 177.130167 0.000000
1692987148786141580 176.988231 0.000000
1692987148801463787 177.250402 0.000000
1692987148890050657 177.123494 0.000000
1692987148890058111 177.013918 0.000000
1692987148963658432 177.113415 0.000000
1692987149067558141 177.149884 0.000000
1692987149067574532 177.032584 0.000000
1692987149112758155 177.072459 0.000000
1692987149422353328 177.194398 0.000000
1692987149422628354 177.417115 0.000000
1692987149645213614 177.182956 0.000000
1692987149688342886 177.297882 0.000000
1692987149688372813 177.033958 0.000000
1692987149762852602 176.957864 0.000000
1692987149851631292 177.214355 0.000000
1692987149865964835 177.170934 0.000000
1692987149911021511 177.140066 0.000000
1692987149940169920 177.191411 0.000000
1692987149941097990 177.309012 0.000000
1692987150117328792 177.156508 0.000000
1692987150133745632 177.052682 0.000000
1692987150309526178 177.016333 0.000000
1692987150739606515 177.143202 0.000000
1692987150739637544 177.122383 0.000000
1692987150841803553 176.905085 0.000000
1692987150841820946 176.900697 0.000000
1692987151196646219 177.194639 0.000000
1692987151419502587 177.394643 0.000000
1692987151551138378 176.914141 0.000000
1692987151551168715 177.080353 0.000000
1692987151639974515 177.154282 0.000000
1692987151715450623 177.107143 0.000000
1692987151804356009 177.231647 0.000000
1692987151906141064 177.311357 0.000000
1692987152153015564 177.334621 0.000000
1692987152158949890 177.006746 0.000000
1692987152395715385 177.032254 0.000000
1692987152438363906 177.232209 0.000000
1692987152527214069 177.183988 0.000000
1692987152615581287 177.070515 0.000000
1692987152704321202 176.718614 0.000000
1692987152869632651 177.097396 0.000000
1692987153059115688 177.468631 0.000000
1692987153135722326 177.150596 0.000000
1692987153325153085 177.217430 0.000000
1692987153325177090 177.117904 0.000000
1692987153401628547 177.162788 0.000000
1692987153490498528 177.015563 0.000000
1692987153490529606 177.014320 0.000000
1692987153502371840 177.217582 0.000000
1692987153638611391 177.589840 0.000000
1692987153845472021 177.181996 0.000000
1692987154212452093 177.121351 0.000000
1692987154389693608 177.239503 0.000000
1692987154389754402 177.192364 0.000000
1692987154478494049 177.022406 0.000000
1692987154614873804 177.221759 0.000000
1692987154821528505 176.927316 0.000000
1692987154911212472 177.211921 0.000000
1692987154922394527 177.172116 0.000000
1692987155366298001 177.131550 0.000000
1692987155544014597 177.327687 0.000000
1692987155680293353 177.209997 0.000000
1692987155899008898 177.271553 0.000000
1692987155899018636 177.251675 0.000000
1692987156076351744 177.340762 0.000000
1692987156153800891 177.307640 0.000000
1692987156212662770 177.189268 0.000000
1692987156342574078 177.046952 0.000000
1692987156420518595 177.112625 0.000000
1692987156608331039 177.122502 0.000000
1692987156608475850 177.130356 0.000000
1692987156686196248 177.259711 0.000000
1692987156686220103 177.273608 0.000000
1692987156863430890 176.936753 0.000000
1692987156952251738 177.193105 0.000000
1692987157011739490 177.175792 0.000000
1692987157141419605 177.034398 0.000000
1692987157218177757 177.066729 0.000000
1692987157278190073 177.195550 0.000000
1692987157484133111 176.955329 0.000000
1692987157661297121 176.782966 0.000000
1692987157810578686 177.327948 0.000000
1692987157899277647 177.171756 0.000000
1692987158016290801 177.322145 0.000000
1692987158028408671 177.315784 0.000000
1692987158076357539 177.105781 0.000000
1692987158295007621 177.500151 0.000000
1692987158371701662 177.409360 0.000000
1692987158815515368 177.378983 0.000000
1692987158904195924 177.097958 0.000000
1692987159005220362 176.784439 0.000000
1692987159259201435 177.048594 0.000000
1692987159271409604 176.996046 0.000000
1692987159448559218 176.859670 0.000000
1692987159626360615 176.930644 0.000000
1692987159702597379 177.082128 0.000000
1692987159850842380 177.053644 0.000000
1692987159939646178 177.125020 0.000000
1692987159970041575 177.392380 0.000000
1692987160502199586 176.900167 0.000000
1692987160514601708 177.555435 0.000000
1692987160738442973 177.301539 0.000000
1692987160869584048 177.253129 0.000000
1692987161034763567 177.056947 0.000000
1692987161390080483 177.458240 0.000000
1692987161490879960 177.055848 0.000000
1692987161537508272 177.203865 0.000000
1692987161655882049 177.143713 0.000000
1692987162022977237 176.962322 0.000000
1692987162187899426 177.127091 0.000000
1692987162288819088 177.102875 0.000000
1692987162288845458 177.092406 0.000000
1692987162377804746 177.188096 0.000000
1692987162424672137 176.980608 0.000000
1692987162466425640 177.044468 0.000000
1692987162631386733 177.094323 0.000000
1692987162632018358 177.142533 0.000000
1692987163088269430 177.344459 0.000000
1692987163223787270 177.100943 0.000000
1692987163252584221 177.137481 0.000000
1692987163430124126 176.878816 0.000000
1692987163430177005 177.157889 0.000000
1692987163531922696 177.071698 0.000000
1692987163696212859 177.184690 0.000000
1692987163696464852 177.494390 0.000000
1692987163709393843 177.167147 0.000000
1692987163886662290 176.900347 0.000000
1692987164063993002 176.977410 0.000000
1692987164139808938 177.458884 0.000000
1692987164376611814 177.099721 0.000000
1692987164596733475 177.127432 0.000000
1692987164819902179 177.114087 0.000000
1692987165116671065 177.255723 0.000000
1692987165306706358 176.981268 0.000000
1692987165382909831 177.142090 0.000000
1692987165483982619 177.235736 0.000000
1692987165484011173 177.306027 0.000000
1692987165484016533 177.307641 0.000000
1692987165708962258 177.182205 0.000000
1692987165838342912 176.792125 0.000000
1692987166448938233 177.657087 0.000000
1692987166505322386 176.998521 0.000000
1692987166537156560 177.020451 0.000000
1692987166537773066 177.607752 0.000000
1692987166626019247 177.075874 0.000000
1692987166903614354 177.276029 0.000000
1692987167392800748 177.138501 0.000000
1692987167514425330 177.373353 0.000000
1692987167791346764 176.898453 0.000000
1692987168014320503 177.496424 0.000000
1692987168057437713 177.267294 0.000000
1692987168136319656 177.003630 0.000000
1692987168136382755 177.109539 0.000000
1692987168235172985 177.189378 0.000000
1692987168323922470 177.122233 0.000000
1692987168402518698 177.100282 0.000000
1692987168402524609 177.494831 0.000000
1692987168402552982 177.044617 0.000000
1692987168547197936 177.196173 0.000000
1692987168757208528 176.977169 0.000000
1692987168757248303 176.908451 0.000000
1692987168813042821 177.000134 0.000000
1692987168856406373 177.372351 0.000000
1692987168944892774 177.139976 0.000000
1692987168944928932 176.901610 0.000000
1692987169023926373 177.225678 0.000000
1692987169023956369 177.197094 0.000000
1692987169200911138 176.950932 0.000000
1692987169289769178 177.031124 0.000000
1692987169378039222 177.115891 0.000000
1692987169522741991 177.032853 0.000000
1692987169655277919 177.165614 0.000000
1692987169921463395 176.979956 0.000000
1692987169999442106 177.008761 0.000000
1692987170276109234 177.032637 0.000000
1692987170276205124 176.896470 0.000000
1692987170443268576 177.614674 0.000000
1692987170453702980 177.328929 0.000000
1692987170498707018 177.048876 0.000000
1692987170675999248 177.290387 0.000000
1692987170709510457 177.337125 0.000000
1692987170709540444 177.381749 0.000000
1692987170710241318 177.329621 0.000000
1692987170719454592 176.876642 0.000000
1692987170719746108 176.928870 0.000000
1692987170808572868 177.419550 0.000000
1692987170853303522 177.302210 0.000000
1692987171163425103 177.124177 0.000000
1692987171242207670 177.319303 0.000000
1692987171429527913 177.218934 0.000000
1692987171508475649 177.222870 0.000000
1692987171774680061 177.203024 0.000000
1692987171775075292 177.143773 0.000000
1692987172041554368 177.209916 0.000000
1692987172050877968 177.291469 0.000000
1692987172184771091 177.329932 0.000000
1692987172307812128 177.174932 0.000000
1692987172494463748 177.116321 0.000000
1692987172840502018 177.324221 0.000000
1692987173195683569 177.152186 0.000000
1692987173471305738 177.187325 0.000000
1692987173560150941 177.152029 0.000000
1692987173560238175 177.246556 0.000000
1692987173604772171 176.924271 0.000000
1692987173728817701 177.197404 0.000000
1692987174092334571 177.249281 0.000000
1692987174358251545 177.294929 0.000000
1692987174438938111 177.142341 0.000000
1692987174447207635 177.201101 0.000000
1692987174669504264 177.078770 0.000000
1692987174704915608 177.084113 0.000000
1692987174793437714 176.940221 0.000000
1692987174801682502 176.942325 0.000000
1692987174970759391 177.320254 0.000000
1692987175379339339 177.043655 0.000000
1692987175503047857 177.162769 0.000000
1692987175556351585 177.010994 0.000000
1692987175734387451 177.005605 0.000000
1692987175778267230 177.113827 0.000000
1692987175858133422 177.194030 0.000000
1692987175911711714 176.896070 0.000000
1692987175956159918 177.328490 0.000000
1692987176044709376 177.262953 0.000000
1692987176124445482 177.113856 0.000000
1692987176310490344 176.991729 0.000000
1692987176310521081 176.925004 0.000000
1692987176399316392 177.004834 0.000000
1692987176709695023 176.849751 0.000000
1692987177020294891 177.076297 0.000000
1692987177064435619 177.105271 0.000000
1692987177064488007 177.201452 0.000000
1692987177109014429 177.021514 0.000000
1692987177463705483 177.174241 0.000000
1692987177545938159 176.880890 0.000000
1692987177723412041 177.132191 0.000000
1692987177907830834 177.016334 0.000000
1692987177951931107 177.196452 0.000000
1692987178172843760 177.028864 0.000000
1692987178218065458 177.032003 0.000000
1692987178522270243 177.386999 0.000000
1692987178661231418 177.015803 0.000000
1692987178705216325 177.010754 0.000000
1692987178794012727 177.061770 0.000000
1692987178794362813 176.967813 0.000000
1692987178971048328 177.079904 0.000000
1692987179148542848 177.040488 0.000000
1692987179148578435 176.872634 0.000000
1692987179232507582 177.094671 0.000000
1692987179325670851 177.074042 0.000000
1692987179414435154 176.771816 0.000000
1692987179503510229 176.799077 0.000000
1692987179591640983 177.204297 0.000000
1692987179765368301 177.269249 0.000000
1692987179858410894 176.942977 0.000000
1692987179993732526 177.178438 0.000000
1692987180034890743 176.984255 0.000000
1692987180123662279 177.065057 0.000000
1692987180211896388 177.003561 0.000000
1692987180300633849 176.955510 0.000000
1692987180300666139 176.788627 0.000000
1692987180477648900 176.998290 0.000000
1692987180477673015 176.743512 0.000000
1692987180566393735 176.907779 0.000000
1692987180703826765 177.452572 0.000000
1692987180920228493 177.589710 0.000000
1692987181097598339 177.368233 0.000000
1692987181098231155 177.019108 0.000000
1692987181366618709 176.890789 0.000000
1692987181453152209 176.897622 0.000000
1692987181543111111 176.982330 0.000000
1692987181591066912 177.121481 0.000000
1692987181809314691 176.884398 0.000000
1692987181896728301 177.490944 0.000000
1692987182034588302 176.988473 0.000000
1692987182074875546 176.893855 0.000000
1692987182163218928 177.165632 0.000000
1692987182251447236 177.173819 0.000000
1692987182340244329 176.892813 0.000000
1692987182784298477 176.865981 0.000000
1692987182784410787 176.975145 0.000000
1692987183050299647 177.112244 0.000000
1692987183138992455 177.445878 0.000000
1692987183228242368 176.904695 0.000000
1692987183366012139 177.151036 0.000000
1692987183405466203 177.052805 0.000000
1692987183405512259 176.808276 0.000000
1692987183760493704 177.120388 0.000000
1692987184115966222 177.131929 0.000000
1692987184116000576 176.969133 0.000000
1692987184253347587 176.941115 0.000000
1692987184293719208 177.298113 0.000000
1692987184560301627 176.927708 0.000000
1692987184737439560 177.209978 0.000000
1692987184826358431 177.062241 0.000000
1692987184826390511 176.746209 0.000000
1692987185447145302 177.217211 0.000000
1692987185536128515 176.848380 0.000000
1692987185536736676 177.254060 0.000000
1692987185585416245 177.048215 0.000000
1692987185624353066 177.064385 0.000000
1692987186333884472 177.135245 0.000000
1692987186472383863 177.021135 0.000000
1692987186601087055 176.983723 0.000000
1692987186866692553 177.141659 0.000000
1692987186916586148 177.284016 0.000000
1692987187133737751 176.902632 0.000000
1692987187626237980 177.150606 0.000000
1692987187665470996 177.037514 0.000000
1692987187754966179 176.713074 0.000000
1692987187931722976 176.987229 0.000000
1692987188110075577 177.179151 0.000000
1692987188197959328 177.315456 0.000000
1692987188375125323 177.123355 0.000000
1692987188464442943 176.689141 0.000000
1692987188730816331 176.803085 0.000000
1692987188730960481 176.892722 0.000000
1692987188819355330 177.305495 0.000000
1692987188819389394 177.233079 0.000000
1692987188996938039 176.840918 0.000000
1692987189135070398 176.952601 0.000000
1692987189174706852 177.091493 0.000000
1692987189755999336 177.114177 0.000000
1692987189885048940 176.889919 0.000000
1692987190022037335 176.987730 0.000000
1692987190240064500 176.675647 0.000000
1692987190328922397 177.096144 0.000000
1692987190417972266 176.943958 0.000000
1692987190506697435 176.933980 0.000000
1692987190506761625 177.249492 0.000000
1692987190683738836 176.974627 0.000000
1692987190861948237 177.064655 0.000000
1692987191038364737 177.128605 0.000000
1692987191039330858 177.069144 0.000000
1692987191127601866 177.085383 0.000000
1692987191304379592 176.900727 0.000000
1692987191304425378 176.755444 0.000000
1692987191305153724 177.099049 0.000000
1692987191305326508 177.000243 0.000000
1692987191353432060 177.122934 0.000000
1692987191659772300 177.072809 0.000000
1692987191747827023 176.957212 0.000000
1692987191837440508 176.973796 0.000000
1692987192014392401 176.908322 0.000000
1692987192014514760 176.983112 0.000000
1692987192014946390 176.998000 0.000000
1692987192102845299 177.206651 0.000000
1692987192329992984 177.257416 0.000000
1692987192369633836 176.969997 0.000000
1692987192547172692 176.942849 0.000000
1692987192684674780 177.033146 0.000000
1692987192862349638 177.228281 0.000000
1692987192901485694 177.308131 0.000000
1692987192990779068 177.169812 0.000000
1692987192990944989 177.170925 0.000000
1692987193168761445 177.234805 0.000000
1692987193305737689 176.969216 0.000000
1692987193345812854 176.942124 0.000000
1692987193345961072 177.163399 0.000000
1692987193700593596 177.075535 0.000000
1692987193877941482 177.079423 0.000000
1692987193966846739 177.169832 0.000000
1692987193968011132 177.063683 0.000000
1692987194105341821 177.527884 0.000000
1692987194193770036 177.150138 0.000000
1692987194411159872 176.990354 0.000000
1692987194677516479 177.130819 0.000000
1692987194766045921 176.970068 0.000000
1692987194943696114 177.563050 0.000000
1692987195032425832 177.100322 0.000000
1692987195032845669 177.097767 0.000000
1692987195033234919 176.888825 0.000000
1692987195209990425 177.160004 0.000000
1692987195388668424 177.992684 0.000000
1692987195564665751 176.943541 0.000000
1692987195565521005 176.814299 0.000000
1692987195743097636 176.861330 0.000000
1692987195831029047 176.760142 0.000000
1692987196275212408 177.185111 0.000000
1692987196985177668 176.844914 0.000000
1692987196985651185 176.839524 0.000000
1692987197251326095 177.449237 0.000000
1692987197606584431 176.648696 0.000000
1692987197783479258 176.994103 0.000000
1692987197961099836 176.662231 0.000000
1692987198138812506 177.244412 0.000000
1692987198227067223 177.086657 0.000000
1692987198227620230 176.914644 0.000000
1692987198405303328 176.654169 0.000000
1692987198492954852 176.977433 0.000000
1692987198581531973 177.104096 0.000000
1692987198760455454 177.147031 0.000000
1692987198937788593 177.144075 0.000000
1692987199165416397 177.277063 0.000000
1692987199203878639 176.861074 0.000000
1692987199292729595 176.958597 0.000000
1692987199341775510 177.033037 0.000000
1692987199430405992 177.008431 0.000000
1692987199468492870 176.897712 0.000000
1692987199558042193 176.999713 0.000000
1692987199647343823 177.245543 0.000000
1692987199735241460 177.196853 0.000000
1692987199736072629 177.126010 0.000000
1692987199824167306 177.088189 0.000000
1692987200000816101 177.387550 0.000000
1692987200178443500 176.840123 0.000000
1692987200355675751 176.951214 0.000000
1692987200355874243 176.817693 0.000000
1692987200533388732 177.267757 0.000000
1692987200533873642 177.034239 0.000000
1692987200799904667 177.121412 0.000000
1692987200977337563 177.085165 0.000000
1692987200977386445 177.445520 0.000000
1692987201029213073 177.147862 0.000000
1692987201066388422 176.978192 0.000000
1692987201116788777 177.159293 0.000000
1692987201332653979 177.489202 0.000000
1692987201510327817 177.185694 0.000000
1692987201599083181 177.030958 0.000000
1692987201687990291 177.457599 0.000000
1692987201827901790 177.103369 0.000000
1692987202043443884 176.903282 0.000000
1692987202131860514 177.414551 0.000000
1692987202220659111 176.783698 0.000000
1692987202398281231 177.215217 0.000000
1692987202447417466 177.218775 0.000000
1692987203019374817 177.236126 0.000000
1692987203108233166 177.004693 0.000000
1692987203197550003 176.935432 0.000000
1692987203286111015 177.162357 0.000000
1692987203374398052 177.052362 0.000000
1692987203640294807 177.316618 0.000000
1692987203690168063 177.524417 0.000000
1692987203818594288 177.491055 0.000000
1692987203906454425 177.298293 0.000000
1692987204084112382 176.995134 0.000000
1692987204172610716 177.320042 0.000000
1692987204261919319 176.664105 0.000000
1692987204350714629 177.094972 0.000000
1692987204439370418 177.076246 0.000000
1692987204528422401 176.896651 0.000000
1692987204705912052 177.203806 0.000000
1692987204882259413 176.956062 0.000000
1692987204932759865 177.434127 0.000000
1692987205060860047 177.273095 0.000000
1692987205109927663 177.162809 0.000000
1692987205148780769 177.122545 0.000000
1692987205415564686 176.868477 0.000000
1692987205503434632 177.199898 0.000000
1692987205731278963 177.444137 0.000000
1692987205770391855 176.890097 0.000000
1692987206213769054 177.003290 0.000000
1692987206302529470 177.040460 0.000000
1692987206302627063 176.647934 0.000000
1692987206480541821 176.843209 0.000000
1692987206746635926 177.338089 0.000000
1692987206835230159 177.008658 0.000000
1692987206835898542 177.116632 0.000000
1692987206884907799 177.022345 0.000000
1692987206973698541 177.086165 0.000000
1692987207012590920 177.254922 0.000000
1692987207101887560 177.623854 0.000000
1692987207190790462 176.903042 0.000000
1692987207335976239 177.201923 0.000000
1692987207457412627 176.978273 0.000000
1692987207724070228 177.351443 0.000000
1692987207860716394 176.979495 0.000000
1692987207901270679 177.002018 0.000000
1692987207989902512 176.976941 0.000000
1692987208126769212 177.217703 0.000000
1692987208303849618 177.076789 0.000000
1692987208612283324 177.432125 0.000000
1692987208700541628 177.062962 0.000000
1692987208700568418 177.392550 0.000000
1692987208701145921 177.131951 0.000000
1692987208966938820 177.501684 0.000000
1692987209055957028 177.104790 0.000000
1692987209190961858 177.174633 0.000000
1692987209322374139 177.156504 0.000000
1692987209322549899 177.296067 0.000000
1692987209322563865 177.027122 0.000000
1692987209500052726 176.834785 0.000000
1692987209676938565 176.882523 0.000000
1692987209853836999 177.168771 0.000000
1692987210475846413 176.806410 0.000000
1692987210610111354 177.083481 0.000000
1692987210919516581 176.724825 0.000000
1692987210979676004 177.711359 0.000000
1692987211008369781 176.872856 0.000000
1692987211096615199 177.095562 0.000000
1692987211362080596 177.197624 0.000000
1692987212134559183 177.277524 0.000000
1692987212250969079 177.192937 0.000000
1692987212384404925 177.106443 0.000000
1692987212400391698 177.296521 0.000000
1692987212606579396 177.112134 0.000000
1692987212872228225 177.155254 0.000000
1692987212961129836 176.920586 0.000000
1692987212961137039 176.716182 0.000000
1692987212961412045 176.708097 0.000000
1692987213138937744 177.015995 0.000000
1692987213227319700 177.454195 0.000000
1692987213493258322 177.154262 0.000000
1692987213582628582 176.666379 0.000000
1692987213670903838 176.893876 0.000000
1692987213760038644 176.910566 0.000000
1692987213937481228 176.965881 0.000000
1692987213981852148 177.103027 0.000000
1692987214025583800 177.087969 0.000000
1692987214203239133 177.044859 0.000000
1692987214203695719 177.080085 0.000000
1692987214425433180 177.164792 0.000000
1692987214558496038 177.194399 0.000000
1692987214602636576 177.201763 0.000000
1692987214620165460 177.409792 0.000000
1692987214647609093 177.376690 0.000000
1692987214647803067 177.485143 0.000000
1692987215002484403 176.954258 0.000000
1692987215311977526 177.079093 0.000000
1692987215356814951 177.020633 0.000000
1692987215445512999 177.187505 0.000000
1692987215622890302 177.375650 0.000000
1692987215712179678 177.101163 0.000000
1692987216129473735 177.388502 0.000000
1692987216157074113 176.834835 0.000000
1692987216245136419 177.348969 0.000000
1692987216245808890 177.014671 0.000000
1692987216245845870 176.763932 0.000000
1692987216600561871 177.809362 0.000000
1692987216601113796 178.340949 0.000000
1692987216866833238 177.381269 0.000000
1692987216955815670 177.262647 0.000000
1692987217221932608 177.243090 0.000000
1692987217488508756 176.773970 0.000000
1692987218375801596 177.112777 0.000000
1692987218376176760 176.929614 0.000000
1692987218438080232 177.246730 0.000000
1692987218463553962 177.066029 0.000000
1692987218464323946 176.917541 0.000000
1692987218730217173 177.021335 0.000000
1692987218731034806 176.909545 0.000000
1692987218996813229 176.872184 0.000000
1692987219217805924 177.009922 0.000000
1692987219351617385 177.369937 0.000000
1692987219438838085 177.229777 0.000000
1692987219794711894 176.685673 0.000000
1692987219795741675 176.975527 0.000000
1692987219972533719 177.061960 0.000000
1692987220238923518 176.845363 0.000000
1692987220414590644 177.129307 0.000000
1692987220417005641 176.942166 0.000000
1692987220680720325 177.138233 0.000000
1692987220948194217 177.171806 0.000000
1692987220948529525 177.082588 0.000000
1692987221214555253 176.916246 0.000000
1692987221302635663 176.968777 0.000000
1692987221391722741 176.793768 0.000000
1692987221479595352 177.662847 0.000000
1692987221524942394 177.229266 0.000000
1692987221568491963 176.758242 0.000000
1692987221834508194 176.772900 0.000000
1692987221923631618 177.177166 0.000000
1692987222190105725 177.100283 0.000000
1692987222190111146 178.073187 0.000000
1692987222278977420 176.818254 0.000000
1692987222279343406 177.133775 0.000000
1692987222279467939 177.220728 0.000000
1692987222323542223 177.264961 0.000000
1692987222455953309 177.062572 0.000000
1692987222456466411 177.066499 0.000000
1692987222723310152 177.245505 0.000000
1692987223166240163 176.914955 0.000000
1692987223166651504 176.808516 0.000000
1692987223388226181 177.153281 0.000000
1692987223410879583 177.297191 0.000000
1692987223432237146 176.887693 0.000000
1692987223520778741 177.083851 0.000000
1692987223610356138 176.959379 0.000000
1692987223765836535 177.147720 0.000000
1692987223965996984 176.871283 0.000000
1692987224120522851 177.189701 0.000000
1692987224141725143 177.318982 0.000000
1692987224143358826 176.733274 0.000000
1692987224186014570 177.032014 0.000000
1692987224274813668 176.912771 0.000000
1692987224496459368 177.369617 0.000000
1692987224497434055 176.925945 0.000000
1692987224673821672 177.037024 0.000000
1692987224718056547 177.102226 0.000000
1692987224852341045 177.244783 0.000000
1692987225029462997 176.945010 0.000000
1692987225118023287 177.288445 0.000000
1692987225384522932 177.625235 0.000000
1692987225427513346 176.999535 0.000000
1692987225650479510 177.057953 0.000000
1692987225782127654 176.904115 0.000000
1692987226005432123 177.171274 0.000000
1692987226005933213 177.061498 0.000000
1692987226094613609 177.223813 0.000000
1692987226314614114 177.594048 0.000000
1692987226626658330 177.048896 0.000000
1692987226981999883 176.844292 0.000000
1692987227070727116 177.197234 0.000000
1692987227228660152 177.468523 0.000000
1692987227248417264 177.048505 0.000000
1692987227337376673 177.094402 0.000000
1692987227514667261 177.094290 0.000000
1692987227672533080 177.134505 0.000000
1692987227780789339 177.368235 0.000000
1692987227823443069 177.060046 0.000000
1692987228089521856 177.013920 0.000000
1692987228135745729 177.404692 0.000000
1692987228355653712 177.371541 0.000000
1692987228401998142 177.171005 0.000000
1692987228491440887 177.000505 0.000000
1692987228579640531 177.144405 0.000000
1692987228756943714 176.852588 0.000000
1692987228846493248 176.742091 0.000000
1692987229112381297 177.102786 0.000000
1692987229154349823 177.190741 0.000000
1692987229289495004 177.109910 0.000000
1692987229378826390 177.045159 0.000000
1692987229644748113 177.176804 0.000000
1692987229645269420 177.182886 0.000000
1692987229734099506 177.069965 0.000000
1692987229864365200 177.237210 0.000000
1692987229911525621 177.203768 0.000000
1692987230000285784 177.025361 0.000000
1692987230088929070 177.082908 0.000000
1692987230130074333 176.984765 0.000000
1692987230159855850 177.235336 0.000000
1692987230442959216 177.190360 0.000000
1692987230531496935 176.856035 0.000000
1692987230532172982 176.650830 0.000000
1692987230621335762 176.881693 0.000000
1692987230709180260 177.146119 0.000000
1692987230797514105 177.224845 0.000000
1692987230839733903 176.944550 0.000000
1692987230839763279 177.165644 0.000000
1692987230974713032 177.196583 0.000000
1692987230975235662 176.981710 0.000000
1692987231063636954 177.221209 0.000000
1692987231152075937 177.360109 0.000000
1692987231153161643 176.796012 0.000000
1692987231242082088 177.178419 0.000000
1692987231403646564 177.169172 0.000000
1692987231419879609 177.135319 0.000000
1692987231508322528 177.141780 0.000000
1692987231596603675 177.321175 0.000000
1692987231685280183 176.830025 0.000000
1692987231952062238 177.248270 0.000000
1692987232040143670 177.278105 0.000000
1692987232217430272 177.246627 0.000000
1692987232572573433 177.154423 0.000000
1692987233194697171 177.289295 0.000000
1692987233283616665 177.313422 0.000000
1692987233549614901 176.875522 0.000000
1692987233890490824 177.420122 0.000000
1692987233993941371 177.174683 0.000000
1692987234170687510 177.144115 0.000000
1692987234170979056 177.081356 0.000000
1692987234348163016 176.935463 0.000000
1692987234436848751 176.854401 0.000000
1692987234511664361 177.250946 0.000000
1692987234657494646 177.061109 0.000000
1692987234880208348 177.123245 0.000000
1692987235133008669 177.318121 0.000000
1692987235147504688 176.887344 0.000000
1692987235367331207 177.109349 0.000000
1692987235412747156 177.077279 0.000000
1692987235413194144 176.756818 0.000000
1692987235502469625 177.038987 0.000000
1692987235679076444 177.192497 0.000000
1692987235810911790 177.086097 0.000000
1692987235856948843 176.908772 0.000000
1692987236567732689 177.752646 0.000000
1692987236567744211 177.070076 0.000000
1692987236567771001 177.177357 0.000000
1692987236746016321 177.135238 0.000000
1692987236923101525 176.984114 0.000000
1692987236923175574 177.300778 0.000000
1692987237101167257 177.528645 0.000000
1692987237101171034 177.431052 0.000000
1692987237101228311 177.266724 0.000000
1692987237278635539 177.090383 0.000000
1692987237456111636 177.152350 0.000000
1692987237545232718 177.173730 0.000000
1692987237811496341 177.185863 0.000000
1692987237900005376 177.401458 0.000000
1692987237900042956 177.232942 0.000000
1692987238166436322 176.766788 0.000000
1692987238343157634 176.974398 0.000000
1692987238432604175 176.837420 0.000000
1692987238520715283 177.080805 0.000000
1692987238875674090 177.300698 0.000000
1692987238875711660 177.121141 0.000000
1692987239408366255 177.298914 0.000000
1692987239409078451 177.032095 0.000000
1692987239497269110 177.316009 0.000000
1692987239498205325 177.829652 0.000000
1692987240118868634 177.439387 0.000000
1692987240337870647 177.080765 0.000000
1692987240384763386 177.078041 0.000000
1692987240473637728 177.201685 0.000000
1692987240515259353 177.053216 0.000000
1692987240561936917 176.884158 0.000000
1692987240651103002 176.753059 0.000000
1692987240828423427 177.049857 0.000000
1692987241184967245 177.396587 0.000000
1692987241362066766 176.780473 0.000000
1692987241402238042 177.058501 0.000000
1692987241526667654 177.223434 0.000000
1692987241627688576 176.772748 0.000000
1692987241715964723 177.353897 0.000000
1692987241756929928 177.095252 0.000000
1692987241804762560 177.190172 0.000000
1692987241894072657 176.858792 0.000000
1692987242071029168 176.954958 0.000000
1692987242071076767 177.041971 0.000000
1692987242515250051 177.726186 0.000000
1692987242515907974 177.024570 0.000000
1692987242692370972 177.117785 0.000000
1692987242825289861 179.954644 0.000000
1692987243002499016 177.178158 0.000000
1692987243135923432 177.021195 0.000000
1692987243357269752 177.221621 0.000000
1692987243401911860 177.107156 0.000000
1692987243580392770 176.737131 0.000000
1692987244200814068 177.091666 0.000000
1692987244200862569 177.008490 0.000000
1692987244244835536 177.150820 0.000000
1692987244467163664 177.002991 0.000000
1692987244599414437 177.084469 0.000000
1692987244644424706 177.035378 0.000000
1692987244733949274 176.978444 0.000000
1692987244734060052 177.018910 0.000000
1692987244776685230 177.268419 0.000000
1692987244911510724 176.958409 0.000000
1692987245042527132 177.201839 0.000000
1692987245354022370 176.881683 0.000000
1692987245354423242 176.806082 0.000000
1692987245531335231 176.970850 0.000000
1692987245797639751 176.931757 0.000000
1692987245886378666 176.784962 0.000000
1692987246063092915 176.935564 0.000000
1692987246152515472 176.986990 0.000000
1692987246373389966 176.861195 0.000000
1692987246418168041 176.822053 0.000000
1692987246419238738 176.997802 0.000000
1692987246419881283 177.464898 0.000000
1692987246596828437 176.907590 0.000000
1692987246950869493 177.032806 0.000000
1692987247171907825 177.170996 0.000000
1692987247305229437 177.203835 0.000000
1692987247349220926 176.953507 0.000000
1692987247571341256 177.126451 0.000000
1692987247615106751 177.204437 0.000000
1692987247660815129 176.834413 0.000000
1692987248014413195 177.059216 0.000000
1692987248014460283 177.137372 0.000000
1692987248103129067 176.942986 0.000000
1692987248458627896 176.782086 0.000000
1692987248547276972 176.916468 0.000000
1692987248724328113 176.868508 0.000000
1692987248725330533 177.239083 0.000000
1692987248901326565 176.996779 0.000000
1692987248901596181 176.880601 0.000000
1692987248945608619 177.124639 0.000000
1692987248989990761 177.032966 0.000000
1692987249078763340 176.769874 0.000000
1692987249255900134 177.135171 0.000000
1692987249432953525 176.945389 0.000000
1692987249433340831 177.023555 0.000000
1692987249433353495 177.128131 0.000000
1692987249699757381 176.893181 0.000000
1692987249787901433 176.983114 0.000000
1692987249920911369 176.947206 0.000000
1692987249965132990 176.944939 0.000000
1692987250320614878 176.770215 0.000000
1692987250408905792 177.069454 0.000000
1692987250497831608 176.810658 0.000000
1692987250586378503 176.942147 0.000000
1692987250808225662 177.231129 0.000000
1692987251030308320 176.922378 0.000000
1692987251119349714 177.130720 0.000000
1692987251207533006 177.038005 0.000000
1692987251207711520 177.168409 0.000000
1692987251296040818 177.532241 0.000000
1692987251296076194 177.444346 0.000000
1692987251473582418 176.823724 0.000000
1692987251473993749 177.094041 0.000000
1692987251739769618 176.781453 0.000000
1692987251784019902 177.235496 0.000000
1692987251917414603 176.787497 0.000000
1692987252005620116 177.276202 0.000000
1692987252006281285 176.959868 0.000000
1692987252094753921 176.847035 0.000000
1692987252095026312 176.947975 0.000000
1692987252183785175 176.958557 0.000000
1692987252272264042 177.671213 0.000000
1692987252316055737 176.984146 0.000000
1692987252361223181 177.105423 0.000000
1692987252361680558 177.466519 0.000000
1692987252449415842 176.854111 0.000000
1692987252538427508 177.078451 0.000000
1692987252627098787 176.677921 0.000000
1692987252892809453 176.979386 0.000000
1692987252893476023 176.895068 0.000000
1692987252981794692 177.009635 0.000000
1692987252981873580 176.776087 0.000000
1692987253070522575 176.735008 0.000000
1692987253424661835 177.314173 0.000000
1692987253602780628 177.063274 0.000000
1692987253690525009 177.152061 0.000000
1692987253691814066 177.382673 0.000000
1692987253868627921 177.179300 0.000000
1692987253912276327 177.039759 0.000000
1692987253956647709 176.684714 0.000000
1692987254133653284 177.038566 0.000000
1692987254311933348 177.093659 0.000000
1692987254578257526 176.916026 0.000000
1692987254755386404 176.893166 0.000000
1692987255243158799 177.126693 0.000000
1692987255288338687 177.371753 0.000000
1692987255377447565 176.895009 0.000000
1692987255643307183 177.296361 0.000000
1692987255732107083 177.030604 0.000000
1692987255732549712 177.069617 0.000000
1692987255998368865 176.859453 0.000000
1692987255998498969 176.838734 0.000000
1692987255998754669 176.860105 0.000000
1692987256264344096 177.257517 0.000000
1692987256353440741 177.520220 0.000000
1692987256353785538 177.436443 0.000000
1692987256354224120 177.904680 0.000000
1692987256530929592 176.657752 0.000000
1692987256708280534 177.319834 0.000000
1692987256975406807 177.403811 0.000000
1692987257153536139 176.865893 0.000000
1692987257418253323 177.338409 0.000000
1692987257773341952 177.249401 0.000000
1692987257773477887 176.693589 0.000000
1692987257862115784 177.070487 0.000000
1692987258128001089 176.920376 0.000000
1692987258128312452 176.755197 0.000000
1692987258305490120 177.271084 0.000000
1692987258660957030 177.061870 0.000000
1692987258838244363 177.250985 0.000000
1692987259104233322 177.177057 0.000000
1692987259104747386 176.773410 0.000000
1692987259281453779 177.089172 0.000000
1692987259370161927 177.149613 0.000000
1692987259637288982 178.195708 0.000000
1692987259814773643 176.857125 0.000000
1692987259903411549 177.411927 0.000000
1692987259903447667 176.763121 0.000000
1692987259903576368 176.832421 0.000000
1692987260036432057 177.094672 0.000000
1692987260169349091 177.150697 0.000000
1692987260169934299 176.780794 0.000000
1692987260525339092 177.327358 0.000000
1692987260834836312 177.097735 0.000000
1692987260968072476 176.743274 0.000000
1692987261056668363 177.098190 0.000000
1692987261233516944 176.897623 0.000000
1692987261323167829 176.864170 0.000000
1692987261500098266 176.901523 0.000000
1692987261587786529 177.021435 0.000000
1692987261765189779 177.046812 0.000000
1692987261765242508 177.003581 0.000000
1692987261765339169 176.715360 0.000000
1692987261765951587 176.929042 0.000000
1692987261943216699 176.863398 0.000000
1692987262474513249 177.182917 0.000000
1692987262475291859 177.397219 0.000000
1692987262475643258 176.791614 0.000000
1692987262564265133 177.101605 0.000000
1692987262741529324 177.176215 0.000000
1692987262829683022 176.650219 0.000000
1692987262963477191 177.168270 0.000000
1692987263096189742 177.021454 0.000000
1692987263184172871 177.338190 0.000000
1692987263627300875 176.993262 0.000000
1692987263627319229 176.650079 0.000000
1692987263627787838 176.643937 0.000000
1692987263850250561 177.273599 0.000000
1692987263893739978 176.659055 0.000000
1692987263981896502 177.126613 0.000000
1692987264072040313 177.096938 0.000000
1692987264159540213 177.142581 0.000000
1692987264249202451 176.780042 0.000000
1692987264513892352 176.979425 0.000000
1692987264737330683 177.175633 0.000000
1692987264958411785 176.955702 0.000000
1692987265134239522 177.105382 0.000000
1692987265134665942 176.817703 0.000000
1692987265312737235 176.788909 0.000000
1692987265358161952 177.060059 0.000000
1692987265489024116 176.952810 0.000000
1692987265489672992 176.770688 0.000000
1692987265801495261 176.959420 0.000000
1692987265844019488 177.222051 0.000000
1692987265933410286 176.861996 0.000000
1692987266110828478 176.848263 0.000000
1692987266288742414 176.697896 0.000000
1692987266377300920 176.724348 0.000000
1692987266643397721 177.001778 0.000000
1692987266820363013 176.988064 0.000000
1692987266820414089 176.810612 0.000000
1692987266865382839 177.062641 0.000000
1692987266954031385 176.789641 0.000000
1692987267353102959 177.226430 0.000000
1692987267530101971 176.963877 0.000000
1692987267618387768 177.121984 0.000000
1692987267618888366 176.760346 0.000000
1692987267619194059 176.707197 0.000000
1692987267885080476 176.932688 0.000000
1692987268151188619 176.960071 0.000000
1692987268239709706 177.306970 0.000000
1692987268329210659 176.884508 0.000000
1692987268416733775 177.017016 0.000000
1692987268418087653 176.947205 0.000000
1692987268683936580 177.067030 0.000000
1692987268861453384 177.025362 0.000000
1692987269126590986 177.032986 0.000000
1692987269304994513 176.861926 0.000000
1692987269393169911 177.145055 0.000000
1692987269481848693 177.224043 0.000000
1692987269660066571 176.925135 0.000000
1692987269660096287 176.970780 0.000000
1692987269660233444 177.131080 0.000000
1692987269838015948 177.396850 0.000000
1692987269926037376 177.165704 0.000000
1692987270015096612 176.939449 0.000000
1692987270192004153 177.034178 0.000000
1692987270369591983 177.108310 0.000000
1692987270592287672 177.078724 0.000000
1692987270635671891 177.018721 0.000000
1692987270636673088 177.270543 0.000000
1692987270725412814 176.940543 0.000000
1692987270991182031 177.156158 0.000000
1692987271346288745 177.220607 0.000000
1692987271434039216 177.230808 0.000000
1692987271434604847 177.141770 0.000000
1692987271522840037 176.870701 0.000000
1692987271523699188 176.991648 0.000000
1692987271699944989 177.103429 0.000000
1692987271788780395 177.106633 0.000000
1692987272054537891 177.124379 0.000000
1692987272320351202 177.135760 0.000000
1692987272321241471 176.833443 0.000000
1692987272321963234 176.681509 0.000000
1692987272586778191 176.818855 0.000000
1692987272587169345 176.794270 0.000000
1692987272587322622 176.835958 0.000000
1692987272722132716 176.898365 0.000000
1692987272853727210 177.272687 0.000000
1692987273119761875 176.850495 0.000000
1692987273208485542 176.852878 0.000000
1692987273386023839 176.921340 0.000000
1692987273475059979 177.461140 0.000000
1692987273563252359 177.225916 0.000000
1692987273698194080 177.111554 0.000000
1692987273740750608 176.987882 0.000000
1692987273830338846 176.897261 0.000000
1692987274320702091 177.037985 0.000000
1692987274450786013 177.316127 0.000000
1692987274451624415 176.755496 0.000000
1692987274540121547 176.995295 0.000000
1692987274717385367 176.856526 0.000000
1692987274763526196 176.911299 0.000000
1692987274805869466 177.423731 0.000000
1692987274982975429 176.961683 0.000000
1692987274983754189 176.994604 0.000000
1692987275160692797 176.936053 0.000000
1692987275384102225 177.099369 0.000000
1692987275514872123 177.130731 0.000000
1692987275515249451 176.800601 0.000000
1692987275515729411 176.913373 0.000000
1692987275869959082 176.821009 0.000000
1692987276047764706 177.106444 0.000000
1692987276136796310 177.248369 0.000000
1692987276314099394 177.153733 0.000000
1692987276314480869 177.140128 0.000000
1692987276536989818 176.972813 0.000000
1692987276757713561 177.341987 0.000000
1692987276802849696 177.117235 0.000000
1692987277024096630 177.433638 0.000000
1692987277113030581 176.820459 0.000000
1692987277290177402 177.144236 0.000000
1692987277467732447 177.497237 0.000000
1692987277557459243 177.456220 0.000000
1692987277645029017 176.925525 0.000000
1692987277733750490 176.974588 0.000000
1692987277911116391 177.175113 0.000000
1692987277911510570 176.975959 0.000000
1692987277911539955 176.963597 0.000000
1692987277912256289 177.138244 0.000000
1692987278089026092 176.811061 0.000000
1692987278133277067 176.873728 0.000000
1692987278533405504 177.273850 0.000000
1692987278622342671 176.944121 0.000000
1692987278710623777 177.216449 0.000000
1692987278711105560 177.140427 0.000000
1692987278754179550 177.092539 0.000000
1692987278888084236 177.011246 0.000000
1692987278888155419 177.047344 0.000000
1692987279066066001 177.267566 0.000000
1692987279198017226 177.191016 0.000000
1692987279332161570 176.860223 0.000000
1692987279509344117 177.180954 0.000000
1692987279686989102 176.930275 0.000000
1692987279687360077 177.055309 0.000000
1692987279688008282 177.180164 0.000000
1692987279775381156 177.217483 0.000000
1692987279864101980 177.160157 0.000000
1692987280041930826 176.831907 0.000000
1692987280307808949 177.342428 0.000000
1692987280396897659 176.976311 0.000000
1692987280663117401 177.020012 0.000000
1692987280840785679 177.130430 0.000000
1692987280973204199 177.137333 0.000000
1692987281017846088 176.879271 0.000000
1692987281461939634 177.091077 0.000000
1692987281462394486 177.165085 0.000000
1692987282261510937 177.126532 0.000000
1692987282438474994 176.799068 0.000000
1692987282527393738 177.043065 0.000000
1692987282882545769 177.029051 0.000000
1692987283149133260 177.100995 0.000000
1692987283414601572 177.034129 0.000000
1692987283680648631 177.390818 0.000000
1692987283857633227 176.982663 0.000000
1692987283947188813 177.057222 0.000000
1692987283947394018 176.867296 0.000000
1692987284124302812 177.078953 0.000000
1692987284434907200 177.205080 0.000000
1692987284479463248 177.203868 0.000000
1692987284479941745 176.845487 0.000000
1692987284700781473 177.020654 0.000000
1692987284745813253 176.890980 0.000000
1692987284746016234 176.799599 0.000000
1692987284923399408 177.092529 0.000000
1692987285012262396 176.711595 0.000000
1692987285012583658 176.895880 0.000000
1692987285278440740 176.736921 0.000000
1692987285278760509 176.845655 0.000000
1692987285455781705 176.776998 0.000000
1692987285632852553 177.066830 0.000000
1692987285810466801 176.988074 0.000000
1692987285988444087 177.090182 0.000000
1692987286431682489 177.162740 0.000000
1692987286520846792 176.798236 0.000000
1692987286609664987 176.811484 0.000000
1692987286786827847 177.450208 0.000000
1692987286786960476 176.757109 0.000000
1692987287230906714 177.010564 0.000000
1692987287319236655 177.447766 0.000000
1692987287319295806 176.905880 0.000000
1692987287674601060 177.335222 0.000000
1692987287984372366 177.209968 0.000000
1692987288028676671 177.032796 0.000000
1692987288117877984 176.883075 0.000000
1692987288207362528 177.023850 0.000000
1692987288295705080 177.022547 0.000000
1692987288516278960 177.174991 0.000000
1692987288560934895 177.152900 0.000000
1692987288738997815 176.907203 0.000000
1692987288827432839 176.863409 0.000000
1692987289805749313 177.521263 0.000000
1692987290247883954 177.214896 0.000000
1692987290291478099 177.221360 0.000000
