1692987141216878822 144.900811 0.000000
1692987141230550094 145.098772 0.000000
1692987141289338815 145.277677 0.000000
1692987141362149857 144.886224 0.000000
1692987141434965307 144.890562 0.000000
1692987141450894352 144.893177 0.000000
1692987141579623663 144.752524 0.000000
1692987141593676771 145.017109 0.000000
1692987141653129437 145.186837 0.000000
1692987142015926447 145.045232 0.000000
1692987142030157228 145.132195 0.000000
1692987142614239010 145.205053 0.000000
1692987142670447723 144.829026 0.000000
1692987142759419254 145.173311 0.000000
1692987143122502820 144.952599 0.000000
1692987143214290862 145.126134 0.000000
1692987143324641535 145.133547 0.000000
1692987143325011589 144.898586 0.000000
1692987143340675026 145.297936 0.000000
1692987143485955228 145.276706 0.000000
1692987143486053673 144.873670 0.000000
1692987143723929030 145.222294 0.000000
1692987143849598685 144.989518 0.000000
1692987143979429892 144.967195 0.000000
1692987144124914448 144.908165 0.000000
1692987144140168998 145.202917 0.000000
1692987144141012259 144.980741 0.000000
1692987144233392811 145.289449 0.000000
1692987144343427493 144.938592 0.000000
1692987144415267544 145.007812 0.000000
1692987144504853576 144.951477 0.000000
1692987144561134356 145.169214 0.000000
1692987144633938094 145.090417 0.000000
1692987144706238158 145.170397 0.000000
1692987144707199300 145.288038 0.000000
1692987144707296502 144.800904 0.000000
1692987145085770684 145.141382 0.000000
1692987145085794629 145.129129 0.000000
1692987145142732169 145.198018 0.000000
1692987145143097945 145.136233 0.000000
1692987145288170328 145.435834 0.000000
1692987145288219049 145.119671 0.000000
1692987145433468975 145.296533 0.000000
1692987145434392467 145.133168 0.000000
1692987145448820437 145.031786 0.000000
1692987145579836035 145.426106 0.000000
1692987145652715755 144.919065 0.000000
1692987145798075617 145.134138 0.000000
1692987146015759788 144.721796 0.000000
1692987146103408107 145.138525 0.000000
1692987146160939933 145.178723 0.000000
1692987146161905373 145.017400 0.000000
1692987146452212012 144.912373 0.000000
1692987146467624759 144.832884 0.000000
1692987146670157523 145.130612 0.000000
1692987146671665840 145.194903 0.000000
1692987147180248911 145.197127 0.000000
1692987147252555186 145.340676 0.000000
1692987147325232688 144.981453 0.000000
1692987147361280973 145.019725 0.000000
1692987147397935616 145.378787 0.000000
1692987147412343830 145.145079 0.000000
1692987147412357455 145.128248 0.000000
1692987147544270647 145.265877 0.000000
1692987147557695887 144.850707 0.000000
1692987147630548596 145.029582 0.000000
1692987147762593153 144.960462 0.000000
1692987147907034162 145.264773 0.000000
1692987147943382170 145.106436 0.000000
1692987147994284606 145.059789 0.000000
1692987148088496853 145.112839 0.000000
1692987148344585086 145.749853 0.000000
1692987148416301535 145.472082 0.000000
1692987148416921307 145.076360 0.000000
1692987148648982553 145.201885 0.000000
1692987148794063773 145.005868 0.000000
1692987148852778837 145.193108 0.000000
1692987148866940417 145.195593 0.000000
1692987149303451192 145.261929 0.000000
1692987149303480496 145.314788 0.000000
1692987149363359071 145.422308 0.000000
1692987149434897577 145.302624 0.000000
1692987149449139068 145.685662 0.000000
1692987149581702849 145.207496 0.000000
1692987149594280350 145.173332 0.000000
1692987149653784894 144.813367 0.000000
1692987149944870413 145.618837 0.000000
1692987150053554663 145.311722 0.000000
1692987150091586930 145.244607 0.000000
1692987150198808445 145.251538 0.000000
1692987150308693136 145.323634 0.000000
1692987150467197062 145.324696 0.000000
1692987150526717485 145.243141 0.000000
1692987150708521235 145.510545 0.000000
1692987150903361887 145.095436 0.000000
1692987151254428234 144.991051 0.000000
1692987151266559478 145.203729 0.000000
1692987151266587611 145.214439 0.000000
1692987151399680484 144.720053 0.000000
1692987151400368945 144.776118 0.000000
1692987151412193855 145.193981 0.000000
1692987151545201076 145.598018 0.000000
1692987151545860894 145.158294 0.000000
1692987151545871704 144.820791 0.000000
1692987151618594901 145.617726 0.000000
1692987151690723563 145.419123 0.000000
1692987151703269255 145.467424 0.000000
1692987151835968038 145.210591 0.000000
1692987151981479856 145.010979 0.000000
1692987152053849659 145.241880 0.000000
1692987152490186567 145.272097 0.000000
1692987152564066473 145.092741 0.000000
1692987152635500262 144.993304 0.000000
1692987152648911366 145.167140 0.000000
1692987152854878068 145.267569 0.000000
1692987153000400194 145.422920 0.000000
1692987153072263058 145.437377 0.000000
1692987153084513916 144.944884 0.000000
1692987153302568102 145.223797 0.000000
1692987153436101801 145.338252 0.000000
1692987153437428318 145.267359 0.000000
1692987153508951977 145.245779 0.000000
1692987153509740405 144.823507 0.000000
1692987153582326454 144.896784 0.000000
1692987153654441841 145.449619 0.000000
1692987153654527362 144.784923 0.000000
1692987153873128313 145.294601 0.000000
1692987154091224666 145.351968 0.000000
1692987154103151738 145.307664 0.000000
1692987154600552834 145.434232 0.000000
1692987154976220674 145.259804 0.000000
1692987155108882498 145.117607 0.000000
1692987155121294078 144.967336 0.000000
1692987155194127101 145.105404 0.000000
1692987155266469505 145.172802 0.000000
1692987155327003910 145.345766 0.000000
1692987155364156125 145.188470 0.000000
1692987155509657381 145.499113 0.000000
1692987155618546065 144.856078 0.000000
1692987155654824964 145.165218 0.000000
1692987155691889454 145.072753 0.000000
1692987155910719103 144.812917 0.000000
1692987155910826324 144.803830 0.000000
1692987156128166930 145.307904 0.000000
1692987156201065727 145.327681 0.000000
1692987156274231574 144.972576 0.000000
1692987156285568970 145.231701 0.000000
1692987156419475940 145.242703 0.000000
1692987156492198435 145.434091 0.000000
1692987156637527579 144.839166 0.000000
1692987156648713371 144.967476 0.000000
1692987156783282892 144.881165 0.000000
1692987156929114428 145.093321 0.000000
1692987157001571046 144.731374 0.000000
1692987157146680799 145.268671 0.000000
1692987157147138167 145.015888 0.000000
1692987157219722223 145.391521 0.000000
1692987157219805449 145.381532 0.000000
1692987157220191262 144.972154 0.000000
1692987157303182311 145.140171 0.000000
1692987157375944490 145.133717 0.000000
1692987157438349863 144.842632 0.000000
1692987157584219851 144.797127 0.000000
1692987157656592410 145.414454 0.000000
1692987158092902378 144.909377 0.000000
1692987158238612888 145.531845 0.000000
1692987158274744961 145.267971 0.000000
1692987158456629081 145.303265 0.000000
1692987158456697810 145.298467 0.000000
1692987158466963227 145.216584 0.000000
1692987158830876008 145.134499 0.000000
1692987158893382339 145.098230 0.000000
1692987158965586673 145.147734 0.000000
1692987159111701701 145.086860 0.000000
1692987159258230855 145.253472 0.000000
1692987159402827287 145.324697 0.000000
1692987159403474099 145.079617 0.000000
1692987159413687308 145.204070 0.000000
1692987159413720029 145.170998 0.000000
1692987160068375538 145.091116 0.000000
1692987160130175014 145.163623 0.000000
1692987160213928192 145.039251 0.000000
1692987160421787142 144.878230 0.000000
1692987160494387229 145.242954 0.000000
1692987160504632006 145.150139 0.000000
1692987160577273420 145.006069 0.000000
1692987160639506109 145.052896 0.000000
1692987160722130138 144.826331 0.000000
1692987160867612512 145.181800 0.000000
1692987160931050870 145.162041 0.000000
1692987160931113217 145.147765 0.000000
1692987160939829539 144.828486 0.000000
1692987161222340142 145.093244 0.000000
1692987161440483823 144.654599 0.000000
1692987161448838928 144.967145 0.000000
1692987161593821522 144.850406 0.000000
1692987161812298651 145.456954 0.000000
1692987161812324008 145.653241 0.000000
1692987161877448048 145.208228 0.000000
1692987161949471403 145.207236 0.000000
1692987161949742481 144.927271 0.000000
1692987162022816035 145.227263 0.000000
1692987162168247371 145.427949 0.000000
1692987162313052462 145.129178 0.000000
1692987162321042464 145.142365 0.000000
1692987162459330907 145.046084 0.000000
1692987162611402122 144.741662 0.000000
1692987162684123037 144.876638 0.000000
1692987162749545394 145.088503 0.000000
1692987162895278617 144.973568 0.000000
1692987162902110095 145.344384 0.000000
1692987163041059127 144.971323 0.000000
1692987163440559731 145.008824 0.000000
1692987163551722799 145.436125 0.000000
1692987163696874169 144.794432 0.000000
1692987163701033668 144.795204 0.000000
1692987163769141273 144.837995 0.000000
1692987163877141430 145.258882 0.000000
1692987163991268593 145.125121 0.000000
1692987163991278582 145.045933 0.000000
1692987164059733115 145.243273 0.000000
1692987164064083522 145.035704 0.000000
1692987164277978780 144.770337 0.000000
1692987164282576671 145.499134 0.000000
1692987164350414658 145.360965 0.000000
1692987164354710402 145.112519 0.000000
1692987164354784882 145.070780 0.000000
1692987164495530893 145.113700 0.000000
1692987164604691816 145.146642 0.000000
1692987164717725079 144.825109 0.000000
1692987164788069247 145.264013 0.000000
1692987164895749994 145.279441 0.000000
1692987165008333084 144.790745 0.000000
1692987165150810402 145.422800 0.000000
1692987165154254238 145.005908 0.000000
1692987165226679647 144.832032 0.000000
1692987165441397377 145.057074 0.000000
1692987165444331418 144.906803 0.000000
1692987165587390987 144.977334 0.000000
1692987165661537752 144.725622 0.000000
1692987165734388198 144.938892 0.000000
1692987165768712461 145.071742 0.000000
1692987165878245754 145.160470 0.000000
1692987165952039718 145.356396 0.000000
1692987166023459853 145.320378 0.000000
1692987166097568667 145.154126 0.000000
1692987166205606324 145.366825 0.000000
1692987166243049265 144.858962 0.000000
1692987166388736901 144.982784 0.000000
1692987166460364786 144.891746 0.000000
1692987166680213444 144.965153 0.000000
1692987166824046804 144.879602 0.000000
1692987166971231788 145.557071 0.000000
1692987166971255483 145.153886 0.000000
1692987167005544050 145.008864 0.000000
1692987167261642855 145.237470 0.000000
1692987167333350306 145.332548 0.000000
1692987167334213645 144.849603 0.000000
1692987167732937053 145.014935 0.000000
1692987167843011779 144.736494 0.000000
1692987167988251266 145.267178 0.000000
1692987168060935100 145.260556 0.000000
1692987168133427573 144.989999 0.000000
1692987168207516462 145.172461 0.000000
1692987168278660038 144.970954 0.000000
1692987168279918858 144.938172 0.000000
1692987168352206158 144.962797 0.000000
1692987168352751801 144.817535 0.000000
1692987168497709529 145.109182 0.000000
1692987168570653492 145.262782 0.000000
1692987168571262063 145.291245 0.000000
1692987168789610258 144.753345 0.000000
1692987168862413806 145.710189 0.000000
1692987169188316083 145.271005 0.000000
1692987169445198907 145.882740 0.000000
1692987169589986045 144.785916 0.000000
1692987169808167680 145.461483 0.000000
1692987170134735394 145.053016 0.000000
1692987170172077379 145.338446 0.000000
1692987170244815243 144.788102 0.000000
1692987170390484783 144.994195 0.000000
1692987170391077414 145.302864 0.000000
1692987170425544406 145.337629 0.000000
1692987170570857389 145.310830 0.000000
1692987170608874287 144.803108 0.000000
1692987170681280600 144.948000 0.000000
1692987170898879782 145.010207 0.000000
1692987170972369025 145.002362 0.000000
1692987170972451961 145.117047 0.000000
1692987171189704033 145.136265 0.000000
1692987171262621183 144.681400 0.000000
1692987171263209796 144.704643 0.000000
1692987171263477238 144.925748 0.000000
1692987171407474045 145.082102 0.000000
1692987171407523628 144.836602 0.000000
1692987171554890161 145.676655 0.000000
1692987171771009830 145.109072 0.000000
1692987172134667333 145.268811 0.000000
1692987172135702434 144.936679 0.000000
1692987172281021530 144.951757 0.000000
1692987172281653304 144.997012 0.000000
1692987172353708088 145.407671 0.000000
1692987172426859629 145.054009 0.000000
1692987172499539665 144.883469 0.000000
1692987172643640987 145.077753 0.000000
1692987172935739018 145.210155 0.000000
1692987173117028831 145.540669 0.000000
1692987173153994608 144.983194 0.000000
1692987173553594599 145.102819 0.000000
1692987173591236342 144.697980 0.000000
1692987173737136287 144.979229 0.000000
1692987173737424929 145.087252 0.000000
1692987173881947340 145.175335 0.000000
1692987173882303608 144.877036 0.000000
1692987174100047942 144.766991 0.000000
1692987174100106302 145.339945 0.000000
1692987174101049240 145.206144 0.000000
1692987174173254165 145.041815 0.000000
1692987174319097934 144.798951 0.000000
1692987174392009637 145.353181 0.000000
1692987175191406838 145.048648 0.000000
1692987175191479354 145.127376 0.000000
1692987175191609417 145.040543 0.000000
1692987175265693456 145.157392 0.000000
1692987175409268171 145.030154 0.000000
1692987175555470523 145.185896 0.000000
1692987175627945905 145.339595 0.000000
1692987175628389197 145.562302 0.000000
1692987175700831136 145.112138 0.000000
1692987175845950311 145.084059 0.000000
1692987175848081647 145.552156 0.000000
1692987176064105291 145.297092 0.000000
1692987176137271639 145.016317 0.000000
1692987176429022928 145.137394 0.000000
1692987176574976412 144.888587 0.000000
1692987176647125011 145.121113 0.000000
1692987176648477187 145.759892 0.000000
1692987176865820540 144.732977 0.000000
1692987176866362687 145.109173 0.000000
1692987176974084642 145.088684 0.000000
1692987177229278890 145.434452 0.000000
1692987177301441196 145.196556 0.000000
1692987177302993727 145.078825 0.000000
1692987177303030636 144.927451 0.000000
1692987177374361162 145.080549 0.000000
1692987177375678592 145.349443 0.000000
1692987177520809516 145.128469 0.000000
1692987177593984991 145.048318 0.000000
1692987177664897563 144.852891 0.000000
1692987178320158989 144.566795 0.000000
1692987178320604725 144.901143 0.000000
1692987178646968867 145.232763 0.000000
1692987178684206724 145.080007 0.000000
1692987178902748875 144.960164 0.000000
1692987178975186517 144.712610 0.000000
1692987179046739199 145.103040 0.000000
1692987179192750342 145.286445 0.000000
1692987179193197831 144.905470 0.000000
1692987179266828289 145.111857 0.000000
1692987179301851363 145.261658 0.000000
1692987179339586411 145.308464 0.000000
1692987179410504904 145.187918 0.000000
1692987179410555639 145.192978 0.000000
1692987179411552278 144.697940 0.000000
1692987179556636724 144.929055 0.000000
1692987179702418257 145.130111 0.000000
1692987179774432756 145.216504 0.000000
1692987179919671631 145.237082 0.000000
1692987179921678774 145.242261 0.000000
1692987179956684034 145.014475 0.000000
1692987179994521545 145.287487 0.000000
1692987180066389368 144.709131 0.000000
1692987180212589327 144.901845 0.000000
1692987180356560164 145.005527 0.000000
1692987180647971954 145.493392 0.000000
1692987180649302990 145.244013 0.000000
1692987180721295798 144.990629 0.000000
1692987180757021049 145.326360 0.000000
1692987181084608775 145.226421 0.000000
1692987181229922921 145.312984 0.000000
1692987181302737529 145.156089 0.000000
1692987181376625200 144.645804 0.000000
1692987181594091623 144.868261 0.000000
1692987181884960257 145.357658 0.000000
1692987182031890474 145.125734 0.000000
1692987182104216386 145.220539 0.000000
1692987182176106471 144.970883 0.000000
1692987182176803669 145.127747 0.000000
1692987182249533197 144.757823 0.000000
1692987182466658592 144.968589 0.000000
1692987182613299936 145.051353 0.000000
1692987183012477335 145.308876 0.000000
1692987183049738765 144.734079 0.000000
1692987183122932665 145.021427 0.000000
1692987183267883981 144.948781 0.000000
1692987183376323742 145.352568 0.000000
1692987183631343423 145.091038 0.000000
1692987183778394065 144.736363 0.000000
1692987183922322636 145.161443 0.000000
1692987183922754035 144.738790 0.000000
1692987184068843782 144.918782 0.000000
1692987184141678348 145.119750 0.000000
1692987184213182012 145.239239 0.000000
1692987184214487229 144.721388 0.000000
1692987184431703661 145.251748 0.000000
1692987184505133783 144.994667 0.000000
1692987184505742034 145.027760 0.000000
1692987184796581293 144.823747 0.000000
1692987184941744626 144.964340 0.000000
1692987185087180541 145.441014 0.000000
1692987185087765438 145.198199 0.000000
1692987185268854248 145.253383 0.000000
1692987185452287313 145.277159 0.000000
1692987185670170388 144.796055 0.000000
1692987185743371822 144.991020 0.000000
1692987186034182639 145.037779 0.000000
1692987186106251682 145.460985 0.000000
1692987186180154289 145.368399 0.000000
1692987186324441217 144.969648 0.000000
1692987186325446632 145.334372 0.000000
1692987186325457503 144.939101 0.000000
1692987186325838898 144.954470 0.000000
1692987186688071280 145.112358 0.000000
1692987186761928954 144.757533 0.000000
1692987186907411006 145.361436 0.000000
1692987186907695339 145.165869 0.000000
1692987186980019187 144.821954 0.000000
1692987187052687160 144.988685 0.000000
1692987187125737712 145.021969 0.000000
1692987187196688926 144.925187 0.000000
1692987187198562659 144.996441 0.000000
1692987187342083363 145.391922 0.000000
1692987187342969094 144.997633 0.000000
1692987187488469840 145.206815 0.000000
1692987187634711075 145.008815 0.000000
1692987187780473001 145.047646 0.000000
1692987187925807335 144.882066 0.000000
1692987188069851681 145.085809 0.000000
1692987188070115966 144.777009 0.000000
1692987188070858629 144.876847 0.000000
1692987188215662980 145.544990 0.000000
1692987188216238198 145.286935 0.000000
1692987188289198501 144.888329 0.000000
1692987188506424633 144.622700 0.000000
1692987188652009398 145.386743 0.000000
1692987188724129354 145.186959 0.000000
1692987188797461372 145.194762 0.000000
1692987188798323228 144.948330 0.000000
1692987188943369445 145.045025 0.000000
1692987189160491069 145.008201 0.000000
1692987189233860087 144.871386 0.000000
1692987189379351306 144.798761 0.000000
1692987189597614524 145.506097 0.000000
1692987189597686249 145.430776 0.000000
1692987189742029274 145.319316 0.000000
1692987189742548778 145.045843 0.000000
1692987189742606727 144.752884 0.000000
1692987189743703784 144.908686 0.000000
1692987189888110751 144.824019 0.000000
1692987190034437113 144.825879 0.000000
1692987190324248334 145.134670 0.000000
1692987190542450989 144.731315 0.000000
1692987190542458042 145.100357 0.000000
1692987190687844744 145.399567 0.000000
1692987190907333020 145.060994 0.000000
1692987191051679400 145.377904 0.000000
1692987191052233709 145.114079 0.000000
1692987191125593000 144.874082 0.000000
1692987191161268416 145.347949 0.000000
1692987191344390929 145.233345 0.000000
1692987191561374488 145.115394 0.000000
1692987191562659608 144.743668 0.000000
1692987191815944705 145.444330 0.000000
1692987191852097577 145.084365 0.000000
1692987191853210895 144.764946 0.000000
1692987191926499773 145.176228 0.000000
1692987192071773664 144.902114 0.000000
1692987192290153299 145.073746 0.000000
1692987192361986507 145.442126 0.000000
1692987192362043314 145.178201 0.000000
1692987192362355479 144.821492 0.000000
1692987192508691773 145.017802 0.000000
1692987192580111828 145.168635 0.000000
1692987192580159107 144.996382 0.000000
1692987192726333765 144.824648 0.000000
1692987192798321133 145.194542 0.000000
1692987192944488980 144.928083 0.000000
1692987193017339045 145.325488 0.000000
1692987193017736811 145.720809 0.000000
1692987193235257186 144.981553 0.000000
1692987193526265642 144.953872 0.000000
1692987193672114370 144.976434 0.000000
1692987193817109929 145.329485 0.000000
1692987193818176539 144.913245 0.000000
1692987193890480161 145.278230 0.000000
1692987193962462478 145.178984 0.000000
1692987193962493777 144.987083 0.000000
1692987194508607545 145.494465 0.000000
1692987194690759298 145.078676 0.000000
1692987194763430488 145.050923 0.000000
1692987194908511397 145.075288 0.000000
1692987194981241980 145.028441 0.000000
1692987195127660135 145.162210 0.000000
1692987195127961740 145.351695 0.000000
1692987195128202121 145.313925 0.000000
1692987195128281660 145.146671 0.000000
1692987195128345019 144.911520 0.000000
1692987195163636005 145.405096 0.000000
1692987195273003386 144.831151 0.000000
1692987195781994293 145.052274 0.000000
1692987195928525061 145.269583 0.000000
1692987195928530311 145.338913 0.000000
1692987196000327321 144.921210 0.000000
1692987196146587962 144.701087 0.000000
1692987196218117051 145.062695 0.000000
1692987196219711350 145.056634 0.000000
1692987196364501464 145.441996 0.000000
1692987196436831423 145.113350 0.000000
1692987196509659297 145.201846 0.000000
1692987196510280982 145.240468 0.000000
1692987196583052149 144.966254 0.000000
1692987196655094311 145.291565 0.000000
1692987196946124206 144.864022 0.000000
1692987196946729181 144.748025 0.000000
1692987196946992735 144.942149 0.000000
1692987196981908838 145.026618 0.000000
1692987197091626848 144.894101 0.000000
1692987197165216459 144.966064 0.000000
1692987197236951054 145.164337 0.000000
1692987197309604329 145.501949 0.000000
1692987197384062890 145.714086 0.000000
1692987197601013206 145.317713 0.000000
1692987197964679488 144.616419 0.000000
1692987197964843154 144.705846 0.000000
1692987198182481220 145.107449 0.000000
1692987198183314542 145.298878 0.000000
1692987198328172063 145.156511 0.000000
1692987198365209173 145.355073 0.000000
1692987198474695428 144.892818 0.000000
1692987198475049743 144.841442 0.000000
1692987198546653349 145.144415 0.000000
1692987198546849207 144.794069 0.000000
1692987198765886897 145.162403 0.000000
1692987198766089076 144.887397 0.000000
1692987198837435362 145.272169 0.000000
1692987198910244842 144.969792 0.000000
1692987198911312584 145.423212 0.000000
1692987198983160930 144.715294 0.000000
1692987199055942496 145.672186 0.000000
1692987199055977903 144.663616 0.000000
1692987199420372010 145.267219 0.000000
1692987199420866136 145.079368 0.000000
1692987199492948431 145.310900 0.000000
1692987199638997164 144.918154 0.000000
1692987199639826769 144.885031 0.000000
1692987199640060517 145.096799 0.000000
1692987199712367354 145.213408 0.000000
1692987199784903291 144.712128 0.000000
1692987199929768304 145.106345 0.000000
1692987200076208662 145.590234 0.000000
1692987200184517739 145.428601 0.000000
1692987200220727758 145.075248 0.000000
1692987200438920768 145.319170 0.000000
1692987200512299092 145.306333 0.000000
1692987201750237928 145.111206 0.000000
1692987201822603276 144.822927 0.000000
1692987201822602815 145.230081 0.000000
1692987201823748503 145.984695 0.000000
1692987202040897289 145.028651 0.000000
1692987202113890342 145.111467 0.000000
1692987202114080599 145.144238 0.000000
1692987202259063033 144.886664 0.000000
1692987202332086323 144.913915 0.000000
1692987202549940945 144.692051 0.000000
1692987202622077111 145.169566 0.000000
1692987202695434779 145.095177 0.000000
1692987202768473377 145.063547 0.000000
1692987202913438439 144.936960 0.000000
1692987202949245142 145.202888 0.000000
1692987203167211091 145.323504 0.000000
1692987203205028484 145.167662 0.000000
1692987203205600216 145.439340 0.000000
1692987203422428124 144.991713 0.000000
1692987203496122491 144.755950 0.000000
1692987203713062237 145.168342 0.000000
1692987203821643615 145.286115 0.000000
1692987203859215026 145.191948 0.000000
1692987204223111099 145.160380 0.000000
1692987204295736120 144.783110 0.000000
1692987204440774751 145.036136 0.000000
1692987204514379080 145.163575 0.000000
1692987204658527753 145.042949 0.000000
1692987204659752639 145.372396 0.000000
1692987204733148598 144.882487 0.000000
1692987204805219122 145.044562 0.000000
1692987204950964186 144.926449 0.000000
1692987205095969142 144.949181 0.000000
1692987205168113796 145.043420 0.000000
1692987205386048648 145.067494 0.000000
1692987205386158604 144.771269 0.000000
1692987205458808434 144.833986 0.000000
1692987205459185130 144.696187 0.000000
1692987205822553593 144.778212 0.000000
1692987205968071851 145.555107 0.000000
1692987205968967300 144.829888 0.000000
1692987206040631171 145.323694 0.000000
1692987206478635246 144.956216 0.000000
1692987206513399986 145.212386 0.000000
1692987206696159850 144.993246 0.000000
1692987206769560927 144.965473 0.000000
1692987206841207627 145.046234 0.000000
1692987206986129507 145.010257 0.000000
1692987207095098842 145.244666 0.000000
1692987207131804501 145.072343 0.000000
1692987207132154427 144.944133 0.000000
1692987207278516689 144.741764 0.000000
1692987207496453795 144.782480 0.000000
1692987207567904938 145.458348 0.000000
1692987207640746366 145.332061 0.000000
1692987207642283498 145.304789 0.000000
1692987207714459820 144.979308 0.000000
1692987207786113382 144.929335 0.000000
1692987207786174787 144.747153 0.000000
1692987207931487081 145.202929 0.000000
1692987208077487285 144.997504 0.000000
1692987208296188544 144.889582 0.000000
1692987208513634338 145.196125 0.000000
1692987208514394223 144.986372 0.000000
1692987208950774144 145.071702 0.000000
1692987209349805512 145.048921 0.000000
1692987209677567434 144.923564 0.000000
1692987209678116413 145.072533 0.000000
1692987209678448957 145.292005 0.000000
1692987209858886186 145.091598 0.000000
1692987209896753562 144.882606 0.000000
1692987209968350028 145.471323 0.000000
1692987209969311731 145.013034 0.000000
1692987210041506909 144.752144 0.000000
1692987210042192434 144.893509 0.000000
1692987210185964960 144.929325 0.000000
1692987210258418412 144.835059 0.000000
1692987210478506932 144.943072 0.000000
1692987210550345480 145.235479 0.000000
1692987210623797714 145.066652 0.000000
1692987210694812361 145.283592 0.000000
1692987210769046229 144.888671 0.000000
1692987210841434737 145.058244 0.000000
1692987211060537348 145.864138 0.000000
1692987211094981546 145.029249 0.000000
1692987211132211348 145.017779 0.000000
1692987211205682418 144.866818 0.000000
1692987211423524206 144.917732 0.000000
1692987211496681648 144.876157 0.000000
1692987211568398329 144.872851 0.000000
1692987211640516292 145.464009 0.000000
1692987211860466051 145.032439 0.000000
1692987212005164453 144.696999 0.000000
1692987212076883609 145.046797 0.000000
1692987212077952042 144.793501 0.000000
1692987212149792254 145.288460 0.000000
1692987212150690969 144.874614 0.000000
1692987212296228885 145.332410 0.000000
1692987212296943064 145.827238 0.000000
1692987212331841876 145.039192 0.000000
1692987212440594293 145.341549 0.000000
1692987212586638358 144.992002 0.000000
1692987212659930112 145.368929 0.000000
1692987212733006051 145.389559 0.000000
1692987212877984868 144.804700 0.000000
1692987213097129830 144.814371 0.000000
1692987213169972971 144.846438 0.000000
1692987213241957073 144.825950 0.000000
1692987213350283142 145.241220 0.000000
1692987213459738256 144.964389 0.000000
1692987213532243635 145.254274 0.000000
1692987213606206146 145.004587 0.000000
1692987213678966925 144.992615 0.000000
1692987213786529942 145.063968 0.000000
1692987213897107492 145.019675 0.000000
1692987213968899133 145.213608 0.000000
1692987213970403563 145.566549 0.000000
1692987214077268342 145.065269 0.000000
1692987214406099712 145.015215 0.000000
1692987214695676855 144.814348 0.000000
1692987214697280111 144.850075 0.000000
1692987214987238218 144.757964 0.000000
1692987215206276669 145.076842 0.000000
1692987215350877248 144.999387 0.000000
1692987215568817170 144.832023 0.000000
1692987215569137781 145.203940 0.000000
1692987215569866357 145.152303 0.000000
1692987215570008153 145.301022 0.000000
1692987215642759674 144.811445 0.000000
1692987215715539928 144.929005 0.000000
1692987215750751866 145.204109 0.000000
1692987215860533203 145.298327 0.000000
1692987216006311991 145.195494 0.000000
1692987216078706302 145.414626 0.000000
1692987216152727444 144.785196 0.000000
1692987216297893434 145.163656 0.000000
1692987216369926095 145.495807 0.000000
1692987216406282681 145.347741 0.000000
1692987216515091553 145.124371 0.000000
1692987216516651137 144.776108 0.000000
1692987216660869440 144.896604 0.000000
1692987216880553111 145.086800 0.000000
1692987217389595586 144.766911 0.000000
1692987217643335798 145.289080 0.000000
1692987217680007934 145.302274 0.000000
1692987217680046717 145.282046 0.000000
1692987217753890665 144.897385 0.000000
1692987217971821821 145.501208 0.000000
1692987217971896682 145.413393 0.000000
1692987218044499984 144.979039 0.000000
1692987218262416421 145.292115 0.000000
1692987218481901872 145.284883 0.000000
1692987218481921809 145.153937 0.000000
1692987218627340632 144.797267 0.000000
1692987218772409729 144.975963 0.000000
1692987218845326821 144.867360 0.000000
1692987218989957305 145.294098 0.000000
1692987218991172794 145.268420 0.000000
1692987219062968513 145.026428 0.000000
1692987219136333804 144.854896 0.000000
1692987219208076543 145.181017 0.000000
1692987219209632080 144.922172 0.000000
1692987219354282201 145.238585 0.000000
1692987219354350028 145.235078 0.000000
1692987219500239824 145.016128 0.000000
1692987219500579621 145.297155 0.000000
1692987219717888519 145.039101 0.000000
1692987219753673151 144.983335 0.000000
1692987219863186636 144.986042 0.000000
1692987220008444617 144.695136 0.000000
1692987220044556864 145.125234 0.000000
1692987220227074983 145.335426 0.000000
1692987220227411103 144.849306 0.000000
1692987220299797290 145.388546 0.000000
1692987220518527212 144.669238 0.000000
1692987220736863607 144.929805 0.000000
1692987220809363144 145.111506 0.000000
1692987220882712487 145.522087 0.000000
1692987221391867532 144.727577 0.000000
1692987221537409878 145.067465 0.000000
1692987221610869095 145.373738 0.000000
1692987221828762441 145.296394 0.000000
1692987221900689334 144.908897 0.000000
1692987221901501967 144.855167 0.000000
1692987222046355611 144.992715 0.000000
1692987222047269144 145.139249 0.000000
1692987222192346206 145.074908 0.000000
1692987222264779981 144.851149 0.000000
1692987222482195249 144.751832 0.000000
1692987222482622300 144.846781 0.000000
1692987222774040485 144.852860 0.000000
1692987222992201972 144.916820 0.000000
1692987222992348026 144.956584 0.000000
1692987223137827292 144.961125 0.000000
1692987223209218563 144.815081 0.000000
1692987223282280996 145.277970 0.000000
1692987223282694041 145.169727 0.000000
1692987223283180072 144.870255 0.000000
1692987223355097798 145.056873 0.000000
1692987223428107413 144.924586 0.000000
1692987223428561364 144.589828 0.000000
1692987223500471608 144.644302 0.000000
1692987223573998142 145.014817 0.000000
1692987223718961471 144.860185 0.000000
1692987223791242760 145.359053 0.000000
1692987223864889147 145.214719 0.000000
1692987223865158442 145.374839 0.000000
1692987223936581692 145.337288 0.000000
1692987224155606368 144.835009 0.000000
1692987224336757686 145.146193 0.000000
1692987224374811242 145.230158 0.000000
1692987224445558154 145.293398 0.000000
1692987224446384253 144.934225 0.000000
1692987224519088144 144.928574 0.000000
1692987224590904151 145.343773 0.000000
1692987224738195785 144.942770 0.000000
1692987224882778050 145.786142 0.000000
1692987224883467713 145.270395 0.000000
1692987225064622327 145.362779 0.000000
1692987225102348068 144.987485 0.000000
1692987225319466550 145.391692 0.000000
1692987225393228655 144.736895 0.000000
1692987225428166761 144.854435 0.000000
1692987225538367743 145.066091 0.000000
1692987225611405972 145.235339 0.000000
1692987225683131809 145.321902 0.000000
1692987225683930497 145.091250 0.000000
1692987225684225099 145.263172 0.000000
1692987225901149386 145.164535 0.000000
1692987226010486590 145.437377 0.000000
1692987226192422118 145.418333 0.000000
1692987226192443418 145.151302 0.000000
1692987226265176986 144.926982 0.000000
1692987226266303168 145.027642 0.000000
1692987226266409527 144.743047 0.000000
1692987226410724939 144.756699 0.000000
1692987226483255256 145.287868 0.000000
1692987226555738854 145.277589 0.000000
1692987226555773860 144.972678 0.000000
1692987226555821018 145.045304 0.000000
1692987226556572267 144.972056 0.000000
1692987226557272329 145.413894 0.000000
1692987226701556114 144.955043 0.000000
1692987226702580034 144.873330 0.000000
1692987226774057796 145.309768 0.000000
1692987226848005430 144.852412 0.000000
1692987226919673740 145.143137 0.000000
1692987226992105339 145.230450 0.000000
1692987227137437010 145.330037 0.000000
1692987227357001106 145.004176 0.000000
1692987227429924899 145.199751 0.000000
1692987227430258244 145.051143 0.000000
1692987227501529109 145.242562 0.000000
1692987227575511607 144.781227 0.000000
1692987227866772537 144.538582 0.000000
1692987227938258976 144.864254 0.000000
1692987227939320917 145.079217 0.000000
1692987227974343118 145.130142 0.000000
1692987228157258243 145.180997 0.000000
1692987228157456284 144.925608 0.000000
1692987228301689956 145.179655 0.000000
1692987228375358436 145.151002 0.000000
1692987228666865588 145.167451 0.000000
1692987228738987158 145.090389 0.000000
1692987228812310540 144.776208 0.000000
1692987228885451992 144.859254 0.000000
1692987229102168530 145.066243 0.000000
1692987229175886712 144.905079 0.000000
1692987229175901830 144.854414 0.000000
1692987229467072313 144.985362 0.000000
1692987229540116540 144.887057 0.000000
1692987229612884442 145.636810 0.000000
1692987229758602726 145.331660 0.000000
1692987230049153587 145.327131 0.000000
1692987230122011926 145.319638 0.000000
1692987230267063253 145.075943 0.000000
1692987230268324377 145.347311 0.000000
1692987230340698088 145.261097 0.000000
1692987230412389922 145.325187 0.000000
1692987230703872058 144.691269 0.000000
1692987230848789932 144.738427 0.000000
1692987230849705529 145.182290 0.000000
1692987230994983758 144.908275 0.000000
1692987231066685670 145.218348 0.000000
1692987231139569859 144.942950 0.000000
1692987231140346395 144.911221 0.000000
1692987231140935901 145.161030 0.000000
1692987231393927162 144.874545 0.000000
1692987231430807557 144.735262 0.000000
1692987231502677505 145.179505 0.000000
1692987231504155396 144.953711 0.000000
1692987231576344832 144.966044 0.000000
1692987231576868303 144.956506 0.000000
1692987231576875567 144.997643 0.000000
1692987231721404353 145.460252 0.000000
1692987231868003808 144.937530 0.000000
1692987231940079492 145.281597 0.000000
1692987232084902478 145.045583 0.000000
1692987232158810506 144.784774 0.000000
1692987232523039894 145.020246 0.000000
1692987232596542593 145.172562 0.000000
1692987232668649214 144.634973 0.000000
1692987232740432549 145.114531 0.000000
1692987233104360360 145.196405 0.000000
1692987233105354554 145.546411 0.000000
1692987233177034937 144.930607 0.000000
1692987233177403017 144.866437 0.000000
1692987233322739816 145.334424 0.000000
1692987233323252748 144.866998 0.000000
1692987233323727889 144.925388 0.000000
1692987233469436486 145.263953 0.000000
1692987233760098102 145.010948 0.000000
1692987233833080666 145.090827 0.000000
1692987233977710040 145.078877 0.000000
1692987233978847042 144.764928 0.000000
1692987234051839383 145.191707 0.000000
1692987234232588878 145.394609 0.000000
1692987234342639860 145.000769 0.000000
1692987234343160676 145.189903 0.000000
1692987234561055294 145.053027 0.000000
1692987234668830469 145.125484 0.000000
1692987234886578352 144.964902 0.000000
1692987234924634021 144.933853 0.000000
1692987235288631535 145.135472 0.000000
1692987235361659312 144.843715 0.000000
1692987235435017120 145.589603 0.000000
1692987235505095668 144.928774 0.000000
1692987235723762825 145.067085 0.000000
1692987235725707020 145.059069 0.000000
1692987235796329460 145.378978 0.000000
1692987235796547739 144.929987 0.000000
1692987235869647421 144.820611 0.000000
1692987235870009089 144.756150 0.000000
1692987236014352746 145.125863 0.000000
1692987236160381484 145.340698 0.000000
1692987236232983102 145.677709 0.000000
1692987236233951518 144.963088 0.000000
1692987236524021257 145.387286 0.000000
1692987236741748058 145.002693 0.000000
1692987236815106687 144.918686 0.000000
1692987236959648196 145.259575 0.000000
1692987237034466541 145.159557 0.000000
1692987237543389212 144.714223 0.000000
1692987237615071317 144.919697 0.000000
1692987237616009506 144.501744 0.000000
1692987237688236794 144.846590 0.000000
1692987237689075236 144.974841 0.000000
1692987238051971864 144.996551 0.000000
1692987238124958976 144.904659 0.000000
1692987238269774349 144.950676 0.000000
1692987238341879859 145.217628 0.000000
1692987238342558361 144.929948 0.000000
1692987238343169877 144.952942 0.000000
1692987238488502989 145.031436 0.000000
1692987238634456776 145.419565 0.000000
1692987238778694525 145.272910 0.000000
1692987238778850477 144.905701 0.000000
1692987238851590075 145.349774 0.000000
1692987238852160074 144.902716 0.000000
1692987238998146261 144.827645 0.000000
1692987238998581768 145.295503 0.000000
1692987239033240418 145.115756 0.000000
1692987239143227171 144.939435 0.000000
1692987239216592042 145.085228 0.000000
1692987239433309921 145.249475 0.000000
1692987239651332589 145.052375 0.000000
1692987239871090360 144.826563 0.000000
1692987240016332171 144.697711 0.000000
1692987240307018453 145.090407 0.000000
1692987240307097091 145.068467 0.000000
1692987240452729228 144.972170 0.000000
1692987240524226114 145.073778 0.000000
1692987240816711559 144.800784 0.000000
1692987240887878639 145.234758 0.000000
1692987240962203940 145.333814 0.000000
1692987241035030111 145.142195 0.000000
1692987241107119289 144.796326 0.000000
1692987241324274730 145.241290 0.000000
1692987241324685590 144.861929 0.000000
1692987241325409117 145.100236 0.000000
1692987241543018770 145.040425 0.000000
1692987241760875115 145.154548 0.000000
1692987241762191503 145.142546 0.000000
1692987241834071013 145.222349 0.000000
1692987241870064175 145.229091 0.000000
1692987242053015795 144.842361 0.000000
1692987242125568272 144.991633 0.000000
1692987242160681345 145.130853 0.000000
1692987242567046162 145.019295 0.000000
1692987243003963392 145.077504 0.000000
1692987243293659128 145.191136 0.000000
1692987243293743536 144.764476 0.000000
1692987243295507644 144.912584 0.000000
1692987243295672212 144.949663 0.000000
1692987243368095599 144.878322 0.000000
1692987243440720942 144.872349 0.000000
1692987243440839043 144.845618 0.000000
1692987243511997787 145.233324 0.000000
1692987243512890991 144.747132 0.000000
1692987243730827678 144.835431 0.000000
1692987243947986906 145.203760 0.000000
1692987244165757802 144.942381 0.000000
1692987244167090421 144.759969 0.000000
1692987244311646316 145.477804 0.000000
1692987244456928335 145.088616 0.000000
1692987244530171946 145.259746 0.000000
1692987244530225156 145.057827 0.000000
1692987244675714280 145.540600 0.000000
1692987244675746951 144.930787 0.000000
1692987244749251064 145.076632 0.000000
1692987244894196322 144.987527 0.000000
1692987244966925199 145.165360 0.000000
1692987245002712755 145.335293 0.000000
1692987245259034261 144.804414 0.000000
1692987245331320868 144.980663 0.000000
1692987245404386335 145.192135 0.000000
1692987245439137771 145.215851 0.000000
1692987245548734973 144.982406 0.000000
1692987245622668259 144.990871 0.000000
1692987245623036189 145.141724 0.000000
1692987245767103069 144.906494 0.000000
1692987245767264361 144.889773 0.000000
1692987245767518227 145.177822 0.000000
1692987245768343625 145.138489 0.000000
1692987245912687813 145.168173 0.000000
1692987246059904327 146.090232 0.000000
1692987246132606756 145.619390 0.000000
1692987246278302789 144.993386 0.000000
1692987246422018169 144.865145 0.000000
1692987246495735118 144.685558 0.000000
1692987246641201552 144.756803 0.000000
1692987246717411426 145.719276 0.000000
1692987246717448235 145.746107 0.000000
1692987246862988609 145.007635 0.000000
1692987247227674069 144.895513 0.000000
1692987247227822227 144.819209 0.000000
1692987247372313172 145.272119 0.000000
1692987247445086884 145.105356 0.000000
1692987247590048400 144.958741 0.000000
1692987247663280862 144.966684 0.000000
1692987247882575695 145.327932 0.000000
1692987248098982733 145.295041 0.000000
1692987248389727846 144.973237 0.000000
1692987248970884128 145.048679 0.000000
1692987249188828749 144.949504 0.000000
1692987249259937083 145.102815 0.000000
1692987249262109015 145.255441 0.000000
1692987249334712145 144.846872 0.000000
1692987249479372796 145.071952 0.000000
1692987249697170040 144.937278 0.000000
1692987249698199871 144.841288 0.000000
1692987249843459286 144.864324 0.000000
1692987249916394140 144.728266 0.000000
1692987249953248828 145.178371 0.000000
1692987249987893584 144.916552 0.000000
1692987250061066173 144.679126 0.000000
1692987250061344856 144.949223 0.000000
1692987250062024580 144.785456 0.000000
1692987250350776938 145.080149 0.000000
1692987250351907818 145.117118 0.000000
1692987250425098632 144.936890 0.000000
1692987250496700858 144.916161 0.000000
1692987250788553599 145.268082 0.000000
1692987251078614458 145.351546 0.000000
1692987251079438213 144.688042 0.000000
1692987251298126959 145.038501 0.000000
1692987251371172141 145.562193 0.000000
1692987251442445709 145.226923 0.000000
1692987251878983698 145.044901 0.000000
1692987251953393127 145.446856 0.000000
1692987252025709852 145.234337 0.000000
1692987252097099308 145.174784 0.000000
1692987252134033255 145.294770 0.000000
1692987252642780097 144.999997 0.000000
1692987252679958893 145.642062 0.000000
1692987252752500710 144.825079 0.000000
1692987252897509946 145.007162 0.000000
1692987252970705622 144.834621 0.000000
1692987252971137842 144.886047 0.000000
1692987253116572434 145.106387 0.000000
1692987253189459428 144.868974 0.000000
1692987253262052581 144.658717 0.000000
1692987253624274307 145.055774 0.000000
1692987253697693609 144.935157 0.000000
1692987253771413645 144.989207 0.000000
1692987253842756816 145.253094 0.000000
1692987253843434617 145.018012 0.000000
1692987253988448772 144.864264 0.000000
1692987253988826239 145.071292 0.000000
1692987253988965471 145.005859 0.000000
1692987254206430121 145.174355 0.000000
1692987254207660498 144.957779 0.000000
1692987254570994809 144.866487 0.000000
1692987254716280052 145.233096 0.000000
1692987254825300072 145.275565 0.000000
1692987254862384691 145.027409 0.000000
1692987254934408728 145.435854 0.000000
1692987254934522522 145.025255 0.000000
1692987255007912569 145.409065 0.000000
1692987255008317989 145.195264 0.000000
1692987255079510096 145.098292 0.000000
1692987255225823567 145.088825 0.000000
1692987255226130592 145.007914 0.000000
1692987255370609825 145.125745 0.000000
1692987255444920039 145.103482 0.000000
1692987255480252062 145.190926 0.000000
1692987255517230874 145.237244 0.000000
1692987255807410788 145.155279 0.000000
1692987256244405864 145.053348 0.000000
1692987256389441229 145.031167 0.000000
1692987256390223125 144.965333 0.000000
1692987256426492946 144.985802 0.000000
1692987256534474578 145.028380 0.000000
1692987256753514593 145.227294 0.000000
1692987256826593318 145.381785 0.000000
1692987256827002134 144.900012 0.000000
1692987256898299569 145.199903 0.000000
1692987256971241787 145.135442 0.000000
1692987256971850138 145.252211 0.000000
1692987257044714161 145.055444 0.000000
1692987257118438255 145.049392 0.000000
1692987257481400507 145.401661 0.000000
1692987257482160261 144.854926 0.000000
1692987257555080109 145.401964 0.000000
1692987257699439084 145.255827 0.000000
1692987257844683150 145.131746 0.000000
1692987257845544074 145.400620 0.000000
1692987257845901644 145.117339 0.000000
1692987257846278060 145.241271 0.000000
1692987257990950143 145.112318 0.000000
1692987258137434705 145.229148 0.000000
1692987258536597029 145.311168 0.000000
1692987258645951125 144.877448 0.000000
1692987258718858038 144.924346 0.000000
1692987258791587787 144.777240 0.000000
1692987258936846982 145.555771 0.000000
1692987259045605412 145.120866 0.000000
1692987259082886610 146.038085 0.000000
1692987259082912418 145.240048 0.000000
1692987259155525128 145.179325 0.000000
1692987259301492670 144.990850 0.000000
1692987259374220977 144.716746 0.000000
1692987259374361260 144.921670 0.000000
1692987259592383600 145.135364 0.000000
1692987259664243798 145.559659 0.000000
1692987259664805982 144.770349 0.000000
1692987259955972345 144.866490 0.000000
1692987260029221999 145.037969 0.000000
1692987260173536362 145.475330 0.000000
1692987260246998405 144.904790 0.000000
1692987260320131622 144.886005 0.000000
1692987260355408451 145.227794 0.000000
1692987260611692614 145.272158 0.000000
1692987260684215337 145.624470 0.000000
1692987260864508274 145.216564 0.000000
1692987260975002068 144.705988 0.000000
1692987260975168380 144.770990 0.000000
1692987261047202355 145.184184 0.000000
1692987261192589750 144.825612 0.000000
1692987261410808034 144.981153 0.000000
1692987261483726090 145.026100 0.000000
1692987261773981583 145.188071 0.000000
1692987261918257063 145.088024 0.000000
1692987261993048959 145.081961 0.000000
1692987262136717220 144.860146 0.000000
1692987262211140615 145.209870 0.000000
1692987262283508126 145.288309 0.000000
1692987262283935086 145.417691 0.000000
1692987262354623350 144.902186 0.000000
1692987262427051584 145.203310 0.000000
1692987262500853744 144.804310 0.000000
1692987262573899056 144.627571 0.000000
1692987262645652616 145.027631 0.000000
1692987262791471119 144.851881 0.000000
1692987262863156571 145.111807 0.000000
1692987262937653255 144.919709 0.000000
1692987263154410389 144.880134 0.000000
1692987263372182627 145.095837 0.000000
1692987263372187546 145.194722 0.000000
1692987263517306298 145.115896 0.000000
1692987263809259637 146.226859 0.000000
1692987263809969949 145.087773 0.000000
1692987263810138785 145.042558 0.000000
1692987263955608095 145.106680 0.000000
1692987264027839182 145.198424 0.000000
1692987264027929411 145.249640 0.000000
1692987264174741674 144.943559 0.000000
1692987264319242295 144.831933 0.000000
1692987264392970478 145.281174 0.000000
1692987264464370264 145.123760 0.000000
1692987264537512177 144.916432 0.000000
1692987264538534774 145.085248 0.000000
1692987264973798874 145.316812 0.000000
1692987264974150404 145.013123 0.000000
1692987264974953610 145.121186 0.000000
1692987264975197607 144.706508 0.000000
1692987265483908104 144.854798 0.000000
1692987265629691858 144.814266 0.000000
1692987265701910622 145.364602 0.000000
1692987265775734983 145.108633 0.000000
1692987265920670741 144.932241 0.000000
1692987265993399180 144.996744 0.000000
1692987265993615144 144.925931 0.000000
1692987266211905794 145.149836 0.000000
1692987266537753891 145.318255 0.000000
1692987266646797837 144.938885 0.000000
1692987266719545792 145.150512 0.000000
1692987266793314591 144.653460 0.000000
1692987266793675778 145.008316 0.000000
1692987266938347198 145.100044 0.000000
1692987267228726116 145.393407 0.000000
1692987267230320475 144.851300 0.000000
1692987267265121604 145.025277 0.000000
1692987267303258706 145.011260 0.000000
1692987267303325942 145.100728 0.000000
1692987267446959569 145.271839 0.000000
1692987267447333290 144.914830 0.000000
1692987267448645079 145.423964 0.000000
1692987267448660748 145.400310 0.000000
1692987267555957901 145.416952 0.000000
1692987267957200764 144.820733 0.000000
1692987267992611084 145.309048 0.000000
1692987268175692541 145.659245 0.000000
1692987268320167685 144.898628 0.000000
1692987268321391128 145.047437 0.000000
1692987268393402342 144.797819 0.000000
1692987268538487309 144.745260 0.000000
1692987268611377880 145.304647 0.000000
1692987268684776214 144.858884 0.000000
1692987268684807012 144.869153 0.000000
1692987268829379720 144.944455 0.000000
1692987268865612502 144.985682 0.000000
1692987268974744862 145.024894 0.000000
1692987269048834993 144.817397 0.000000
1692987269048981668 144.771721 0.000000
1692987269339598631 145.196495 0.000000
1692987269410891366 145.137405 0.000000
1692987269447347116 145.289820 0.000000
1692987269484667428 144.933133 0.000000
1692987269701378426 145.176237 0.000000
1692987269703632703 144.737665 0.000000
1692987269776189299 144.868933 0.000000
1692987269920375581 144.871046 0.000000
1692987269921336502 144.645132 0.000000
1692987270138666692 144.820823 0.000000
1692987270430474319 144.941079 0.000000
1692987270576156959 145.389100 0.000000
1692987270647602630 145.188613 0.000000
1692987270721939341 144.815911 0.000000
1692987271085266989 144.807396 0.000000
1692987271193057765 145.271157 0.000000
1692987271303904759 145.815306 0.000000
1692987271304008083 145.336047 0.000000
1692987271375605069 145.099635 0.000000
1692987271448817284 145.191718 0.000000
1692987271448976132 144.683135 0.000000
1692987271593244479 145.037190 0.000000
1692987271739375506 144.858101 0.000000
1692987271812639459 144.867079 0.000000
1692987271847681768 145.097642 0.000000
1692987271884678604 145.537246 0.000000
1692987271884740860 145.538658 0.000000
1692987271885442596 145.063387 0.000000
1692987271957350314 145.097850 0.000000
1692987271957728944 145.087331 0.000000
1692987272248149280 145.063878 0.000000
1692987272248539662 144.852261 0.000000
1692987272394731374 145.042679 0.000000
1692987272466738400 145.139769 0.000000
1692987272613212373 145.309429 0.000000
1692987272758372371 145.158856 0.000000
1692987272831230172 145.128691 0.000000
1692987272903006554 145.286185 0.000000
1692987273049731406 145.108542 0.000000
1692987273121876690 145.395049 0.000000
1692987273194178868 144.932321 0.000000
1692987273267274735 144.931640 0.000000
1692987273412610836 144.926212 0.000000
1692987273485298595 145.352370 0.000000
1692987273486248295 145.291245 0.000000
1692987273557961069 144.993965 0.000000
1692987273630924448 145.607238 0.000000
1692987273631433492 145.382507 0.000000
1692987273631446016 145.022372 0.000000
1692987273703264115 145.332362 0.000000
1692987273776090367 145.065300 0.000000
1692987273776515234 145.000369 0.000000
1692987273995176712 145.234411 0.000000
1692987274503761015 145.092690 0.000000
1692987274505122748 145.394507 0.000000
1692987274868626447 145.326671 0.000000
1692987275304512242 144.973699 0.000000
1692987275305237171 144.827496 0.000000
1692987275376984850 145.184662 0.000000
1692987275449928041 145.413635 0.000000
1692987275449938099 144.862991 0.000000
1692987275886442616 145.261288 0.000000
1692987275959505933 145.422853 0.000000
1692987276104582413 145.011819 0.000000
1692987276105869175 144.779794 0.000000
1692987276177407181 145.050553 0.000000
1692987276395716918 145.354574 0.000000
1692987276396614080 144.845249 0.000000
1692987276615590766 144.978969 0.000000
1692987276832845716 145.039513 0.000000
1692987276833123597 145.094076 0.000000
1692987276905116184 145.137176 0.000000
1692987276977617877 144.948481 0.000000
1692987277122874056 145.217948 0.000000
1692987277197493202 145.273034 0.000000
1692987277414311398 145.056663 0.000000
1692987277416389494 146.133482 0.000000
1692987277487148539 144.725133 0.000000
1692987277488633964 145.671667 0.000000
1692987277560771263 144.642938 0.000000
1692987277779824053 145.264746 0.000000
1692987277814676697 145.224669 0.000000
1692987277851660969 144.905551 0.000000
1692987277998359923 145.138939 0.000000
1692987278071145788 144.932191 0.000000
1692987278142682421 145.016990 0.000000
1692987278143803272 144.766400 0.000000
1692987278215352990 145.223237 0.000000
1692987278215447697 144.871036 0.000000
1692987278433691340 145.221343 0.000000
1692987278652314584 145.158215 0.000000
1692987278725773711 145.334435 0.000000
1692987278944595437 145.115765 0.000000
1692987279088487751 145.282791 0.000000
1692987279307598286 144.765448 0.000000
1692987279380916289 145.113800 0.000000
1692987279526267486 144.669068 0.000000
1692987279742587621 145.198741 0.000000
1692987279744291295 144.653228 0.000000
1692987279816523407 144.899102 0.000000
1692987279816654613 144.627623 0.000000
1692987279888559444 145.035116 0.000000
1692987279961879689 145.223403 0.000000
1692987280034607425 145.399134 0.000000
1692987280107990210 144.842934 0.000000
1692987280544216264 145.184965 0.000000
1692987280834636909 144.835059 0.000000
1692987280835113974 144.845107 0.000000
1692987280907676812 145.013284 0.000000
1692987281052985189 144.793331 0.000000
1692987281343008849 145.398084 0.000000
1692987281344271186 145.322963 0.000000
1692987281416140787 145.417443 0.000000
1692987281489844972 144.932613 0.000000
1692987281562741834 144.748002 0.000000
1692987281634617502 145.293137 0.000000
1692987281706808463 145.072905 0.000000
1692987281706838068 145.108783 0.000000
1692987281708513440 144.984129 0.000000
1692987281780314390 144.925531 0.000000
1692987281926048866 144.848054 0.000000
1692987282144473164 144.895683 0.000000
1692987282216071885 145.305283 0.000000
1692987282290122089 144.818858 0.000000
1692987282580992310 145.058319 0.000000
1692987282616261855 145.194924 0.000000
1692987282726522041 144.876326 0.000000
1692987282871176964 145.093636 0.000000
1692987282944430755 145.018064 0.000000
1692987282944873155 144.900873 0.000000
1692987282945022014 144.893109 0.000000
1692987283090361381 144.964935 0.000000
1692987283125534625 145.431389 0.000000
1692987283236823508 145.549747 0.000000
1692987283343854349 145.340216 0.000000
1692987283673044393 144.870636 0.000000
1692987283890523523 144.903858 0.000000
1692987284035752470 145.227374 0.000000
1692987284109795873 145.461043 0.000000
1692987284327726438 145.333632 0.000000
1692987284399735538 145.233658 0.000000
1692987284401138709 145.131396 0.000000
1692987284545602641 145.050313 0.000000
1692987284908984470 144.990279 0.000000
1692987284910136941 144.662044 0.000000
1692987284982937766 145.072395 0.000000
1692987285127721308 144.781448 0.000000
1692987285346369248 144.744578 0.000000
1692987285491851592 145.123421 0.000000
1692987285637456395 145.177151 0.000000
1692987285782528189 145.070762 0.000000
1692987285783330974 145.170369 0.000000
1692987285855458345 145.026199 0.000000
1692987285928934013 144.600950 0.000000
1692987286000447442 145.139430 0.000000
1692987286073017615 145.037150 0.000000
1692987286146423611 144.924527 0.000000
1692987286655543583 145.081031 0.000000
1692987286801609080 144.870516 0.000000
1692987287383796105 145.182441 0.000000
1692987287603148585 144.878881 0.000000
1692987287748172150 145.022223 0.000000
1692987287748388385 144.858786 0.000000
1692987287965330885 145.205803 0.000000
1692987288038216207 144.978526 0.000000
1692987288039647851 145.064397 0.000000
1692987288039675062 145.005477 0.000000
1692987288256497371 145.507251 0.000000
1692987288257039577 145.189986 0.000000
1692987288401802040 145.301343 0.000000
1692987288475889235 144.889639 0.000000
1692987288547307365 145.137785 0.000000
1692987288620166167 145.057104 0.000000
1692987288694233889 144.701482 0.000000
1692987288766755837 145.024155 0.000000
1692987288911851614 144.821252 0.000000
1692987289058424020 145.574316 0.000000
1692987289311437954 145.104495 0.000000
1692987289456505349 145.064360 0.000000
1692987289566088045 145.234099 0.000000
1692987289712887646 144.788101 0.000000
1692987289784629356 144.884674 0.000000
1692987289930110265 144.664368 0.000000
1692987289930563965 145.079507 0.000000
1692987289930968293 145.069578 0.000000
1692987290148553591 144.853574 0.000000
1692987290221283703 145.263202 0.000000
1692987290293712117 145.156342 0.000000
1692987290367328811 144.907586 0.000000
