1692987141512259514 177.831722 0.000000
1692987141927134623 178.205974 0.000000
1692987142944339577 178.233125 0.000000
1692987142947897117 177.681601 0.000000
1692987143107769337 177.702540 0.000000
1692987143121203314 177.483249 0.000000
1692987146214081446 178.102389 0.000000
1692987146391016798 177.718320 0.000000
1692987146924045882 178.313105 0.000000
1692987147072322332 177.453263 0.000000
1692987147267938678 177.984028 0.000000
1692987149290647496 177.310195 0.000000
1692987149941126985 178.273040 0.000000
1692987150473801745 177.861398 0.000000
1692987152662535419 177.476055 0.000000
1692987153059607180 177.318861 0.000000
1692987155810270133 177.399111 0.000000
1692987156243404036 177.975832 0.000000
1692987157318519546 177.651425 0.000000
1692987157673475334 177.519767 0.000000
1692987158828433258 177.859144 0.000000
1692987158916905322 177.532843 0.000000
1692987159437964755 177.988447 0.000000
1692987160294606193 177.323470 0.000000
1692987161845657405 177.308722 0.000000
1692987161934768877 177.366510 0.000000
1692987162278032915 178.154287 0.000000
1692987163088682094 177.734470 0.000000
1692987163164721639 177.407187 0.000000
1692987163785516955 177.822456 0.000000
1692987163887044136 177.206511 0.000000
1692987164467113814 178.187709 0.000000
1692987164762156362 177.907294 0.000000
1692987165129723707 177.905421 0.000000
1692987167259334817 178.174587 0.000000
1692987167693223635 177.917974 0.000000
1692987169122881341 177.949534 0.000000
1692987169211755139 177.868622 0.000000
1692987169378757739 177.843545 0.000000
1692987169655632935 177.465816 0.000000
1692987169789546307 177.981234 0.000000
1692987169833172761 177.438355 0.000000
1692987169910844476 177.322308 0.000000
1692987170010944091 177.882187 0.000000
1692987170266112512 177.649483 0.000000
1692987170532908951 178.317614 0.000000
1692987171119670929 177.770237 0.000000
1692987172583328409 177.423047 0.000000
1692987172583400273 177.283155 0.000000
1692987173516579360 177.676392 0.000000
1692987173728785731 177.888129 0.000000
1692987175334662554 177.626979 0.000000
1692987175680937629 177.887407 0.000000
1692987176044697834 177.631765 0.000000
1692987176577867583 178.024473 0.000000
1692987177110372946 177.916732 0.000000
1692987177331130520 177.851100 0.000000
1692987178166635100 177.238787 0.000000
1692987178433194346 177.861717 0.000000
1692987179060508895 177.548532 0.000000
1692987179415291319 177.672494 0.000000
1692987180125350885 177.807328 0.000000
1692987181188998332 177.695125 0.000000
1692987181541842121 177.581995 0.000000
1692987181543083459 177.851129 0.000000
1692987182744989858 177.400234 0.000000
1692987182784877362 178.182349 0.000000
1692987182873558589 177.787299 0.000000
1692987182922504035 177.511973 0.000000
1692987183406033917 178.059712 0.000000
1692987183494702748 177.411877 0.000000
1692987183583679370 177.972857 0.000000
1692987184786548653 177.764417 0.000000
1692987186600575075 177.889361 0.000000
1692987187045120503 178.087091 0.000000
1692987187222913814 177.791849 0.000000
1692987187449085209 177.131570 0.000000
1692987187489604137 177.757404 0.000000
1692987187715478935 177.420119 0.000000
1692987188110113498 178.388218 0.000000
1692987188198919318 177.557600 0.000000
1692987188287751698 177.299575 0.000000
1692987188514095675 177.484021 0.000000
1692987188997101495 177.688688 0.000000
1692987189086090097 177.971406 0.000000
1692987189312746500 177.673857 0.000000
1692987189756418302 177.502907 0.000000
1692987190596046835 177.616340 0.000000
1692987191482429144 177.298574 0.000000
1692987191886875302 178.410117 0.000000
1692987191926471860 177.178958 0.000000
1692987192281063196 177.189809 0.000000
1692987192330026326 177.333027 0.000000
1692987192546367202 177.294077 0.000000
1692987192991657495 177.794062 0.000000
1692987193878354186 177.337958 0.000000
1692987194500685913 177.900922 0.000000
1692987194767448381 177.891886 0.000000
1692987194855523382 177.388774 0.000000
1692987195033345867 177.876857 0.000000
1692987195614149126 177.730035 0.000000
1692987195920531483 178.048060 0.000000
1692987196896935293 178.122738 0.000000
1692987197389292134 177.042203 0.000000
1692987198583339832 177.858901 0.000000
1692987198898421385 177.013843 0.000000
1692987199558337847 177.278445 0.000000
1692987200889502844 177.984971 0.000000
1692987201294437618 177.489092 0.000000
1692987201295661021 177.871087 0.000000
1692987201866650839 178.658634 0.000000
1692987202043847751 178.099925 0.000000
1692987202043887295 177.693413 0.000000
1692987202932028774 178.443149 0.000000
1692987203996761501 177.886256 0.000000
1692987204403302565 178.509352 0.000000
1692987204577719557 177.572228 0.000000
1692987204973014387 178.252160 0.000000
1692987205021719373 177.659199 0.000000
1692987205061359083 177.976013 0.000000
1692987205593204490 177.618093 0.000000
1692987207102845897 177.925809 0.000000
1692987207158771160 178.238395 0.000000
1692987207506146197 177.625507 0.000000
1692987208257426809 177.950876 0.000000
1692987208669573716 178.120645 0.000000
1692987209735622482 178.021461 0.000000
1692987209811891025 177.487247 0.000000
1692987209855969206 178.117270 0.000000
1692987209943563005 177.857011 0.000000
1692987210120632279 177.120921 0.000000
1692987210210158370 177.714563 0.000000
1692987210476675407 177.860176 0.000000
1692987210535613329 178.304198 0.000000
1692987211096592807 177.994277 0.000000
1692987211452642800 177.733278 0.000000
1692987214913954179 177.265371 0.000000
1692987216867373411 177.280932 0.000000
1692987217372951681 177.445829 0.000000
1692987218021268217 177.500562 0.000000
1692987218970944538 177.708002 0.000000
1692987219263390910 177.991904 0.000000
1692987219351603409 177.161326 0.000000
1692987219529912106 177.954263 0.000000
1692987220062820186 178.286817 0.000000
1692987220149154983 177.912655 0.000000
1692987220151104278 177.498268 0.000000
1692987220282564450 177.209076 0.000000
1692987220415012966 177.279990 0.000000
1692987222368279440 178.170709 0.000000
1692987222368294248 177.772102 0.000000
1692987222722300228 177.190261 0.000000
1692987222723326893 178.107701 0.000000
1692987223077856063 177.822064 0.000000
1692987223344814328 177.859385 0.000000
1692987223610054633 177.810023 0.000000
1692987223967281312 178.063087 0.000000
1692987224763794319 177.717118 0.000000
1692987225917215218 177.364026 0.000000
1692987225917948543 177.712048 0.000000
1692987226450351435 177.811464 0.000000
1692987228580554685 177.234304 0.000000
1692987228757579435 177.270492 0.000000
1692987229449616824 178.190025 0.000000
1692987229822850103 177.991654 0.000000
1692987230178714027 177.792000 0.000000
1692987230265984009 177.032418 0.000000
1692987231596950235 177.636487 0.000000
1692987231951651298 177.573670 0.000000
1692987232307973069 177.206211 0.000000
1692987233283945802 178.038110 0.000000
1692987233727244155 177.013870 0.000000
1692987234792497922 177.490794 0.000000
1692987235058823901 177.515131 0.000000
1692987235147643950 177.348329 0.000000
1692987236034769305 176.901800 0.000000
1692987237900994260 177.959134 0.000000
1692987238118942776 177.456028 0.000000
1692987238166180693 177.351454 0.000000
1692987238254959292 177.266084 0.000000
1692987238876561293 177.998095 0.000000
1692987241083005559 178.284432 0.000000
1692987241894717436 177.455230 0.000000
1692987241982598100 177.863413 0.000000
1692987242159695116 177.074574 0.000000
1692987242160587750 177.130599 0.000000
1692987242959165992 177.057993 0.000000
1692987244822469760 177.876157 0.000000
1692987244823278767 177.672936 0.000000
1692987245976814723 178.213710 0.000000
1692987246507211566 177.923446 0.000000
1692987246863757901 177.606393 0.000000
1692987248813475536 177.422388 0.000000
1692987248991813428 177.319062 0.000000
1692987249522321212 177.304066 0.000000
1692987249965865834 177.617470 0.000000
1692987250941963435 177.410906 0.000000
1692987251385556630 177.517285 0.000000
1692987251651551449 177.736535 0.000000
1692987252805228709 177.709885 0.000000
1692987254401340317 177.964043 0.000000
1692987255555437576 178.368821 0.000000
1692987255644640102 177.575955 0.000000
1692987256397284995 177.614147 0.000000
1692987256531683185 177.789444 0.000000
1692987257329877167 177.231499 0.000000
1692987259194090585 177.482871 0.000000
1692987260214382054 177.947803 0.000000
1692987261278684368 177.851271 0.000000
1692987261501151651 177.532796 0.000000
1692987261677401656 177.834276 0.000000
1692987262032007160 177.227009 0.000000
1692987262033062589 177.886595 0.000000
1692987262033079641 177.805513 0.000000
1692987262297782870 177.302452 0.000000
1692987263362628664 177.397270 0.000000
1692987263939151231 177.233775 0.000000
1692987264336725966 177.073913 0.000000
1692987264425564860 177.187356 0.000000
1692987264692884592 177.875025 0.000000
1692987265400492326 177.544387 0.000000
1692987266156358921 177.370892 0.000000
1692987266288612610 177.283603 0.000000
1692987266821666757 177.546280 0.000000
1692987266821705279 177.707032 0.000000
1692987266999287795 177.581404 0.000000
1692987269304231853 176.998743 0.000000
1692987270149384266 177.675731 0.000000
1692987270548963361 178.156029 0.000000
1692987270814695910 178.101289 0.000000
1692987271789682066 177.788322 0.000000
1692987272055513750 177.603497 0.000000
1692987273611014689 177.139235 0.000000
1692987274095924209 177.483473 0.000000
1692987274894881892 177.012117 0.000000
1692987275160099905 177.122272 0.000000
1692987275472981494 177.185775 0.000000
1692987275781868521 177.332174 0.000000
1692987276935808599 177.908438 0.000000
1692987277112857135 177.495164 0.000000
1692987278266931564 178.274314 0.000000
1692987278623002147 177.974232 0.000000
1692987278800310720 177.993046 0.000000
1692987280219287871 177.167489 0.000000
1692987280308939298 177.225569 0.000000
1692987280663377559 177.850850 0.000000
1692987281240069132 177.829973 0.000000
1692987281728651025 177.902648 0.000000
1692987281729747561 178.229269 0.000000
1692987282349890780 176.963638 0.000000
1692987282527339606 177.070366 0.000000
1692987283326671022 177.534406 0.000000
1692987283769599012 176.963807 0.000000
1692987283947849301 177.747437 0.000000
1692987284125226514 178.032411 0.000000
1692987285101314989 177.400767 0.000000
1692987285102442283 177.796439 0.000000
1692987285544857674 177.860469 0.000000
1692987286210441457 177.836232 0.000000
1692987288916137139 177.340401 0.000000
1692987289272470645 178.039364 0.000000
1692987289805790550 177.837937 0.000000
1692987290248126519 177.486896 0.000000
