1692987141507590761 217.331630 0.000000
1692987141831564381 145.233826 0.000000
1692987141977225167 145.313074 0.000000
1692987143724159081 145.373036 0.000000
1692987144307058525 145.614358 0.000000
1692987145108672653 146.072578 0.000000
1692987145179842948 145.758189 0.000000
1692987145216107720 145.669674 0.000000
1692987145398078542 145.799165 0.000000
1692987145580322627 145.748500 0.000000
1692987145834433503 145.589603 0.000000
1692987145943850227 145.563715 0.000000
1692987146417362593 145.907568 0.000000
1692987146816351849 145.477753 0.000000
1692987147616936976 146.064392 0.000000
1692987147799538421 145.782364 0.000000
1692987147907851835 145.676876 0.000000
1692987148381306184 146.228661 0.000000
1692987148489895224 146.266170 0.000000
1692987148599904448 146.022564 0.000000
1692987148998782035 145.346858 0.000000
1692987149145004503 145.979053 0.000000
1692987149326938988 145.569404 0.000000
1692987149486269693 146.020650 0.000000
1692987150867020311 145.432128 0.000000
1692987150963381206 145.459599 0.000000
1692987151219112270 145.857204 0.000000
1692987151690779518 218.199898 0.000000
1692987151739404794 145.193079 0.000000
1692987151764147674 145.742208 0.000000
1692987153037088610 218.732897 0.000000
1692987153145508123 145.111827 0.000000
1692987153558025973 145.742970 0.000000
1692987154200749271 145.099063 0.000000
1692987154273417134 146.128021 0.000000
1692987154273455366 145.464097 0.000000
1692987154491812879 145.729415 0.000000
1692987155449177219 146.040708 0.000000
1692987155728701933 218.607161 0.000000
1692987155728708876 206.983449 0.000000
1692987157656578995 145.283007 0.000000
1692987158057245386 145.238634 0.000000
1692987158421549361 145.421948 0.000000
1692987158649027274 145.399766 0.000000
1692987158713677084 145.894654 0.000000
1692987159512641214 145.284220 0.000000
1692987160822960573 145.560699 0.000000
1692987160895045785 145.903342 0.000000
1692987161258713357 146.511953 0.000000
1692987163150938828 146.015451 0.000000
1692987163296626624 145.686544 0.000000
1692987163877748738 218.095953 0.000000
1692987163878934742 145.651308 0.000000
1692987163986443296 145.197717 0.000000
1692987164169071492 145.618547 0.000000
1692987164678063969 145.421518 0.000000
1692987165040926011 145.180366 0.000000
1692987165333635328 146.370099 0.000000
1692987165624800254 145.992306 0.000000
1692987166388383038 146.008819 0.000000
1692987167114972949 145.452109 0.000000
1692987167370023975 145.151539 0.000000
1692987168026119145 145.912488 0.000000
1692987168389733407 145.484786 0.000000
1692987168897927589 145.976678 0.000000
1692987169189937333 145.449520 0.000000
1692987170427342728 145.621822 0.000000
1692987171371765976 146.400472 0.000000
1692987171772130351 145.943908 0.000000
1692987171880923745 145.392764 0.000000
1692987172026700458 146.056166 0.000000
1692987172135281164 145.580596 0.000000
1692987173153848254 145.922716 0.000000
1692987174901085631 146.003168 0.000000
1692987175192268754 145.877722 0.000000
1692987175264561895 145.789908 0.000000
1692987175447359127 145.817179 0.000000
1692987175593757937 146.069823 0.000000
1692987175665192057 145.822851 0.000000
1692987175919514112 145.492923 0.000000
1692987176612054759 145.878023 0.000000
1692987177374730505 145.398936 0.000000
1692987179304151927 146.485113 0.000000
1692987179448531311 218.570765 0.000000
1692987179521868859 146.143241 0.000000
1692987179883894402 145.528867 0.000000
1692987180031409615 145.454980 0.000000
1692987180466265538 145.714437 0.000000
1692987180503310643 146.121610 0.000000
1692987180685306041 145.837016 0.000000
1692987180720931986 145.577189 0.000000
1692987181012824630 146.281680 0.000000
1692987181049989779 145.560628 0.000000
1692987181268822744 146.236315 0.000000
1692987181376500416 146.156597 0.000000
1692987181885410121 145.818212 0.000000
1692987182540130742 145.749381 0.000000
1692987183013524518 145.621472 0.000000
1692987184032120581 217.659967 0.000000
1692987184067966057 145.247268 0.000000
1692987185197263925 145.833120 0.000000
1692987185269685707 146.110510 0.000000
1692987185269897915 146.264068 0.000000
1692987186507477058 146.540907 0.000000
1692987186543766265 146.056378 0.000000
1692987187234114595 145.195144 0.000000
1692987187634811263 145.515033 0.000000
1692987187854021545 146.102804 0.000000
1692987188252640439 145.280134 0.000000
1692987188544235684 146.040057 0.000000
1692987189632876926 145.285052 0.000000
1692987190288241145 146.180461 0.000000
1692987190361108172 145.800208 0.000000
1692987190943133891 145.902981 0.000000
1692987191562192612 146.009070 0.000000
1692987191599480852 145.817461 0.000000
1692987192216703219 145.640628 0.000000
1692987192326480769 146.016263 0.000000
1692987192472317465 145.833500 0.000000
1692987193491070536 146.277393 0.000000
1692987194654704870 145.384058 0.000000
1692987195309351815 145.503121 0.000000
1692987196619958755 145.806779 0.000000
1692987197273491762 145.433571 0.000000
1692987197346414484 145.833441 0.000000
1692987198002107129 146.106619 0.000000
1692987198147229687 145.779110 0.000000
1692987198438919163 145.075261 0.000000
1692987198656567836 145.994512 0.000000
1692987198728961746 145.420055 0.000000
1692987198838053901 145.865711 0.000000
1692987199020685473 145.509451 0.000000
1692987199676656040 145.681135 0.000000
1692987199894106563 145.572149 0.000000
1692987200912735502 146.271311 0.000000
1692987201204281736 145.090158 0.000000
1692987201713414328 145.228354 0.000000
1692987201857336626 145.273852 0.000000
1692987202258538219 145.468214 0.000000
1692987203096890420 146.309524 0.000000
1692987203241444530 145.635437 0.000000
1692987203386453585 145.129240 0.000000
1692987203858512068 145.489457 0.000000
1692987203894689127 145.238796 0.000000
1692987204149638856 146.016802 0.000000
1692987204187438757 146.265941 0.000000
1692987204441279096 145.824012 0.000000
1692987204769284138 145.773087 0.000000
1692987204877612140 145.240419 0.000000
1692987206150474655 145.062235 0.000000
1692987206369124597 145.336829 0.000000
1692987206550240267 145.624859 0.000000
1692987207098054985 147.114453 0.000000
1692987207132182920 145.970707 0.000000
1692987207387172846 145.748921 0.000000
1692987207823447218 145.203949 0.000000
1692987207969250713 144.693433 0.000000
1692987208333725601 146.520148 0.000000
1692987209133044361 145.798496 0.000000
1692987209750284241 145.266639 0.000000
1692987209895531902 145.245567 0.000000
1692987210005893988 146.078499 0.000000
1692987210151696090 145.801000 0.000000
1692987210804979188 145.537937 0.000000
1692987210950732730 145.702346 0.000000
1692987211532148023 145.668091 0.000000
1692987212186160831 145.145262 0.000000
1692987212261455529 146.570553 0.000000
1692987212624699289 145.620160 0.000000
1692987213095564165 145.174526 0.000000
1692987214333014676 146.157628 0.000000
1692987214878720911 145.664052 0.000000
1692987214950997581 145.829323 0.000000
1692987216115857817 217.975268 0.000000
1692987216224891723 145.715560 0.000000
1692987216408298991 146.643039 0.000000
1692987217208694869 145.770383 0.000000
1692987217316626577 145.644557 0.000000
1692987218663385663 145.620883 0.000000
1692987219246307491 145.521004 0.000000
1692987219973807668 145.955429 0.000000
1692987220154190484 145.772196 0.000000
1692987220481087316 145.102230 0.000000
1692987220481153521 144.880834 0.000000
1692987220774021163 146.062219 0.000000
1692987220846871179 145.888515 0.000000
1692987221136108193 145.720779 0.000000
1692987221172341767 145.123838 0.000000
1692987221500730618 145.441737 0.000000
1692987221755472379 145.850803 0.000000
1692987221755483730 145.785490 0.000000
1692987223174790123 146.008598 0.000000
1692987223608898706 145.432690 0.000000
1692987225210981473 145.325227 0.000000
1692987225393067372 146.092867 0.000000
1692987226265607283 145.748092 0.000000
1692987227283932311 145.920063 0.000000
1692987227757413812 145.146012 0.000000
1692987228266511059 145.224569 0.000000
1692987228811778653 146.241596 0.000000
1692987228848430591 145.004656 0.000000
1692987230085063262 145.509252 0.000000
1692987230631433914 145.657049 0.000000
1692987230885785263 146.127531 0.000000
1692987231904044702 145.931736 0.000000
1692987232085434716 218.314664 0.000000
1692987232230922759 145.509313 0.000000
1692987232706087416 145.456985 0.000000
1692987232778672424 145.711982 0.000000
1692987233323140487 145.944328 0.000000
1692987233359779232 146.012157 0.000000
1692987233943308251 146.169823 0.000000
1692987234161552041 145.764260 0.000000
1692987234669802672 145.433661 0.000000
1692987237215293591 146.019871 0.000000
1692987238015754971 145.949437 0.000000
1692987238888324528 145.738723 0.000000
1692987239143037816 145.821298 0.000000
1692987239906746671 145.714147 0.000000
1692987240451208667 145.237678 0.000000
1692987240635244429 145.974402 0.000000
1692987240742992294 146.060196 0.000000
1692987241215572659 145.562485 0.000000
1692987241288683461 145.700823 0.000000
1692987241653496182 145.604321 0.000000
1692987242017617597 145.897598 0.000000
1692987242895008955 145.894506 0.000000
1692987243476330856 145.053687 0.000000
1692987244239085425 146.396466 0.000000
1692987244638846167 145.519380 0.000000
1692987245221914192 146.326625 0.000000
1692987245222050538 146.434809 0.000000
1692987245293863210 145.400852 0.000000
1692987245330909256 146.032364 0.000000
1692987245368132334 145.950891 0.000000
1692987245513832014 145.483063 0.000000
1692987245985944420 145.909843 0.000000
1692987246096641995 146.723990 0.000000
1692987246968022613 146.552469 0.000000
1692987247992585150 146.385977 0.000000
1692987248281270371 145.718646 0.000000
1692987248282421810 145.265947 0.000000
1692987248500685950 145.365384 0.000000
1692987248537126882 145.661879 0.000000
1692987248828039080 145.825397 0.000000
1692987249734027082 145.952462 0.000000
1692987249844273733 145.500758 0.000000
1692987249989577591 145.443700 0.000000
1692987250096913704 145.652122 0.000000
1692987250207682021 218.102676 0.000000
1692987250315191690 145.628158 0.000000
1692987250788855155 145.102462 0.000000
1692987251625762548 145.864088 0.000000
1692987251990004388 146.107083 0.000000
1692987252462258190 145.935082 0.000000
1692987252861773774 145.767618 0.000000
1692987252934649357 146.237399 0.000000
1692987253588702132 146.077840 0.000000
1692987254025582954 144.972497 0.000000
1692987254062667514 146.053204 0.000000
1692987254571607928 146.006795 0.000000
1692987255118416862 145.922617 0.000000
1692987255372029607 145.758020 0.000000
1692987256208727500 144.770907 0.000000
1692987256935869268 145.600203 0.000000
1692987259083415752 146.150416 0.000000
1692987259481844720 145.585206 0.000000
1692987259700220990 145.123570 0.000000
1692987260101560586 145.935893 0.000000
1692987260575700713 145.805759 0.000000
1692987260937904994 145.525884 0.000000
1692987261773964911 145.377306 0.000000
1692987262101001518 145.183033 0.000000
1692987263119191447 146.131790 0.000000
1692987263628433669 146.052402 0.000000
1692987263991716603 146.094632 0.000000
1692987264501717055 145.151572 0.000000
1692987264682787161 145.248314 0.000000
1692987265264972080 145.244447 0.000000
1692987265811813607 145.998712 0.000000
1692987266103118493 145.354035 0.000000
1692987266502231220 145.873595 0.000000
1692987266646747883 145.096130 0.000000
1692987268247377692 145.200602 0.000000
1692987268794106506 145.857917 0.000000
1692987269375308943 145.810557 0.000000
1692987269447314986 145.284721 0.000000
1692987269594305097 145.647974 0.000000
1692987270429466569 145.360615 0.000000
1692987271048359762 145.808665 0.000000
1692987271339008786 145.334896 0.000000
1692987271666109282 145.231744 0.000000
1692987272720973382 145.169306 0.000000
1692987272722154376 145.548768 0.000000
1692987272941335876 146.583407 0.000000
1692987272941357697 146.380537 0.000000
1692987273339956605 145.190395 0.000000
1692987273558922992 145.962842 0.000000
1692987274104701526 145.838822 0.000000
1692987274140950558 145.917816 0.000000
1692987274358401945 145.342992 0.000000
1692987274395338917 146.180331 0.000000
1692987275377885819 145.693256 0.000000
1692987275414462747 144.862620 0.000000
1692987276579968578 146.253448 0.000000
1692987277560440563 146.080483 0.000000
1692987279815893456 145.803047 0.000000
1692987279961687539 145.791348 0.000000
1692987280143903764 146.220869 0.000000
1692987280361951170 145.099537 0.000000
1692987280470740086 145.441327 0.000000
1692987282434726056 145.331431 0.000000
1692987284181891856 146.161367 0.000000
1692987285020407226 146.334461 0.000000
1692987285237986634 144.886747 0.000000
1692987285382007737 145.754864 0.000000
1692987286038226815 145.164197 0.000000
1692987286693043470 145.586755 0.000000
1692987288366346025 145.940854 0.000000
1692987288366391701 145.858280 0.000000
1692987288512673551 145.555849 0.000000
1692987288804465998 146.148001 0.000000
1692987288949244002 145.960681 0.000000
1692987290403872785 145.697967 0.000000
