1692987141508582610 145.666376 0.000000
1692987141726457639 145.834882 0.000000
1692987142598238860 145.314486 0.000000
1692987144213317773 145.365552 0.000000
1692987144504791209 146.066417 0.000000
1692987145581204460 146.166944 0.000000
1692987145725274704 145.980415 0.000000
1692987146394877236 145.899965 0.000000
1692987146395698546 145.323103 0.000000
1692987147216260157 145.754421 0.000000
1692987147580148432 145.966660 0.000000
1692987149217622604 145.589623 0.000000
1692987149813642016 146.533591 0.000000
1692987149946341070 145.882561 0.000000
1692987150381827907 145.373360 0.000000
1692987150382880410 145.779461 0.000000
1692987151037047191 145.319346 0.000000
1692987151326955735 145.303257 0.000000
1692987151872587726 145.521215 0.000000
1692987152345529483 145.629778 0.000000
1692987153012670279 218.366991 0.000000
1692987153073660668 145.800157 0.000000
1692987153303514085 146.202963 0.000000
1692987153655729716 218.244291 0.000000
1692987153666977875 145.583711 0.000000
1692987153800325255 145.208268 0.000000
1692987154248583895 145.242692 0.000000
1692987154976925575 145.923087 0.000000
1692987155000877873 146.043242 0.000000
1692987156212947323 145.335577 0.000000
1692987156274531236 145.755083 0.000000
1692987156565691816 145.826305 0.000000
1692987156856249405 145.467793 0.000000
1692987157731190152 146.266341 0.000000
1692987158166340926 146.185360 0.000000
1692987158239208945 145.397462 0.000000
1692987158613016388 145.860792 0.000000
1692987158749045096 145.006460 0.000000
1692987158893781447 145.971317 0.000000
1692987160349755682 146.070555 0.000000
1692987161876528764 145.456343 0.000000
1692987162677347774 146.043796 0.000000
1692987163187861543 145.737309 0.000000
1692987163478561680 145.937235 0.000000
1692987163624540122 145.571919 0.000000
1692987163628713537 145.376442 0.000000
1692987163987444232 146.413287 0.000000
1692987163988380247 146.050757 0.000000
1692987164278390813 145.681656 0.000000
1692987165879078305 146.016044 0.000000
1692987166461706412 145.975187 0.000000
1692987166462159361 145.579866 0.000000
1692987166535246940 145.675174 0.000000
1692987167478676755 145.272898 0.000000
1692987167770053221 145.716831 0.000000
1692987169517377884 145.436254 0.000000
1692987169518382778 145.917807 0.000000
1692987169661965649 145.870761 0.000000
1692987169808172068 146.037093 0.000000
1692987170026736830 145.739043 0.000000
1692987170026969066 145.541463 0.000000
1692987170464274009 145.684460 0.000000
1692987173446616188 146.053173 0.000000
1692987173955841663 145.911847 0.000000
1692987174392162062 146.311888 0.000000
1692987175046566511 145.901208 0.000000
1692987175629598754 145.995403 0.000000
1692987176284780351 145.904885 0.000000
1692987176429095043 218.052953 0.000000
1692987177010984865 145.910023 0.000000
1692987177157825153 145.584533 0.000000
1692987177230648258 145.527486 0.000000
1692987179121124061 145.994942 0.000000
1692987179811668347 146.112563 0.000000
1692987179921713589 145.240838 0.000000
1692987180067212241 145.256067 0.000000
1692987180213325868 145.698638 0.000000
1692987180538990658 145.733252 0.000000
1692987181739928741 145.131645 0.000000
1692987182468745404 145.847396 0.000000
1692987182468753900 145.497320 0.000000
1692987182612732993 218.356812 0.000000
1692987182832773912 145.954375 0.000000
1692987183049522820 144.898777 0.000000
1692987183122299398 145.819503 0.000000
1692987183341934306 146.071626 0.000000
1692987183633637234 146.195940 0.000000
1692987184069287023 145.434419 0.000000
1692987184941503404 145.445703 0.000000
1692987185453027441 146.131310 0.000000
1692987185852365733 146.148232 0.000000
1692987186180141805 146.143142 0.000000
1692987186652434776 145.618226 0.000000
1692987186835195861 145.518580 0.000000
1692987187271299403 145.449981 0.000000
1692987188433376718 145.045002 0.000000
1692987188942965789 145.620084 0.000000
1692987189234989434 145.601014 0.000000
1692987189379118589 145.222285 0.000000
1692987190106040320 145.344923 0.000000
1692987190179671470 145.649395 0.000000
1692987190180500254 145.579955 0.000000
1692987190616637770 145.740906 0.000000
1692987191708434859 146.004912 0.000000
1692987192363520133 145.532456 0.000000
1692987193017979747 218.037094 0.000000
1692987194108738469 145.411910 0.000000
1692987194108766772 146.219234 0.000000
1692987194473325255 146.429036 0.000000
1692987196619011529 146.108535 0.000000
1692987197237227712 145.597087 0.000000
1692987197384516801 146.006584 0.000000
1692987197748402483 146.232870 0.000000
1692987198619742152 146.085301 0.000000
1692987200076979157 145.422981 0.000000
1692987200220761672 145.629999 0.000000
1692987200295673894 145.818713 0.000000
1692987201240166276 146.046412 0.000000
1692987201749814404 145.729275 0.000000
1692987201894726266 145.871021 0.000000
1692987202477822621 146.148671 0.000000
1692987202623031350 145.207167 0.000000
1692987203859099420 146.035680 0.000000
1692987205678855846 145.208128 0.000000
1692987205896305758 146.182875 0.000000
1692987206333086700 145.886609 0.000000
1692987206769909631 145.960839 0.000000
1692987206987824736 146.784373 0.000000
1692987207059654718 145.706831 0.000000
1692987207933232744 145.565388 0.000000
1692987208368408377 145.139319 0.000000
1692987208660930331 145.711552 0.000000
1692987209243280488 145.827887 0.000000
1692987210187369514 217.954018 0.000000
1692987210332500346 145.512207 0.000000
1692987210549526544 145.622786 0.000000
1692987210697144183 145.498065 0.000000
1692987211713506829 145.566679 0.000000
1692987212733535764 145.991016 0.000000
1692987212952334756 145.778047 0.000000
1692987213170853873 145.684811 0.000000
1692987214042278500 145.365994 0.000000
1692987214114900118 145.599903 0.000000
1692987214915473327 144.946207 0.000000
1692987215133369727 145.496248 0.000000
1692987216662169677 145.516906 0.000000
1692987216698227481 146.366300 0.000000
1692987216734187153 145.876491 0.000000
1692987217826360729 146.350310 0.000000
1692987217899865561 145.560730 0.000000
1692987218263769668 145.347589 0.000000
1692987219209917284 145.674823 0.000000
1692987219390614162 146.118648 0.000000
1692987219426809012 145.837981 0.000000
1692987219864802966 145.432879 0.000000
1692987220591907563 145.855383 0.000000
1692987221391004785 145.525464 0.000000
1692987221682594462 145.378939 0.000000
1692987222121110287 146.003930 0.000000
1692987222265859294 145.924360 0.000000
1692987222338494647 145.285934 0.000000
1692987222556646076 145.673341 0.000000
1692987223355852073 146.075223 0.000000
1692987223646378446 146.158780 0.000000
1692987224156721719 145.192689 0.000000
1692987224811237139 145.253352 0.000000
1692987225030034899 146.195739 0.000000
1692987226119541666 145.403886 0.000000
1692987226920537128 145.290814 0.000000
1692987227139420468 145.322132 0.000000
1692987229176384585 146.441721 0.000000
1692987229612149604 145.389146 0.000000
1692987229904860074 146.061350 0.000000
1692987230050261303 145.126023 0.000000
1692987230414024317 145.698707 0.000000
1692987231285768105 146.477679 0.000000
1692987231612209815 145.451585 0.000000
1692987231795554394 145.650978 0.000000
1692987232012891676 145.895817 0.000000
1692987232377022728 146.134263 0.000000
1692987233577553683 145.871592 0.000000
1692987233979610743 146.527744 0.000000
1692987234052144555 145.362136 0.000000
1692987234197617140 145.775142 0.000000
1692987235215093800 145.327863 0.000000
1692987236598299508 145.853078 0.000000
1692987236742966062 145.975498 0.000000
1692987237906686812 144.914628 0.000000
1692987239434850891 145.411539 0.000000
1692987239871656862 145.179495 0.000000
1692987240160732654 144.912724 0.000000
1692987240380149766 145.682859 0.000000
1692987242198190981 145.509113 0.000000
1692987242786140459 145.694129 0.000000
1692987243222964223 145.176228 0.000000
1692987243658150349 145.226486 0.000000
1692987243804407762 145.548965 0.000000
1692987244457634308 145.593923 0.000000
1692987246133307941 146.300448 0.000000
1692987246754678077 145.843840 0.000000
1692987247228251712 146.255593 0.000000
1692987247228873318 145.950801 0.000000
1692987247263887507 145.955649 0.000000
1692987247445441319 145.238095 0.000000
1692987249916024276 145.561748 0.000000
1692987250716628677 146.019120 0.000000
1692987250716653043 145.893294 0.000000
1692987251151959693 146.179831 0.000000
1692987251734192582 146.216288 0.000000
1692987252171737958 145.549709 0.000000
1692987252317225390 145.584614 0.000000
1692987252824572406 145.497071 0.000000
1692987252898556909 145.084938 0.000000
1692987253117392301 146.281169 0.000000
1692987253335421050 145.428793 0.000000
1692987253407682461 145.989905 0.000000
1692987253989437936 144.935487 0.000000
1692987254135191047 145.750766 0.000000
1692987254207063138 145.824715 0.000000
1692987255227131830 146.185922 0.000000
1692987256390670444 218.861741 0.000000
1692987256608838793 145.564417 0.000000
1692987256935936023 145.764831 0.000000
1692987257299535831 145.577711 0.000000
1692987258282623858 145.855162 0.000000
1692987258646710308 145.095207 0.000000
1692987258792284514 145.393597 0.000000
1692987259083704213 146.180542 0.000000
1692987260573809998 145.752338 0.000000
1692987260757341488 145.677578 0.000000
1692987261048154680 145.814486 0.000000
1692987262283934355 145.363119 0.000000
1692987262647169169 145.871593 0.000000
1692987262792700013 146.287462 0.000000
1692987262864706758 145.224569 0.000000
1692987263373097292 145.597087 0.000000
1692987263954892704 145.620443 0.000000
1692987264100824419 145.964096 0.000000
1692987264466047088 146.282112 0.000000
1692987264903744069 146.187715 0.000000
1692987265339327330 145.485350 0.000000
1692987266939191070 145.512978 0.000000
1692987267012829224 145.583082 0.000000
1692987267158223571 145.894365 0.000000
1692987267304244264 145.989875 0.000000
1692987268466923317 146.061451 0.000000
1692987270211876241 145.594624 0.000000
1692987270503801128 145.691723 0.000000
1692987270648568751 145.974807 0.000000
1692987270794285021 144.990830 0.000000
1692987270867847953 145.905938 0.000000
1692987272103039526 217.708720 0.000000
1692987272540176197 146.129065 0.000000
1692987273486048771 145.532296 0.000000
1692987273558965182 145.949437 0.000000
1692987273922284304 145.309318 0.000000
1692987274650579624 145.454431 0.000000
1692987274723364117 145.965560 0.000000
1692987275086990093 146.065245 0.000000
1692987275232238349 146.155326 0.000000
1692987276033764397 145.765713 0.000000
1692987276251291266 146.092858 0.000000
1692987276833072471 145.812913 0.000000
1692987276834080291 145.818214 0.000000
1692987276907174092 145.555880 0.000000
1692987277269319115 145.881011 0.000000
1692987277488090034 146.107424 0.000000
1692987278726903800 146.494210 0.000000
1692987278870704080 145.447558 0.000000
1692987279163052239 145.897311 0.000000
1692987279163085271 145.499074 0.000000
1692987279672618138 145.707135 0.000000
1692987280471415793 145.495358 0.000000
1692987280689799496 145.976789 0.000000
1692987280980857027 146.331657 0.000000
1692987281270847136 145.814887 0.000000
1692987281925423593 145.107220 0.000000
1692987281999866704 145.722695 0.000000
1692987282508799886 145.176559 0.000000
1692987282872783496 145.675226 0.000000
1692987284327853135 146.302969 0.000000
1692987284618771684 146.131298 0.000000
1692987284837154989 145.063328 0.000000
1692987285783857291 145.417503 0.000000
1692987285929007440 145.148747 0.000000
1692987287749110158 146.308605 0.000000
1692987288511658808 145.646869 0.000000
1692987289204368210 145.087633 0.000000
1692987289712873510 145.665225 0.000000
