1692987141217412242 145.076771 0.000000
1692987141322263074 145.048899 0.000000
1692987141322295675 144.953962 0.000000
1692987141467448058 145.183100 0.000000
1692987141540316438 145.121155 0.000000
1692987141613226354 145.253532 0.000000
1692987141652776586 144.839766 0.000000
1692987141758558905 145.297896 0.000000
1692987141870738638 144.942930 0.000000
1692987142016167810 144.996771 0.000000
1692987142066528990 145.037417 0.000000
1692987142122613832 145.352307 0.000000
1692987142211756033 145.251047 0.000000
1692987142704953497 145.127888 0.000000
1692987142742663379 144.987615 0.000000
1692987142924852952 144.975271 0.000000
1692987143179307632 145.381784 0.000000
1692987143214342929 145.195795 0.000000
1692987143287142459 145.007391 0.000000
1692987143432861465 145.193591 0.000000
1692987143449571043 145.206384 0.000000
1692987143615153579 144.955252 0.000000
1692987143797196216 145.244354 0.000000
1692987143942397231 145.197949 0.000000
1692987144030911464 145.151381 0.000000
1692987144197269815 145.287697 0.000000
1692987144233813941 144.864443 0.000000
1692987144248719928 144.921701 0.000000
1692987144306210285 145.177108 0.000000
1692987144393742697 145.019062 0.000000
1692987144393792480 144.915599 0.000000
1692987144524396026 145.359701 0.000000
1692987144670137994 145.174484 0.000000
1692987144888540923 145.117077 0.000000
1692987145033792721 144.803107 0.000000
1692987145070363106 145.250886 0.000000
1692987145179119912 144.927151 0.000000
1692987145324810454 145.095717 0.000000
1692987145630433829 144.997140 0.000000
1692987145652521151 145.167782 0.000000
1692987145834587622 145.246279 0.000000
1692987145906754476 145.552884 0.000000
1692987145943514538 145.376684 0.000000
1692987146052413749 145.205892 0.000000
1692987146161254382 145.045112 0.000000
1692987146451904836 145.159366 0.000000
1692987146561862492 145.127907 0.000000
1692987146670871531 145.233614 0.000000
1692987146721774478 145.141472 0.000000
1692987147106730402 145.106025 0.000000
1692987147106759908 145.146792 0.000000
1692987147288873328 145.072082 0.000000
1692987147289229747 144.861498 0.000000
1692987147434146016 144.914215 0.000000
1692987147434171003 145.295691 0.000000
1692987147579700473 145.552463 0.000000
1692987147761796379 145.449180 0.000000
1692987147885243457 145.073815 0.000000
1692987147943852863 144.942098 0.000000
1692987148162639611 144.987564 0.000000
1692987148539832822 145.202778 0.000000
1692987148599397007 144.982204 0.000000
1692987148817038197 145.259002 0.000000
1692987148890010752 145.019042 0.000000
1692987149216655881 145.171298 0.000000
1692987149362018387 145.223506 0.000000
1692987149981370376 145.461832 0.000000
1692987150127959684 145.755725 0.000000
1692987150199559544 145.371113 0.000000
1692987150344845808 145.232954 0.000000
1692987150381269540 145.072996 0.000000
1692987150490591964 144.937891 0.000000
1692987150635902784 144.736062 0.000000
1692987150708490748 145.157092 0.000000
1692987150708543136 145.245508 0.000000
1692987150709020801 144.964000 0.000000
1692987150781055447 145.176018 0.000000
1692987150793991491 145.119952 0.000000
1692987150926799460 145.161350 0.000000
1692987150963039766 145.266177 0.000000
1692987151084687571 145.147424 0.000000
1692987151217681778 145.160387 0.000000
1692987151617859633 145.339875 0.000000
1692987151690694368 145.178491 0.000000
1692987151727802140 144.995728 0.000000
1692987151800976974 145.543415 0.000000
1692987151873243054 145.009886 0.000000
1692987152163855527 144.707489 0.000000
1692987152164310190 145.112088 0.000000
1692987152176094213 145.273270 0.000000
1692987152199899745 145.065690 0.000000
1692987152381740444 145.146632 0.000000
1692987152563878591 145.315820 0.000000
1692987152600601191 145.286845 0.000000
1692987152745176631 144.907282 0.000000
1692987152818389947 144.795052 0.000000
1692987152963826954 144.993245 0.000000
1692987153072550236 145.194631 0.000000
1692987153182028925 144.982364 0.000000
1692987153436130184 145.036155 0.000000
1692987153545722135 145.473997 0.000000
1692987153581443429 145.310750 0.000000
1692987153619110320 144.970683 0.000000
1692987153654419049 145.155749 0.000000
1692987153690885208 145.161610 0.000000
1692987153799624401 144.888368 0.000000
1692987153799654938 145.234236 0.000000
1692987153848554991 145.413754 0.000000
1692987153872434171 145.144709 0.000000
1692987153908873490 145.318465 0.000000
1692987153909436485 144.799721 0.000000
1692987153945243959 145.126944 0.000000
1692987154066897326 145.471091 0.000000
1692987154090614382 145.368108 0.000000
1692987154126965355 145.063026 0.000000
1692987154127150142 144.871527 0.000000
1692987154345629594 144.878639 0.000000
1692987154346115274 145.194431 0.000000
1692987154563934599 145.234437 0.000000
1692987154672705390 145.457124 0.000000
1692987155073634763 145.185174 0.000000
1692987155145669800 144.753235 0.000000
1692987155437401290 145.319555 0.000000
1692987155546367448 145.149938 0.000000
1692987155583513413 145.525022 0.000000
1692987155874405118 145.508831 0.000000
1692987155874451615 145.292566 0.000000
1692987156128150760 145.286743 0.000000
1692987156321726321 145.281024 0.000000
1692987156419122267 145.071021 0.000000
1692987156466930310 145.201635 0.000000
1692987156747724405 144.976033 0.000000
1692987156782880688 145.367507 0.000000
1692987156892361351 145.041334 0.000000
1692987156965944109 145.045492 0.000000
1692987156975867494 145.198388 0.000000
1692987157257253930 145.452486 0.000000
1692987157402701117 145.908622 0.000000
1692987157475537125 145.054620 0.000000
1692987157766547994 145.169325 0.000000
1692987157839466389 144.885324 0.000000
1692987157874769608 145.354744 0.000000
1692987157912470411 144.854235 0.000000
1692987157983608716 145.211852 0.000000
1692987157984597760 144.667170 0.000000
1692987157984613580 144.801422 0.000000
1692987157993792189 145.010845 0.000000
1692987158057156278 144.874842 0.000000
1692987158202334791 145.184744 0.000000
1692987158310932788 145.221493 0.000000
1692987158422056091 145.077572 0.000000
1692987158674695309 145.239487 0.000000
1692987158711784396 144.865155 0.000000
1692987158712052248 144.678404 0.000000
1692987158712184055 144.828225 0.000000
1692987158784572515 145.145721 0.000000
1692987158930271041 145.743030 0.000000
1692987158930541889 145.392633 0.000000
1692987159158416095 145.200684 0.000000
1692987159220923919 144.842230 0.000000
1692987159221334800 144.869622 0.000000
1692987159365996593 145.218167 0.000000
1692987159402774297 145.244957 0.000000
1692987159438947828 145.271236 0.000000
1692987159439335144 144.832223 0.000000
1692987159984794084 145.312494 0.000000
1692987160167144979 144.803519 0.000000
1692987160385555312 145.569516 0.000000
1692987160532052236 145.331910 0.000000
1692987160567105005 145.522446 0.000000
1692987160603249903 145.305400 0.000000
1692987160821434753 145.113631 0.000000
1692987160966775509 145.097580 0.000000
1692987161039240100 145.147061 0.000000
1692987161040001928 144.954059 0.000000
1692987161194262478 145.140630 0.000000
1692987161257423007 145.165539 0.000000
1692987161557572330 145.021036 0.000000
1692987161586032659 145.198649 0.000000
1692987161658600807 144.976244 0.000000
1692987161767408397 144.950575 0.000000
1692987161913449125 145.128358 0.000000
1692987161949412613 145.192498 0.000000
1692987161986271649 144.954522 0.000000
1692987162094933006 145.129290 0.000000
1692987162130954221 145.274873 0.000000
1692987162204579239 145.180706 0.000000
1692987162421671962 145.288820 0.000000
1692987162567212162 145.537735 0.000000
1692987162567695919 144.864543 0.000000
1692987162640532721 145.248205 0.000000
1692987162785566940 145.255794 0.000000
1692987162822213981 145.232363 0.000000
1692987162931379340 145.417721 0.000000
1692987163040655790 145.450732 0.000000
1692987163295982096 145.065380 0.000000
1692987163331745328 145.248102 0.000000
1692987163441010877 145.015667 0.000000
1692987163441972861 144.888128 0.000000
1692987163659018275 145.447937 0.000000
1692987163804249015 145.142565 0.000000
1692987163877554404 144.989527 0.000000
1692987164095647000 145.025044 0.000000
1692987164131856558 145.326710 0.000000
1692987164459849003 145.012610 0.000000
1692987164459989777 145.111225 0.000000
1692987164968978239 144.990029 0.000000
1692987165005345543 145.218347 0.000000
1692987165113820881 145.289250 0.000000
1692987165150760328 145.412601 0.000000
1692987165259608946 145.283399 0.000000
1692987165368893282 145.046105 0.000000
1692987165441581542 145.248703 0.000000
1692987165477739785 145.021666 0.000000
1692987165478244441 144.986740 0.000000
1692987165551960609 144.751209 0.000000
1692987165623296184 145.116545 0.000000
1692987165695857598 145.146511 0.000000
1692987165914342060 145.606876 0.000000
1692987166278528233 145.466990 0.000000
1692987166278795003 145.403221 0.000000
1692987166351293890 145.335496 0.000000
1692987166715813472 145.215864 0.000000
1692987166789035684 144.680950 0.000000
1692987166824073364 145.226091 0.000000
1692987166969440640 145.168323 0.000000
1692987167006218204 144.938452 0.000000
1692987167152622587 145.104005 0.000000
1692987167187524373 145.223669 0.000000
1692987167224869861 145.218439 0.000000
1692987167332884262 145.357524 0.000000
1692987167371378875 144.827112 0.000000
1692987167478463015 145.191066 0.000000
1692987167516042973 145.148586 0.000000
1692987167661320440 145.471471 0.000000
1692987167661651501 144.953350 0.000000
1692987167769675723 145.322892 0.000000
1692987167842417395 145.088323 0.000000
1692987167879639834 144.986513 0.000000
1692987167987817322 145.397523 0.000000
1692987168097106657 145.169265 0.000000
1692987168315436780 144.836151 0.000000
1692987168388146331 145.430223 0.000000
1692987168389360818 145.141442 0.000000
1692987168569912142 145.272761 0.000000
1692987168606295004 145.514744 0.000000
1692987168607250496 144.815983 0.000000
1692987168751900857 145.051633 0.000000
1692987168971380595 144.861629 0.000000
1692987169006742044 145.274452 0.000000
1692987169044001852 144.807117 0.000000
1692987169079365644 144.932070 0.000000
1692987169188283342 145.185676 0.000000
1692987169297547912 145.290364 0.000000
1692987169407257923 144.759577 0.000000
1692987169408306308 145.522147 0.000000
1692987169515568211 145.252560 0.000000
1692987169553266610 144.827252 0.000000
1692987169661396291 145.291434 0.000000
1692987169698302135 145.341668 0.000000
1692987169698613058 145.344023 0.000000
1692987169843337429 145.111747 0.000000
1692987170025766070 145.579724 0.000000
1692987170170940909 145.144582 0.000000
1692987170207569312 145.026500 0.000000
1692987170499321710 144.827966 0.000000
1692987170607630726 145.232473 0.000000
1692987170643710540 145.029251 0.000000
1692987170644827044 144.854794 0.000000
1692987170753181084 145.059157 0.000000
1692987170934686546 145.364762 0.000000
1692987170934717143 145.429464 0.000000
1692987171116795177 145.107319 0.000000
1692987171153648873 144.985700 0.000000
1692987171225362468 145.093813 0.000000
1692987171407481990 145.083474 0.000000
1692987171444732720 145.313293 0.000000
1692987171516849760 144.910419 0.000000
1692987171625628617 145.230980 0.000000
1692987171807740094 145.453428 0.000000
1692987171880554463 145.394567 0.000000
1692987171881468657 144.961025 0.000000
1692987171916877353 145.137464 0.000000
1692987172352782573 144.991281 0.000000
1692987172353161463 145.215432 0.000000
1692987172462498968 145.104924 0.000000
1692987172535541263 145.072984 0.000000
1692987173007923504 145.235370 0.000000
1692987173044293793 145.060762 0.000000
1692987173117073896 144.841658 0.000000
1692987173262928525 145.060590 0.000000
1692987173335708929 144.747524 0.000000
1692987173517551172 145.121846 0.000000
1692987173590580462 145.287926 0.000000
1692987173845897611 144.805201 0.000000
1692987174099622966 145.296263 0.000000
1692987174318153093 145.192298 0.000000
1692987174500043116 145.200472 0.000000
1692987174572531942 145.271335 0.000000
1692987174827386374 145.084935 0.000000
1692987174863901115 145.700770 0.000000
1692987174863924389 145.009364 0.000000
1692987175009452476 145.553986 0.000000
1692987175083315441 145.210763 0.000000
1692987175083390912 144.938993 0.000000
1692987175155142808 145.229568 0.000000
1692987175336902765 145.206414 0.000000
1692987175409783467 145.220410 0.000000
1692987175482539566 145.083053 0.000000
1692987175882610964 144.910742 0.000000
1692987176174052990 145.350104 0.000000
1692987176248210806 145.380519 0.000000
1692987176320567467 145.056543 0.000000
1692987176391928711 145.230360 0.000000
1692987176393087844 144.795406 0.000000
1692987176611043563 144.937610 0.000000
1692987176755525190 144.784515 0.000000
1692987176756285726 145.515876 0.000000
1692987176792310037 145.185587 0.000000
1692987176975409055 144.957197 0.000000
1692987177193261362 144.935056 0.000000
1692987177265061999 145.220050 0.000000
1692987177265525779 145.006740 0.000000
1692987177410460394 145.010968 0.000000
1692987177483208999 145.070870 0.000000
1692987177483239236 145.471302 0.000000
1692987177555691335 145.227945 0.000000
1692987177700924069 145.037849 0.000000
1692987177701810581 144.809240 0.000000
1692987177919117515 145.322542 0.000000
1692987177919146880 145.396110 0.000000
1692987177956938084 145.064609 0.000000
1692987178066282323 144.977317 0.000000
1692987178102026298 144.903207 0.000000
1692987178247093482 145.064609 0.000000
1692987178320188565 145.046225 0.000000
1692987178357282541 144.906229 0.000000
1692987178465634908 145.051503 0.000000
1692987178501391808 144.809911 0.000000
1692987178501768524 144.936288 0.000000
1692987178756219790 145.220081 0.000000
1692987178937715242 145.293909 0.000000
1692987179010575686 144.966866 0.000000
1692987179157483871 145.275383 0.000000
1692987179447224671 145.340537 0.000000
1692987179448776361 144.622952 0.000000
1692987179483782512 145.337691 0.000000
1692987179520792431 145.174836 0.000000
1692987179556422242 145.068817 0.000000
1692987179556463449 145.097692 0.000000
1692987179738363020 145.033140 0.000000
1692987179739412718 145.364582 0.000000
1692987179811725384 145.442967 0.000000
1692987179920205421 145.096607 0.000000
1692987179957663401 145.507549 0.000000
1692987180102397510 145.156030 0.000000
1692987180247605277 145.132646 0.000000
1692987180247629101 144.715454 0.000000
1692987180320324076 145.316591 0.000000
1692987180356532311 145.420996 0.000000
1692987180538883848 144.972586 0.000000
1692987180611827338 145.555108 0.000000
1692987180612234221 145.175958 0.000000
1692987180612471266 145.070710 0.000000
1692987180938778262 145.073596 0.000000
1692987180976378387 145.509563 0.000000
1692987181121332398 144.951536 0.000000
1692987181448415187 145.198530 0.000000
1692987181558728271 145.445954 0.000000
1692987181630529690 144.746342 0.000000
1692987181703932392 144.895864 0.000000
1692987181777456110 145.079177 0.000000
1692987181811891492 145.203690 0.000000
1692987182175587098 145.157072 0.000000
1692987182359099962 145.335056 0.000000
1692987182431423109 145.276015 0.000000
1692987182503418892 144.660911 0.000000
1692987182576904198 144.872799 0.000000
1692987182649292437 144.961775 0.000000
1692987182830656622 145.405646 0.000000
1692987182867869303 144.878340 0.000000
1692987182867896243 145.023732 0.000000
1692987182939642890 145.313617 0.000000
1692987183376757165 145.135361 0.000000
1692987183812938992 145.100846 0.000000
1692987183886486248 145.677120 0.000000
1692987183995319154 145.143834 0.000000
1692987184177129715 145.006979 0.000000
1692987184395485035 144.904656 0.000000
1692987184431568788 145.023179 0.000000
1692987184687285646 144.892717 0.000000
1692987184978489859 145.289319 0.000000
1692987185014155959 145.402883 0.000000
1692987185159556418 145.398315 0.000000
1692987185196690469 145.286515 0.000000
1692987185232587472 145.394187 0.000000
1692987185487144667 145.419646 0.000000
1692987185488710492 145.760884 0.000000
1692987185523675067 145.325678 0.000000
1692987185779274345 145.147003 0.000000
1692987185779443563 144.738098 0.000000
1692987185850767377 145.236663 0.000000
1692987185852301222 145.259716 0.000000
1692987185924483014 145.170598 0.000000
1692987185997741285 145.406960 0.000000
1692987186106220313 145.167695 0.000000
1692987186106247203 145.303961 0.000000
1692987186142522184 145.456125 0.000000
1692987186142858925 145.474911 0.000000
1692987186142884133 145.522350 0.000000
1692987186216340523 145.410278 0.000000
1692987186252014266 145.071899 0.000000
1692987186288252758 145.239633 0.000000
1692987186433230815 145.189984 0.000000
1692987186470207793 145.304429 0.000000
1692987186470258538 145.406672 0.000000
1692987186652743875 145.353850 0.000000
1692987186724469863 144.901403 0.000000
1692987186724527591 145.016408 0.000000
1692987186942041954 145.261678 0.000000
1692987187270807881 145.216533 0.000000
1692987187305934098 145.346708 0.000000
1692987187523895291 145.152827 0.000000
1692987187525017936 145.152856 0.000000
1692987187634675479 145.209381 0.000000
1692987187670426106 144.941785 0.000000
1692987187998439451 145.063376 0.000000
1692987187998892340 144.869213 0.000000
1692987188033619009 144.921961 0.000000
1692987188107324618 145.138617 0.000000
1692987188143589080 145.166691 0.000000
1692987188178620339 145.516907 0.000000
1692987188396589225 145.225740 0.000000
1692987188542856999 145.188590 0.000000
1692987188615271329 145.204963 0.000000
1692987188760358308 145.308405 0.000000
1692987188907319413 144.939935 0.000000
1692987189051451945 144.742997 0.000000
1692987189052643970 145.207307 0.000000
1692987189124170021 145.187185 0.000000
1692987189124363634 144.793537 0.000000
1692987189161092556 144.952596 0.000000
1692987189197065842 144.978916 0.000000
1692987189270311118 144.954482 0.000000
1692987189414758541 145.217156 0.000000
1692987189560519405 145.227063 0.000000
1692987189597525087 145.221824 0.000000
1692987189597534805 145.147956 0.000000
1692987189670231713 145.169567 0.000000
1692987189707304490 145.523900 0.000000
1692987189851141497 145.271186 0.000000
1692987189924091159 145.362417 0.000000
1692987189996640810 145.264202 0.000000
1692987190033541223 144.922540 0.000000
1692987190069205109 145.112577 0.000000
1692987190106085996 144.950584 0.000000
1692987190142725350 145.233325 0.000000
1692987190397203927 145.108570 0.000000
1692987190507406114 145.824224 0.000000
1692987190542588467 145.164217 0.000000
1692987190652163948 145.234438 0.000000
1692987190687552717 145.141232 0.000000
1692987190724994866 145.377394 0.000000
1692987190906326082 145.236042 0.000000
1692987191015877887 145.163925 0.000000
1692987191089840619 144.852732 0.000000
1692987191161249891 145.294620 0.000000
1692987191161829759 144.806815 0.000000
1692987191379300781 145.317223 0.000000
1692987191525266308 144.683604 0.000000
1692987191561407320 145.257962 0.000000
1692987191597645932 145.301052 0.000000
1692987191925068740 145.006350 0.000000
1692987192034144013 144.995979 0.000000
1692987192034196020 144.988735 0.000000
1692987192216422503 145.274052 0.000000
1692987192507403397 145.436787 0.000000
1692987192544252357 145.461085 0.000000
1692987192725381560 145.042285 0.000000
1692987192871001409 145.165788 0.000000
1692987192908054589 144.976133 0.000000
1692987192908563844 145.182169 0.000000
1692987193126273004 144.834538 0.000000
1692987193126852150 145.030686 0.000000
1692987193234809106 145.368609 0.000000
1692987193307682335 145.249296 0.000000
1692987193417287620 145.302924 0.000000
1692987193453041275 145.356014 0.000000
1692987193562938248 144.840139 0.000000
1692987193598809262 145.303516 0.000000
1692987194001057761 144.933503 0.000000
1692987194035255367 145.185966 0.000000
1692987194146099416 145.039171 0.000000
1692987194363878655 144.963647 0.000000
1692987194399190852 145.272737 0.000000
1692987194399222992 145.327159 0.000000
1692987194509104086 145.077092 0.000000
1692987194582909692 145.311973 0.000000
1692987194617784619 145.232635 0.000000
1692987194654908412 144.979640 0.000000
1692987194690732498 145.281505 0.000000
1692987194727636870 144.723531 0.000000
1692987194728225544 144.878171 0.000000
1692987194908726982 145.202197 0.000000
1692987194945045705 144.729609 0.000000
1692987194946131480 144.830007 0.000000
1692987195090602426 144.981553 0.000000
1692987195090886028 145.052706 0.000000
1692987195163139194 145.217835 0.000000
1692987195199507881 145.140712 0.000000
1692987195272252688 145.047086 0.000000
1692987195490359843 145.146271 0.000000
1692987195490373248 145.274142 0.000000
1692987195563225421 145.333015 0.000000
1692987195599486425 145.445645 0.000000
1692987195599969661 145.209813 0.000000
1692987195672691134 145.082283 0.000000
1692987196037310049 144.910329 0.000000
1692987196072812933 145.399446 0.000000
1692987196145313122 145.016598 0.000000
1692987196327331915 145.253301 0.000000
1692987196327354027 145.256517 0.000000
1692987196327366550 144.832642 0.000000
1692987196401264620 145.727271 0.000000
1692987196401285399 145.450242 0.000000
1692987196727579862 145.230981 0.000000
1692987196764115042 144.796597 0.000000
1692987196983400596 145.336139 0.000000
1692987197236764103 145.235089 0.000000
1692987197309584111 145.254775 0.000000
1692987197527859020 145.370993 0.000000
1692987197527886562 145.451574 0.000000
1692987197928667049 145.197289 0.000000
1692987198001192154 145.479003 0.000000
1692987198328240571 145.191868 0.000000
1692987198365259558 144.983988 0.000000
1692987198366088171 144.954762 0.000000
1692987198401089137 145.016682 0.000000
1692987198438178795 144.875687 0.000000
1692987198729547725 144.811475 0.000000
1692987199020393907 144.698911 0.000000
1692987199238088027 145.012481 0.000000
1692987199238703621 144.862741 0.000000
1692987199456761335 145.583593 0.000000
1692987199492984398 145.275804 0.000000
1692987199929478521 145.166929 0.000000
1692987200040077080 145.117508 0.000000
1692987200112004926 145.221101 0.000000
1692987200112884996 145.738280 0.000000
1692987200257245285 145.193020 0.000000
1692987200258559208 145.519923 0.000000
1692987200548192918 145.103813 0.000000
1692987200549154100 144.863653 0.000000
1692987200584523583 145.384445 0.000000
1692987200620992647 145.291622 0.000000
1692987200730185582 145.139068 0.000000
1692987200766945032 145.401211 0.000000
1692987200912513966 145.027308 0.000000
1692987200984619546 145.278872 0.000000
1692987201058032906 145.295310 0.000000
1692987201058714434 144.897745 0.000000
1692987201131111690 144.817424 0.000000
1692987201239450585 145.399359 0.000000
1692987201422561458 145.120156 0.000000
1692987201493961032 145.102802 0.000000
1692987201566643491 145.074415 0.000000
1692987201566653761 144.915987 0.000000
1692987201640221740 145.060919 0.000000
1692987201676146645 145.090535 0.000000
1692987201676211787 145.179912 0.000000
1692987201711712988 145.057956 0.000000
1692987201712605672 144.873479 0.000000
1692987201713079210 144.896212 0.000000
1692987201713304492 145.138817 0.000000
1692987201857953092 145.186989 0.000000
1692987202075714376 145.071782 0.000000
1692987202476830611 145.166008 0.000000
1692987202512551685 145.166651 0.000000
1692987202767751944 145.134920 0.000000
1692987203240981853 144.805482 0.000000
1692987203385564648 145.332751 0.000000
1692987203385585878 145.301443 0.000000
1692987203386266685 145.283640 0.000000
1692987203494755218 145.137947 0.000000
1692987203785629803 144.924497 0.000000
1692987203822719673 145.186298 0.000000
1692987203858492742 144.997403 0.000000
1692987203930616055 144.983677 0.000000
1692987204040087110 145.314758 0.000000
1692987204040106236 145.200162 0.000000
1692987204113453963 144.970271 0.000000
1692987204258668343 145.212427 0.000000
1692987204332353455 144.912855 0.000000
1692987204477958295 145.047446 0.000000
1692987204658937611 145.022170 0.000000
1692987204913416188 145.078405 0.000000
1692987204985956102 144.929726 0.000000
1692987205022270296 145.245037 0.000000
1692987205132236411 145.165219 0.000000
1692987205312905634 145.133639 0.000000
1692987205350319811 144.979390 0.000000
1692987205422405853 145.165598 0.000000
1692987205749862305 145.552484 0.000000
1692987205749899164 145.575266 0.000000
1692987205786389358 144.883219 0.000000
1692987205858972794 144.739308 0.000000
1692987205895217568 145.342580 0.000000
1692987206186147207 145.092662 0.000000
1692987206296108281 145.756607 0.000000
1692987206513430233 145.213137 0.000000
1692987206695367775 145.140933 0.000000
1692987206878077924 145.211154 0.000000
1692987206951410013 144.904639 0.000000
1692987206986210860 145.150910 0.000000
1692987207131394191 144.912343 0.000000
1692987207169180427 144.637238 0.000000
1692987207387755107 145.047085 0.000000
1692987207532401954 145.240740 0.000000
1692987207567931037 145.356016 0.000000
1692987207677906798 145.484747 0.000000
1692987207751147355 144.846218 0.000000
1692987207751185386 144.904057 0.000000
1692987207823889387 144.909337 0.000000
1692987207824210620 144.831381 0.000000
1692987207931530442 145.283740 0.000000
1692987208076932975 145.401201 0.000000
1692987208114855054 145.396792 0.000000
1692987208149920407 145.211904 0.000000
1692987208186566475 144.763493 0.000000
1692987208332728632 144.828196 0.000000
1692987208478021148 145.290042 0.000000
1692987208478531014 144.804151 0.000000
1692987208550896320 144.872889 0.000000
1692987208768029750 145.136052 0.000000
1692987208840587297 145.081260 0.000000
1692987208950049595 145.272710 0.000000
1692987208987243981 145.387334 0.000000
1692987209023038501 145.394788 0.000000
1692987209023051425 145.383857 0.000000
1692987209058866985 145.026146 0.000000
1692987209276892346 145.201993 0.000000
1692987209350469357 145.003756 0.000000
1692987209423238749 145.213019 0.000000
1692987209567842433 145.005647 0.000000
1692987209604461229 144.896183 0.000000
1692987209713218658 145.207498 0.000000
1692987209858774186 144.946286 0.000000
1692987209858797289 145.031675 0.000000
1692987209858811316 144.808648 0.000000
1692987210004203358 145.456223 0.000000
1692987210149780067 145.575035 0.000000
1692987210149813450 144.987554 0.000000
1692987210186010145 145.031046 0.000000
1692987210331262766 145.250617 0.000000
1692987210476720732 145.320669 0.000000
1692987210514612556 145.025065 0.000000
1692987210694843479 145.338675 0.000000
1692987210840123879 145.278267 0.000000
1692987211095637646 144.938389 0.000000
1692987211131087941 145.217904 0.000000
1692987211349369634 145.035253 0.000000
1692987211385980776 145.257050 0.000000
1692987211386640373 144.721836 0.000000
1692987211459899816 144.726626 0.000000
1692987211531728015 145.223739 0.000000
1692987211567439160 145.212458 0.000000
1692987211676868537 145.138237 0.000000
1692987211712946078 145.504383 0.000000
1692987211750005781 144.796687 0.000000
1692987211968681261 144.839606 0.000000
1692987212259186966 144.933554 0.000000
1692987212259963271 144.915020 0.000000
1692987212331456343 144.684005 0.000000
1692987212331899294 144.788252 0.000000
1692987212550538275 145.291534 0.000000
1692987212624412260 144.883238 0.000000
1692987212624427459 144.841219 0.000000
1692987212695857892 145.317182 0.000000
1692987212696898053 145.065712 0.000000
1692987212769178780 145.832889 0.000000
1692987212841337920 145.085448 0.000000
1692987212877572615 145.356004 0.000000
1692987212914285267 145.126875 0.000000
1692987213059433613 144.981684 0.000000
1692987213423106937 145.344713 0.000000
1692987213423187889 144.863361 0.000000
1692987213423893572 145.081249 0.000000
1692987213569031559 144.720274 0.000000
1692987213642154996 145.107960 0.000000
1692987213895622718 144.897506 0.000000
1692987213932241374 145.171270 0.000000
1692987214005562813 145.066342 0.000000
1692987214006147228 145.459599 0.000000
1692987214114050996 145.004747 0.000000
1692987214150249864 145.112950 0.000000
1692987214295552960 145.300632 0.000000
1692987214514293635 144.966487 0.000000
1692987214514815764 144.838507 0.000000
1692987214659147026 145.241799 0.000000
1692987214805431472 144.959181 0.000000
1692987214877128866 145.147644 0.000000
1692987214878135654 145.041585 0.000000
1692987215132411160 145.129681 0.000000
1692987215168446532 145.458858 0.000000
1692987215169102091 144.827294 0.000000
1692987215495922511 145.073435 0.000000
1692987215568804286 145.143397 0.000000
1692987215714486283 145.128710 0.000000
1692987215824519192 145.320179 0.000000
1692987216115828452 144.880684 0.000000
1692987216260956400 145.087091 0.000000
1692987216515104658 144.764467 0.000000
1692987216771108645 145.020807 0.000000
1692987216806379143 145.491289 0.000000
1692987217062039647 145.029664 0.000000
1692987217062542700 144.825220 0.000000
1692987217207180580 144.781108 0.000000
1692987217279584026 145.333643 0.000000
1692987217316390695 145.453718 0.000000
1692987217389081512 145.249817 0.000000
1692987217424825467 145.238244 0.000000
1692987217570456238 145.208830 0.000000
1692987217571312013 145.029384 0.000000
1692987217752655109 145.116426 0.000000
1692987217935793894 144.697833 0.000000
1692987218044241198 145.773587 0.000000
1692987218080011935 145.331078 0.000000
1692987218080251505 144.818076 0.000000
1692987218081689611 145.032759 0.000000
1692987218152703492 145.249766 0.000000
1692987218372136855 145.458478 0.000000
1692987218444148039 144.974322 0.000000
1692987218445177689 145.420428 0.000000
1692987218516445927 145.144608 0.000000
1692987218553134664 145.001981 0.000000
1692987218589762095 145.004113 0.000000
1692987218590170852 144.909145 0.000000
1692987218698846026 145.457136 0.000000
1692987218807411643 145.266977 0.000000
1692987218880804356 144.946257 0.000000
1692987218881294104 145.293790 0.000000
1692987219099009525 145.156181 0.000000
1692987219171721903 145.068126 0.000000
1692987219208156263 145.214601 0.000000
1692987219208281798 145.415046 0.000000
1692987219389918948 145.388839 0.000000
1692987219390643426 145.068820 0.000000
1692987219390690264 144.787051 0.000000
1692987219681345676 145.020386 0.000000
1692987219717536068 145.583171 0.000000
1692987219753704510 144.892825 0.000000
1692987219862743375 145.146623 0.000000
1692987219899457119 145.023502 0.000000
1692987220044718588 145.312785 0.000000
1692987220298941355 145.216534 0.000000
1692987220408448228 144.863122 0.000000
1692987220517078286 145.021068 0.000000
1692987220845420279 145.385863 0.000000
1692987220845939843 145.065221 0.000000
1692987220917221316 145.151852 0.000000
1692987221064301785 144.840220 0.000000
1692987221390775585 145.191758 0.000000
1692987221536832756 145.664805 0.000000
1692987221717876131 145.032169 0.000000
1692987221754697917 145.194883 0.000000
1692987221864725837 145.023002 0.000000
1692987221900079220 145.012772 0.000000
1692987221972963750 144.938902 0.000000
1692987222118142333 145.176329 0.000000
1692987222190782915 145.089244 0.000000
1692987222300057792 145.194131 0.000000
1692987222445721085 144.897146 0.000000
1692987222446567232 144.863473 0.000000
1692987222554665423 145.422532 0.000000
1692987222591000847 145.013483 0.000000
1692987222591597286 144.708712 0.000000
1692987222808638072 144.919797 0.000000
1692987222882741278 145.406191 0.000000
1692987222990792108 145.027026 0.000000
1692987223245291916 145.241490 0.000000
1692987223463235153 145.108070 0.000000
1692987223609352126 144.858573 0.000000
1692987223755487552 144.725062 0.000000
1692987224045640244 145.016818 0.000000
1692987224045675060 145.018372 0.000000
1692987224482614520 145.109132 0.000000
1692987224483160373 144.963189 0.000000
1692987224591126528 144.854926 0.000000
1692987224736717283 144.929575 0.000000
1692987224736769080 145.183812 0.000000
1692987224773968946 145.457276 0.000000
1692987224773991698 145.470590 0.000000
1692987224774175263 145.028202 0.000000
1692987224992558916 144.962386 0.000000
1692987224993099219 145.253953 0.000000
1692987225174094485 145.610393 0.000000
1692987225174152754 145.628487 0.000000
1692987225211572461 145.304749 0.000000
1692987225283308509 145.271980 0.000000
1692987225283909866 145.014436 0.000000
1692987225429821644 145.354553 0.000000
1692987225574996158 145.520683 0.000000
1692987225647704697 145.202368 0.000000
1692987225647897208 145.143226 0.000000
1692987225755427215 144.973368 0.000000
1692987225901085446 145.063406 0.000000
1692987225901123728 145.111717 0.000000
1692987225937848893 145.020205 0.000000
1692987225938910654 144.859655 0.000000
1692987226010751417 145.230860 0.000000
1692987226083315056 145.052617 0.000000
1692987226119510768 145.392164 0.000000
1692987226264962414 145.449152 0.000000
1692987226301512791 145.394358 0.000000
1692987226301950782 145.265286 0.000000
1692987226375328255 145.157673 0.000000
1692987226447281419 145.133437 0.000000
1692987226447318619 145.210732 0.000000
1692987226665989380 145.392582 0.000000
1692987226773856288 144.959712 0.000000
1692987226919154075 145.119303 0.000000
1692987226956338721 145.194893 0.000000
1692987226956510463 145.232213 0.000000
1692987226992033485 145.227494 0.000000
1692987227028685493 145.046775 0.000000
1692987227029962728 145.058878 0.000000
1692987227210361333 145.421797 0.000000
1692987227247389748 144.848122 0.000000
1692987227610721230 145.058676 0.000000
1692987227611577345 145.021066 0.000000
1692987227683368417 144.883411 0.000000
1692987227828617841 145.218015 0.000000
1692987227829526825 145.084134 0.000000
1692987227973800030 145.179083 0.000000
1692987227974325485 144.796817 0.000000
1692987228011034230 145.177390 0.000000
1692987228083537836 145.146031 0.000000
1692987228192894036 144.937841 0.000000
1692987228228723311 145.182680 0.000000
1692987228339485789 145.019455 0.000000
1692987228374077695 145.352049 0.000000
1692987228412029830 145.492472 0.000000
1692987228592752845 144.941227 0.000000
1692987228629337227 145.088685 0.000000
1692987228629362354 145.138268 0.000000
1692987228921688921 145.061413 0.000000
1692987229029170297 145.074918 0.000000
1692987229029180165 145.151381 0.000000
1692987229029208979 144.829518 0.000000
1692987229066945380 145.254826 0.000000
1692987229139186433 145.068265 0.000000
1692987229175045274 145.176237 0.000000
1692987229212464321 145.125433 0.000000
1692987229284415741 145.211656 0.000000
1692987229357523169 145.524270 0.000000
1692987229429962705 145.516076 0.000000
1692987229430046652 145.628457 0.000000
1692987229575450618 145.214701 0.000000
1692987229611460712 145.141421 0.000000
1692987229722671901 145.311202 0.000000
1692987229939532460 145.368099 0.000000
1692987230157480085 145.205252 0.000000
1692987230194360362 145.262610 0.000000
1692987230303144670 145.230781 0.000000
1692987230303538629 145.168966 0.000000
1692987230303890108 145.275115 0.000000
1692987230376158874 145.326992 0.000000
1692987230412381577 144.875344 0.000000
1692987230448730687 145.368429 0.000000
1692987230521138222 145.305589 0.000000
1692987230521185401 145.024383 0.000000
1692987230557567634 145.184845 0.000000
1692987230739652872 145.133628 0.000000
1692987230885455094 145.043058 0.000000
1692987230958536704 144.724141 0.000000
1692987230993913020 145.097800 0.000000
1692987231139388660 145.036136 0.000000
1692987231211709082 145.045915 0.000000
1692987231321167864 145.144228 0.000000
1692987231321646512 145.097429 0.000000
1692987231539167349 145.207536 0.000000
1692987231575454052 144.974419 0.000000
1692987231758111333 145.168664 0.000000
1692987231794157995 145.340677 0.000000
1692987231830321187 145.155689 0.000000
1692987231831000431 145.056814 0.000000
1692987231939535763 145.195646 0.000000
1692987231939566541 145.437770 0.000000
1692987232048737483 145.052385 0.000000
1692987232268299055 145.228737 0.000000
1692987232486505998 145.094687 0.000000
1692987232560168665 145.722731 0.000000
1692987232667849024 145.212636 0.000000
1692987232777147746 145.270315 0.000000
1692987232995211930 145.122737 0.000000
1692987233068032770 145.205733 0.000000
1692987233176976568 145.197448 0.000000
1692987233395216432 145.301363 0.000000
1692987233578219932 145.080288 0.000000
1692987233722989157 145.169657 0.000000
1692987233942333855 145.235011 0.000000
1692987233977674834 145.227345 0.000000
1692987234014439273 145.340265 0.000000
1692987234268540342 144.860146 0.000000
1692987234305194574 144.796526 0.000000
1692987234414133833 145.235711 0.000000
1692987234450676005 144.930619 0.000000
1692987234524278952 144.990399 0.000000
1692987234559562124 145.425867 0.000000
1692987234596656382 145.233196 0.000000
1692987234705235605 145.169445 0.000000
1692987234814936682 144.884632 0.000000
1692987235032928341 144.756181 0.000000
1692987235069034716 145.167342 0.000000
1692987235180200048 144.938603 0.000000
1692987235180318700 145.031977 0.000000
1692987235505442559 145.155279 0.000000
1692987235688739742 144.794255 0.000000
1692987235688864125 144.895574 0.000000
1692987235761458710 145.332011 0.000000
1692987235796299073 145.361004 0.000000
1692987235796380526 144.989498 0.000000
1692987235833857360 145.164717 0.000000
1692987235906072875 144.959091 0.000000
1692987235941620594 145.319557 0.000000
1692987235979573821 144.773353 0.000000
1692987236305361885 145.118921 0.000000
1692987236489208185 145.379911 0.000000
1692987236560349026 145.310730 0.000000
1692987236561575436 144.995370 0.000000
1692987236705521046 145.175718 0.000000
1692987236707046647 144.812867 0.000000
1692987236924973805 144.887386 0.000000
1692987236925100994 144.903798 0.000000
1692987236997180975 144.916421 0.000000
1692987237033025489 145.078816 0.000000
1692987237143289621 145.463286 0.000000
1692987237287371108 145.240179 0.000000
1692987237287738697 145.227816 0.000000
1692987237578059223 145.178843 0.000000
1692987237579290311 145.193279 0.000000
1692987238050877241 145.251809 0.000000
1692987238123843325 145.266799 0.000000
1692987238160387431 144.920209 0.000000
1692987238196771276 145.275896 0.000000
1692987238305719792 145.073065 0.000000
1692987238305936508 145.296324 0.000000
1692987238451519079 144.897155 0.000000
1692987238524101642 145.314939 0.000000
1692987238596846231 145.369772 0.000000
1692987238888726882 145.021548 0.000000
1692987239179302890 144.999719 0.000000
1692987239215180445 145.323264 0.000000
1692987239251717799 145.278029 0.000000
1692987239360400305 145.217766 0.000000
1692987239470172768 145.016662 0.000000
1692987239542482869 144.984069 0.000000
1692987239578856485 145.508522 0.000000
1692987239616136030 144.973987 0.000000
1692987239651363928 145.109472 0.000000
1692987239651440541 145.027408 0.000000
1692987239687521769 145.036615 0.000000
1692987239687959089 145.249044 0.000000
1692987239796814210 145.336819 0.000000
1692987239833935478 144.865115 0.000000
1692987239942116054 145.122187 0.000000
1692987239978796756 145.024754 0.000000
1692987239979406750 145.320690 0.000000
1692987240160371227 145.289371 0.000000
1692987240196955548 145.362907 0.000000
1692987240305594383 145.087602 0.000000
1692987240342486562 145.489998 0.000000
1692987240451169584 145.106171 0.000000
1692987240778853148 145.126235 0.000000
1692987240814916113 145.077493 0.000000
1692987241105981525 145.326650 0.000000
1692987241106076674 145.003795 0.000000
1692987241142306080 145.200392 0.000000
1692987241142340795 145.053937 0.000000
1692987241215326377 145.449924 0.000000
1692987241615451252 145.307644 0.000000
1692987241615483222 145.384969 0.000000
1692987241615516093 145.315438 0.000000
1692987241724115314 145.181698 0.000000
1692987241942852883 144.695367 0.000000
1692987241944688705 145.687748 0.000000
1692987242161662064 144.917093 0.000000
1692987242384367662 148.927192 0.000000
1692987242563487921 145.119942 0.000000
1692987242563525492 145.165909 0.000000
1692987242602579195 144.975132 0.000000
1692987243000380464 145.413594 0.000000
1692987243073261277 145.338893 0.000000
1692987243291486103 145.227112 0.000000
1692987243475311555 145.071350 0.000000
1692987243548813702 144.883037 0.000000
1692987243622125273 144.739739 0.000000
1692987243655573598 145.323859 0.000000
1692987243840044506 145.265634 0.000000
1692987243984390248 145.024925 0.000000
1692987244019586127 145.255058 0.000000
1692987244092686454 145.325020 0.000000
1692987244204025419 144.954012 0.000000
1692987244421680219 144.917004 0.000000
1692987244567408940 144.788377 0.000000
1692987244639677646 145.023030 0.000000
1692987244785116046 144.939725 0.000000
1692987244858785422 145.763524 0.000000
1692987245002743583 145.398862 0.000000
1692987245111975130 145.084757 0.000000
1692987245366780229 144.885053 0.000000
1692987245476100241 145.188991 0.000000
1692987245694225421 145.433892 0.000000
1692987245876355173 145.064389 0.000000
1692987245912326025 145.196316 0.000000
1692987246313755298 145.004146 0.000000
1692987246530679856 144.995260 0.000000
1692987246675922359 145.239707 0.000000
1692987246972436318 145.504514 0.000000
1692987247081075043 145.333703 0.000000
1692987247191321753 145.058458 0.000000
1692987247481909803 145.325990 0.000000
1692987247482105480 145.398917 0.000000
1692987247553876102 145.162052 0.000000
1692987247917019995 145.025617 0.000000
1692987247991329896 145.124481 0.000000
1692987248100443672 145.191737 0.000000
1692987248464029102 145.258332 0.000000
1692987248464109543 144.955895 0.000000
1692987248571138390 145.044913 0.000000
1692987248571509996 145.039322 0.000000
1692987248787086508 145.187580 0.000000
1692987248862984558 144.614095 0.000000
1692987248899440709 144.936901 0.000000
1692987248899772542 144.935648 0.000000
1692987248972265528 144.866177 0.000000
1692987249007720232 144.884242 0.000000
1692987249080360845 144.822316 0.000000
1692987249152825507 145.135772 0.000000
1692987249553327775 145.066795 0.000000
1692987249588072877 145.235891 0.000000
1692987249589598868 144.895643 0.000000
1692987249733126744 144.996319 0.000000
1692987249733334995 144.764775 0.000000
1692987249878692193 144.935958 0.000000
1692987249989524241 145.359722 0.000000
1692987250096580339 145.293559 0.000000
1692987250314292675 144.902537 0.000000
1692987250352771507 145.039162 0.000000
1692987250460858639 144.988346 0.000000
1692987250678738518 144.971466 0.000000
1692987250678984379 145.245419 0.000000
1692987250715932161 144.887519 0.000000
1692987250752203125 144.828046 0.000000
1692987250823558238 145.192920 0.000000
1692987250824224848 145.237784 0.000000
1692987250896802914 145.008475 0.000000
1692987251114788101 145.042889 0.000000
1692987251225331286 145.052938 0.000000
1692987251225383574 145.144179 0.000000
1692987251260351885 145.103190 0.000000
1692987251260938335 144.672583 0.000000
1692987251333273055 144.811596 0.000000
1692987251371018633 145.147615 0.000000
1692987251405425501 145.043199 0.000000
1692987251406229518 144.823998 0.000000
1692987251516259114 145.002495 0.000000
1692987251551477534 144.720987 0.000000
1692987251661648309 144.960230 0.000000
1692987251697545833 144.919505 0.000000
1692987251806728457 144.961927 0.000000
1692987251916471675 145.280946 0.000000
1692987251988400732 145.068817 0.000000
1692987252133450432 145.079787 0.000000
1692987252170499506 145.253664 0.000000
1692987252351650232 145.072224 0.000000
1692987252533856198 144.978258 0.000000
1692987252569613430 145.264686 0.000000
1692987252643383478 145.087701 0.000000
1692987253043174030 145.197218 0.000000
1692987253152102778 144.916711 0.000000
1692987253370307788 144.955906 0.000000
1692987253443801390 144.885584 0.000000
1692987253660995674 144.876166 0.000000
1692987253878786667 145.225290 0.000000
1692987253880361229 145.162192 0.000000
1692987254025693241 145.663473 0.000000
1692987254097597233 145.220391 0.000000
1692987254097903517 144.953470 0.000000
1692987254098559517 145.097741 0.000000
1692987254169980332 145.198510 0.000000
1692987254170899105 145.204231 0.000000
1692987254279939644 145.191527 0.000000
1692987254315479708 145.140032 0.000000
1692987254461563257 145.333833 0.000000
1692987254533846740 145.090636 0.000000
1692987254679190904 145.377316 0.000000
1692987254970726119 145.386584 0.000000
1692987255261832179 144.985892 0.000000
1692987255261859089 145.077454 0.000000
1692987255334522927 145.426830 0.000000
1692987255407987594 145.246902 0.000000
1692987255408595925 145.169897 0.000000
1692987255589511431 145.038570 0.000000
1692987255626044677 145.427721 0.000000
1692987256134816626 145.057894 0.000000
1692987256207682882 144.947919 0.000000
1692987256280857927 144.772832 0.000000
1692987256535596893 145.092741 0.000000
1692987256571358682 144.908005 0.000000
1692987256608355677 144.998245 0.000000
1692987256644353950 145.461202 0.000000
1692987256716553366 145.204422 0.000000
1692987256899142209 145.153026 0.000000
1692987257044647857 145.375514 0.000000
1692987257081701237 145.132999 0.000000
1692987257081922301 144.690238 0.000000
1692987257153830912 145.148537 0.000000
1692987257190011144 145.335706 0.000000
1692987257190070636 145.385479 0.000000
1692987257299451303 145.178854 0.000000
1692987257445043201 144.930238 0.000000
1692987257517365336 145.136103 0.000000
1692987257553990436 145.140343 0.000000
1692987257662733184 145.189323 0.000000
1692987257845536760 145.409467 0.000000
1692987257880884743 145.318525 0.000000
1692987257881698779 144.955414 0.000000
1692987258027647800 144.880629 0.000000
1692987258027812790 145.136338 0.000000
1692987258099326648 145.065923 0.000000
1692987258100004870 145.432801 0.000000
1692987258244965011 145.601194 0.000000
1692987258317383630 145.142327 0.000000
1692987258317933110 144.885856 0.000000
1692987258463211231 144.902807 0.000000
1692987258463804743 145.426248 0.000000
1692987258754521382 145.161551 0.000000
1692987258827832081 144.803810 0.000000
1692987259190824251 145.284352 0.000000
1692987259336256338 145.347668 0.000000
1692987259408928861 145.022321 0.000000
1692987259408957274 145.185206 0.000000
1692987259699880853 145.223248 0.000000
1692987259699929243 145.119743 0.000000
1692987259773748014 144.782018 0.000000
1692987259882245595 145.093794 0.000000
1692987260283092910 144.843668 0.000000
1692987260355916794 144.861948 0.000000
1692987260427939338 145.269311 0.000000
1692987260427970346 145.122696 0.000000
1692987260429051433 144.936607 0.000000
1692987260682811836 144.976365 0.000000
1692987260755756777 145.054430 0.000000
1692987260793451791 145.012559 0.000000
1692987261009995036 145.048740 0.000000
1692987261046301947 145.165139 0.000000
1692987261156456354 145.335277 0.000000
1692987261301195414 144.957079 0.000000
1692987261373378027 145.130804 0.000000
1692987261628509038 145.121172 0.000000
1692987261737896638 145.373719 0.000000
1692987261882040942 145.337961 0.000000
1692987261919186826 145.121146 0.000000
1692987261919193308 145.084377 0.000000
1692987261955831079 144.974821 0.000000
1692987262028743852 144.767281 0.000000
1692987262172705855 145.042710 0.000000
1692987262172932971 145.200996 0.000000
1692987262355512206 145.049001 0.000000
1692987262682675730 144.735753 0.000000
1692987262754818600 144.886295 0.000000
1692987262827900479 145.221172 0.000000
1692987263009763602 144.952348 0.000000
1692987263045194211 145.165216 0.000000
1692987263155082389 144.864114 0.000000
1692987263518665877 145.296384 0.000000
1692987263699969753 144.720086 0.000000
1692987263845424462 145.495275 0.000000
1692987264100787750 145.275645 0.000000
1692987264137037383 145.315650 0.000000
1692987264137664409 145.756657 0.000000
1692987264210685625 144.844865 0.000000
1692987264355140230 145.353090 0.000000
1692987264464322635 145.250328 0.000000
1692987264573450978 145.121966 0.000000
1692987264574523509 145.143376 0.000000
1692987264682668949 145.289442 0.000000
1692987264793362416 145.175085 0.000000
1692987265082872325 145.332493 0.000000
1692987265228697219 144.875434 0.000000
1692987265301223748 145.284031 0.000000
1692987265302193466 144.784424 0.000000
1692987265519701551 145.410079 0.000000
1692987265701499070 145.287377 0.000000
1692987265701537432 145.209822 0.000000
1692987265701586845 145.232434 0.000000
1692987265738687604 144.928515 0.000000
1692987265739150131 144.836101 0.000000
1692987265811548980 144.784115 0.000000
1692987265884212525 145.149477 0.000000
1692987265955820993 145.135632 0.000000
1692987265992193659 145.045014 0.000000
1692987266138098716 144.981154 0.000000
1692987266138136276 144.983118 0.000000
1692987266283133097 145.195734 0.000000
1692987266393253510 144.901583 0.000000
1692987266611371957 144.962148 0.000000
1692987266683425652 145.149702 0.000000
1692987266684212136 145.831029 0.000000
1692987266719512800 145.157285 0.000000
1692987266828582263 145.154417 0.000000
1692987267120102618 145.098292 0.000000
1692987267193782861 145.081361 0.000000
1692987267265713263 144.969492 0.000000
1692987267301978645 145.022832 0.000000
1692987267411672520 145.087493 0.000000
1692987267556681437 145.098254 0.000000
1692987267701693225 145.034110 0.000000
1692987267737936097 145.129320 0.000000
1692987267775757529 145.080490 0.000000
1692987267810628838 145.235611 0.000000
1692987268138013858 145.014196 0.000000
1692987268320087595 145.142856 0.000000
1692987269156512024 145.271186 0.000000
1692987269192930807 145.264245 0.000000
1692987269192960763 145.535254 0.000000
1692987269229456277 145.008786 0.000000
1692987269265806058 145.373569 0.000000
1692987269520658600 144.897039 0.000000
1692987269556454031 145.047789 0.000000
1692987269592699196 145.382136 0.000000
1692987269738185415 145.189873 0.000000
1692987269846987067 145.044023 0.000000
1692987269847092866 144.685470 0.000000
1692987269883585594 144.916092 0.000000
1692987269992632335 145.109243 0.000000
1692987270028623985 145.114012 0.000000
1692987270101619524 145.212228 0.000000
1692987270320310954 145.307956 0.000000
1692987270466414732 145.358641 0.000000
1692987270574995341 145.562956 0.000000
1692987270684927248 144.676973 0.000000
1692987270829686645 144.831834 0.000000
1692987270830192534 144.973579 0.000000
1692987270938774423 145.320280 0.000000
1692987271011592317 145.158946 0.000000
1692987271011602867 145.140100 0.000000
1692987271121025903 145.005158 0.000000
1692987271121298304 145.149699 0.000000
1692987271193027057 145.092482 0.000000
1692987271302481290 145.124090 0.000000
1692987271447678509 145.251971 0.000000
1692987271484926925 144.953531 0.000000
1692987271557165704 145.104875 0.000000
1692987271629628484 145.058668 0.000000
1692987271629861672 144.933434 0.000000
1692987271631163482 144.969251 0.000000
1692987271775745286 145.528398 0.000000
1692987271847652924 145.441375 0.000000
1692987272102364991 144.924077 0.000000
1692987272138707209 145.354935 0.000000
1692987272175289346 145.222966 0.000000
1692987272212300989 144.933774 0.000000
1692987272247993958 145.217306 0.000000
1692987272285710373 145.190826 0.000000
1692987272320555104 145.084478 0.000000
1692987272430670747 144.923325 0.000000
1692987272431172839 145.034173 0.000000
1692987272503519260 144.990561 0.000000
1692987272575178994 145.185566 0.000000
1692987272867118698 144.963260 0.000000
1692987272940146025 144.895502 0.000000
1692987273304539022 144.705968 0.000000
1692987273522565336 145.456983 0.000000
1692987273558031531 145.039090 0.000000
1692987273668032751 145.036036 0.000000
1692987273958630919 145.045173 0.000000
1692987273959269045 144.863092 0.000000
1692987274032045536 145.178366 0.000000
1692987274067456376 145.079388 0.000000
1692987274103497679 145.027551 0.000000
1692987274177710899 145.693135 0.000000
1692987274212571398 144.861097 0.000000
1692987274249764211 145.104283 0.000000
1692987274250389724 144.956617 0.000000
1692987274430566123 145.316202 0.000000
1692987274540359093 145.078265 0.000000
1692987274686180351 145.346388 0.000000
1692987274721578669 145.079247 0.000000
1692987274794626286 145.050835 0.000000
1692987274905058372 145.022110 0.000000
1692987275050380264 145.319948 0.000000
1692987275122228111 145.411709 0.000000
1692987275231622394 145.262943 0.000000
1692987275704933367 145.430215 0.000000
1692987275851206974 145.187450 0.000000
1692987275886478303 145.196647 0.000000
1692987275995968365 145.050132 0.000000
1692987275996357374 145.464058 0.000000
1692987276031828127 144.887357 0.000000
1692987276140870209 144.899690 0.000000
1692987276214602960 144.957379 0.000000
1692987276215021655 144.839729 0.000000
1692987276322856283 145.465543 0.000000
1692987276505302909 145.040374 0.000000
1692987276505998824 144.941078 0.000000
1692987276686467523 145.173394 0.000000
1692987276724560733 145.214413 0.000000
1692987276724916320 145.369543 0.000000
1692987276759281010 145.171230 0.000000
1692987276797456365 145.370655 0.000000
1692987276869395291 144.905792 0.000000
1692987276941876226 144.688465 0.000000
1692987277233144052 144.764720 0.000000
1692987277378171459 145.157361 0.000000
1692987277414357665 145.305811 0.000000
1692987277414405334 145.247050 0.000000
1692987277452328686 145.449711 0.000000
1692987277523720027 144.992695 0.000000
1692987277560238244 145.500056 0.000000
1692987277597717052 144.748387 0.000000
1692987277741970352 145.332413 0.000000
1692987277887142403 145.169266 0.000000
1692987277888290926 145.514453 0.000000
1692987278033095318 144.801887 0.000000
1692987278107793188 144.979690 0.000000
1692987278179554292 144.735272 0.000000
1692987278324038283 145.485089 0.000000
1692987278506496882 145.594804 0.000000
1692987278542776774 145.213340 0.000000
1692987278615568170 145.262483 0.000000
1692987278724524569 145.296995 0.000000
1692987278796983581 144.927092 0.000000
1692987278979973968 145.061422 0.000000
1692987279125282896 144.735383 0.000000
1692987279306280556 145.027319 0.000000
1692987279488320210 145.035976 0.000000
1692987279488358151 145.036567 0.000000
1692987279524377633 145.164908 0.000000
1692987279524536460 145.147325 0.000000
1692987279597119826 145.295161 0.000000
1692987279597331472 145.108872 0.000000
1692987279670068989 145.529893 0.000000
1692987279742619801 145.498624 0.000000
1692987279852612990 145.043924 0.000000
1692987279998001032 145.291202 0.000000
1692987280179230287 145.125594 0.000000
1692987280288735679 144.888010 0.000000
1692987280397296698 145.181127 0.000000
1692987280434816292 144.649550 0.000000
1692987280507099716 145.000058 0.000000
1692987280579871594 145.317062 0.000000
1692987280652090146 145.256679 0.000000
1692987280725076958 145.226825 0.000000
1692987280725760249 144.879534 0.000000
1692987280833886442 145.275404 0.000000
1692987280870208273 144.899069 0.000000
1692987280871734334 144.847362 0.000000
1692987281161821876 145.133598 0.000000
1692987281234529616 144.758047 0.000000
1692987281379691536 145.291914 0.000000
1692987281415748141 145.164428 0.000000
1692987281525786117 145.185807 0.000000
1692987281670515798 145.213779 0.000000
1692987281670547207 145.188592 0.000000
1692987281815874310 145.324659 0.000000
1692987281889796137 145.172274 0.000000
1692987281925002193 145.197259 0.000000
1692987282107427178 144.750712 0.000000
1692987282216549150 144.903439 0.000000
1692987282253423324 144.995119 0.000000
1692987282288896852 145.326710 0.000000
1692987282289391970 144.999708 0.000000
1692987282326546934 145.311695 0.000000
1692987282398371325 144.952639 0.000000
1692987282543676676 145.279723 0.000000
1692987282652707196 145.321983 0.000000
1692987282907245508 145.216475 0.000000
1692987282980901674 145.189644 0.000000
1692987283053423695 145.644366 0.000000
1692987283417624861 144.795626 0.000000
1692987283671742052 145.234808 0.000000
1692987283744527216 145.057657 0.000000
1692987283780829829 145.202188 0.000000
1692987283998843369 145.277819 0.000000
1692987284326806483 145.278769 0.000000
1692987284436190265 144.903468 0.000000
1692987284508751379 145.363388 0.000000
1692987284508915217 145.550239 0.000000
1692987284654967168 144.666874 0.000000
1692987284763587728 145.271188 0.000000
1692987284800489807 145.073417 0.000000
1692987284909065482 145.019855 0.000000
1692987284981899409 145.065151 0.000000
1692987285017922307 144.708252 0.000000
1692987285018254590 145.010549 0.000000
1692987285019274112 144.878772 0.000000
1692987285092176796 145.026919 0.000000
1692987285127140018 145.310189 0.000000
1692987285309757255 144.737416 0.000000
1692987285345243377 145.220039 0.000000
1692987285528168564 145.147226 0.000000
1692987285636208134 145.101620 0.000000
1692987285673410715 144.944242 0.000000
1692987285782006942 145.119845 0.000000
1692987285855006247 145.187070 0.000000
1692987286000346583 145.338963 0.000000
1692987286111405377 144.987305 0.000000
1692987286401250243 145.115697 0.000000
1692987286401737316 145.499586 0.000000
1692987286402165589 144.890604 0.000000
1692987286619374982 144.992556 0.000000
1692987286620409392 144.963783 0.000000
1692987286765518906 145.044172 0.000000
1692987286765994708 145.188422 0.000000
1692987286801312914 145.119032 0.000000
1692987286874124828 145.060079 0.000000
1692987286911022948 144.658126 0.000000
1692987286946773776 145.036246 0.000000
1692987286946800026 145.156552 0.000000
1692987287056017076 145.035846 0.000000
1692987287128763548 145.098604 0.000000
1692987287419921054 144.773481 0.000000
1692987287711230119 145.620936 0.000000
1692987287712112212 145.289965 0.000000
1692987287856236756 145.034349 0.000000
1692987288148824044 145.286966 0.000000
1692987288294216409 144.990141 0.000000
1692987288329382875 145.400082 0.000000
1692987288366642110 145.319229 0.000000
1692987288438823941 145.032459 0.000000
1692987288657706270 145.031968 0.000000
1692987288803513282 145.039072 0.000000
1692987288803800531 145.349204 0.000000
1692987288875946396 144.847712 0.000000
1692987288911270815 145.295291 0.000000
1692987288911309938 145.363288 0.000000
1692987288948028594 145.097403 0.000000
1692987289129374986 145.248534 0.000000
1692987289165739065 145.081652 0.000000
1692987289167020798 144.961387 0.000000
1692987289202313217 145.160009 0.000000
1692987289456502844 145.097622 0.000000
1692987289603804899 144.822886 0.000000
1692987289677182944 145.157462 0.000000
1692987289748567572 144.760890 0.000000
1692987289749529576 144.857191 0.000000
1692987289820722205 144.688275 0.000000
1692987289967770974 145.010107 0.000000
1692987290002405480 145.118310 0.000000
1692987290184447588 145.316481 0.000000
1692987290293668575 145.106640 0.000000
