1692987142178084643 82.349762 585.746319 578 9261 0.000000
1692987143182865503 81.152289 590.178434 593 9851 0.000000
1692987144190358808 82.109194 578.663878 583 10435 0.000000
1692987145194303409 82.486636 586.685753 589 11023 0.000000
1692987146198687515 81.905215 586.429062 589 11613 0.000000
1692987147194709121 80.837187 595.368568 593 12205 0.000000
1692987148199265620 82.369245 587.323749 590 12795 0.000000
1692987149201991727 81.051537 582.412439 584 13379 0.000000
1692987150200759854 82.170282 589.726486 589 13971 0.000000
1692987151197201050 81.368179 594.114319 592 14560 0.000000
1692987152200697801 82.671457 580.968515 583 15143 0.000000
1692987153194511999 81.831651 582.603831 579 15722 0.000000
1692987154212900112 83.252017 577.383038 588 16312 0.000000
1692987155194753425 80.519200 602.941383 592 16902 0.000000
1692987156213108025 81.500823 581.329900 592 17494 0.000000
1692987157217227204 81.897358 567.661722 570 18069 0.000000
1692987158212223141 82.258600 604.022567 601 18665 0.000000
1692987159221511371 81.910398 579.616384 585 19254 0.000000
1692987160214438869 80.496399 602.259506 598 19848 0.000000
1692987161224944314 81.223813 589.803853 596 20450 0.000000
1692987162212194807 81.514560 590.528924 583 21027 0.000000
1692987163228770693 81.543510 585.298141 595 21622 0.000000
1692987164228814452 83.078545 575.974830 576 22198 0.000000
1692987165226948071 81.200036 603.125674 602 22800 0.000000
1692987166207346727 81.493045 584.456126 573 23373 0.000000
1692987167226570048 81.194296 586.721274 598 23971 0.000000
1692987168235683492 82.053951 584.671599 590 24561 0.000000
1692987169226793223 82.682051 589.238495 584 25145 0.000000
1692987170232979512 82.203680 566.495472 570 25715 0.000000
1692987171242222618 82.758273 580.633141 586 26305 0.000000
1692987172244119092 81.210511 598.864276 600 26907 0.000000
1692987173228286325 80.327736 606.604266 597 27498 0.000000
1692987174247317835 80.691557 588.794319 600 28098 0.000000
1692987175245595796 81.198662 590.016025 589 28687 0.000000
1692987176248290716 81.851775 586.419687 588 29275 0.000000
1692987177242325111 82.025265 582.474774 579 29854 0.000000
1692987178248558809 81.369302 591.313969 595 30455 0.000000
1692987179238217287 81.602624 592.123428 586 31035 0.000000
1692987180249284645 84.081893 567.716908 574 31609 0.000000
1692987181236448646 81.858779 590.580669 583 32192 0.000000
1692987182252856618 81.554513 596.217230 606 32798 0.000000
1692987183232669518 81.913070 582.764346 571 33369 0.000000
1692987184253801317 81.340326 583.666131 596 33965 0.000000
1692987185234347171 80.475362 598.646114 587 34557 0.000000
1692987186253618845 81.766168 589.636748 601 35153 0.000000
1692987187271236305 82.125440 570.941467 581 35746 0.000000
1692987188252754052 82.254206 591.940338 581 36315 0.000000
1692987189270618635 82.362055 589.469428 600 36915 0.000000
1692987190253157328 81.777472 587.254220 577 37492 0.000000
1692987191272277745 81.705076 578.930605 590 38082 0.000000
1692987192254041273 82.211138 580.587833 570 38664 0.000000
1692987193273154038 82.676037 586.784964 598 39250 0.000000
1692987194282559473 81.140120 585.493152 591 39841 0.000000
1692987195273798607 83.150002 584.117404 579 40420 0.000000
1692987196275893034 80.967428 588.766853 590 41010 0.000000
1692987197275175770 81.175985 594.426349 594 41604 0.000000
1692987198277118273 80.557093 590.852279 592 42197 0.000000
1692987199291613953 82.259664 580.584045 589 42795 0.000000
1692987200268170508 82.445566 590.851585 577 43380 0.000000
1692987201294437618 81.195990 581.719905 597 43960 0.000000
1692987202295724840 82.334626 587.244098 588 44547 0.000000
1692987203286675954 80.801085 605.478891 600 45147 0.000000
1692987204296866009 81.706848 583.058612 589 45736 0.000000
1692987205291889952 81.933246 576.870523 574 46310 0.000000
1692987206303177885 81.111831 595.280519 602 46918 0.000000
1692987207280587531 82.210805 596.474591 583 47495 0.000000
1692987208304338444 82.207128 573.381662 587 48082 0.000000
1692987209291352487 81.135749 582.565148 575 48657 0.000000
1692987210299443800 82.959222 593.200255 598 49255 0.000000
1692987211279195538 81.419545 593.007369 581 49838 0.000000
1692987212297069091 81.488879 581.604658 592 50428 0.000000
1692987213315376938 81.977009 575.464484 586 51028 0.000000
1692987214297132792 81.904951 601.982647 591 51605 0.000000
1692987215315607111 80.893620 586.170886 597 52202 0.000000
1692987216307438149 81.565827 587.801718 583 52785 0.000000
1692987217318179118 80.835592 602.528245 609 53394 0.000000
1692987218299784963 80.871662 588.831092 578 53972 0.000000
1692987219318908389 82.651286 570.097761 581 54554 0.000000
1692987220327446879 82.588972 582.030351 587 55145 0.000000
1692987221319845800 80.607601 607.618514 603 55743 0.000000
1692987222323887801 82.739596 565.713408 568 56311 0.000000
1692987223320413980 81.444960 593.060209 591 56902 0.000000
1692987224321758865 82.200338 592.203554 593 57495 0.000000
1692987225321212824 82.278983 585.319573 585 58080 0.000000
1692987226337728320 83.173154 557.787873 567 58664 0.000000
1692987227338023526 82.296812 599.822953 600 59247 0.000000
1692987228339602588 81.443570 587.072975 588 59835 0.000000
1692987229331997672 82.210810 585.452286 581 60416 0.000000
1692987230341679218 82.513295 578.400221 584 61000 0.000000
1692987231331545151 83.048971 582.907191 577 61577 0.000000
1692987232342149184 82.597847 579.851238 586 62165 0.000000
1692987233325827195 80.857662 596.739954 587 62750 0.000000
1692987234349066059 81.472933 593.214424 607 63357 0.000000
1692987235325951775 81.011315 588.605121 575 63932 0.000000
1692987236343827102 81.468271 587.498345 598 64530 0.000000
1692987237353228343 81.360077 577.570101 583 65113 0.000000
1692987238344853424 81.575237 609.101198 604 65717 0.000000
1692987239360400305 80.876313 569.151453 578 66311 0.000000
1692987240343978279 81.624831 601.884126 592 66887 0.000000
1692987241362492825 81.719298 594.984134 606 67493 0.000000
1692987242345649600 81.543024 590.953612 581 68074 0.000000
1692987243367426023 80.691365 581.340489 594 68673 0.000000
1692987244349992510 81.050637 594.361802 584 69252 0.000000
1692987245368347838 82.446252 588.203305 599 69851 0.000000
1692987246351365903 81.012328 591.036988 581 70434 0.000000
1692987247373994163 81.453559 585.745602 599 71031 0.000000
1692987248370559808 80.340199 599.057328 597 71628 0.000000
1692987249372235416 81.407054 589.013092 590 72218 0.000000
1692987250364600265 82.713325 579.423955 575 72793 0.000000
1692987251371975397 82.167876 580.717094 585 73378 0.000000
1692987252362246780 82.836277 587.717757 582 73960 0.000000
1692987253380338063 81.302257 582.462460 593 74553 0.000000
1692987254356061484 82.411588 590.331259 576 75129 0.000000
1692987255378070063 81.281289 593.928490 607 75736 0.000000
1692987256389441229 80.901042 570.512584 577 76325 0.000000
1692987257373699790 82.139626 600.451996 591 76904 0.000000
1692987258391704746 81.457129 581.529563 592 77496 0.000000
1692987259374664108 81.373616 607.349650 597 78093 0.000000
1692987260394097168 81.096376 584.638687 596 78689 0.000000
1692987261374986803 81.388491 587.222010 576 79265 0.000000
1692987262392639055 82.033976 588.609707 599 79864 0.000000
1692987263374125931 81.420661 596.034478 585 80449 0.000000
1692987264393447142 81.649730 577.835524 589 81038 0.000000
1692987265402022855 81.826675 583.000350 588 81626 0.000000
1692987266393727218 81.724284 596.952098 592 82218 0.000000
1692987267397802926 82.124958 571.670011 574 82792 0.000000
1692987268394319802 80.793019 600.090170 598 83390 0.000000
1692987269412027987 81.106114 589.559986 600 84000 0.000000
1692987270394241177 81.588714 593.557500 583 84575 0.000000
1692987271413706094 82.026171 575.792218 587 85160 0.000000
1692987272411136222 83.410311 586.507307 585 85745 0.000000
1692987273414002465 81.316440 590.308034 592 86337 0.000000
1692987274409386444 82.600900 571.638690 569 86906 0.000000
1692987275414654497 81.587880 587.902867 591 87497 0.000000
1692987276403796817 81.639141 604.564201 598 88095 0.000000
1692987277424557488 81.941531 574.081634 586 88681 0.000000
1692987278399483584 82.285990 586.711187 572 89253 0.000000
1692987279422288007 81.504659 591.510882 605 89858 0.000000
1692987280399655991 82.479668 587.291647 574 90432 0.000000
1692987281418218523 81.396900 583.174793 594 91026 0.000000
1692987282399510942 81.770373 583.923808 573 91610 0.000000
1692987283418603515 80.956498 601.515461 613 92212 0.000000
1692987284437098538 80.447244 583.213448 594 92810 0.000000
1692987285419806065 82.243474 591.223781 581 93387 0.000000
1692987286439593641 81.233589 598.163794 610 93997 0.000000
1692987287421637503 80.501010 592.641505 582 94579 0.000000
1692987288440186506 80.812541 584.164328 595 95174 0.000000
1692987289422809403 81.328040 594.327730 584 95758 0.000000
1692987290441314655 81.095380 599.898741 611 96369 0.000000
