1692989275746665793 133.909607 723.983021 724 99 0.000000
1692989276726569780 133.434168 760.278552 745 100 0.000000
1692989277739193918 133.847326 743.612544 753 100 0.000000
1692989278751366859 133.756319 745.919965 755 100 0.000000
1692989279763476607 133.629280 748.930616 758 100 0.000000
1692989280776301653 134.864154 738.528358 748 100 0.000000
1692989281754085376 134.297998 764.995324 748 100 0.000000
1692989282766948350 133.147150 751.335617 761 100 0.000000
1692989283780114501 132.703920 754.071747 764 100 0.000000
1692989284791989245 133.937749 751.081136 760 100 0.000000
1692989285804331890 135.124719 733.941167 743 100 0.000000
1692989286816935183 134.132856 750.540772 760 100 0.000000
1692989287828573200 133.350962 749.279864 758 100 0.000000
1692989288835616160 134.089152 727.873590 733 100 0.000000
1692989289816623767 133.431791 745.152239 731 100 0.000000
1692989290829719152 133.341271 747.214940 757 100 0.000000
1692989291842572466 134.113318 748.380830 758 100 0.000000
1692989292854839955 134.644497 743.874520 753 100 0.000000
1692989293868116671 134.415550 746.094310 756 100 0.000000
1692989294843725142 133.449865 769.776031 751 100 0.000000
1692989295855948401 133.292049 751.810377 761 100 0.000000
1692989296867941541 133.932382 743.088082 752 100 0.000000
1692989297879755686 134.484205 740.254532 749 100 0.000000
1692989298893667979 132.589212 756.475574 767 100 0.000000
1692989299905947457 133.302596 749.793058 759 100 0.000000
1692989300913928313 134.744985 727.196341 733 100 0.000000
1692989301922741096 132.749147 737.500572 744 100 0.000000
1692989302907674779 132.767959 762.487890 751 100 0.000000
1692989303919592722 134.587997 742.155014 751 100 0.000000
1692989304932388550 133.474346 749.410688 759 100 0.000000
1692989305944663990 135.485531 741.892930 751 100 0.000000
1692989306956308605 133.212826 747.297981 756 100 0.000000
1692989307934851734 132.463701 778.708555 762 100 0.000000
1692989308947361628 132.125693 752.585333 762 100 0.000000
1692989309960847853 134.581925 745.940097 756 100 0.000000
1692989310972710210 134.530582 742.195816 751 100 0.000000
1692989311985613662 135.865301 733.534843 743 100 0.000000
1692989312998020593 132.099128 758.588244 768 100 0.000000
1692989314009056642 133.129824 744.780576 753 100 0.000000
1692989315015544829 134.959013 712.377979 717 100 0.000000
1692989315996749784 133.947565 763.347173 749 100 0.000000
1692989317009796804 132.627566 753.173293 763 100 0.000000
1692989318022221631 134.482621 747.709810 757 100 0.000000
1692989319034746235 134.520745 741.710374 751 100 0.000000
1692989320047149441 133.889747 748.713582 758 100 0.000000
1692989321027760429 135.605881 750.552471 736 100 0.000000
1692989322042202768 135.630233 737.350928 748 100 0.000000
1692989323054241158 133.816969 747.995340 757 100 0.000000
1692989324066342349 133.000783 756.841322 766 100 0.000000
1692989325079573313 133.904279 746.127996 756 100 0.000000
1692989326092443025 134.542778 737.508475 747 100 0.000000
1692989327099866119 134.786949 713.702122 719 100 0.000000
1692989328073383166 133.770739 767.320856 747 100 0.000000
1692989329085454289 134.747900 740.066643 749 100 0.000000
1692989330097510815 133.705778 749.958111 759 100 0.000000
1692989331109364061 132.382355 759.003317 768 100 0.000000
1692989332121400078 134.423547 737.127810 746 100 0.000000
1692989333133163990 134.698715 748.198398 757 100 0.000000
1692989334144566771 132.596895 756.375170 765 100 0.000000
1692989335155632604 133.561120 744.758673 753 100 0.000000
1692989336149425103 133.832658 761.728361 757 100 0.000000
1692989337161414386 134.960682 736.173837 745 100 0.000000
1692989338171140477 132.818175 741.785361 749 100 0.000000
1692989339132023746 132.692599 757.636221 728 100 0.000000
1692989340144025476 133.177198 749.998718 759 99 0.000000
1692989341155644637 135.872315 738.420199 747 100 0.000000
1692989342167518395 134.082174 743.175697 752 100 0.000000
1692989343179234074 132.217244 759.106453 768 100 0.000000
1692989344190873936 133.933305 748.290123 757 100 0.000000
1692989345202992289 133.768446 743.984141 753 100 0.000000
1692989346215211095 132.859091 755.765261 765 100 0.000000
1692989347226372370 133.984670 742.710585 751 100 0.000000
1692989348238034725 132.349575 758.158084 767 100 0.000000
1692989349238872859 133.584089 753.368584 754 100 0.000000
1692989350251156536 134.162982 742.874766 752 100 0.000000
1692989351261820226 134.377473 733.181572 741 100 0.000000
1692989352268979897 133.158294 722.824809 728 100 0.000000
1692989353222686363 133.210809 796.890728 760 100 0.000000
1692989354234475491 134.227421 745.214732 754 100 0.000000
1692989355245711204 134.213778 743.644623 752 100 0.000000
1692989356257206387 134.541190 747.408404 756 100 0.000000
1692989357268467238 135.171965 739.670679 748 100 0.000000
1692989358281327729 136.296713 734.553284 744 100 0.000000
1692989359293560560 132.462496 756.742888 766 100 0.000000
1692989360307367481 134.450639 739.785847 750 100 0.000000
1692989361320894015 132.926859 756.763588 767 100 0.000000
1692989362332886701 133.360534 746.052837 755 100 0.000000
1692989363338082327 134.342880 704.340448 708 100 0.000000
1692989364286106429 132.152526 799.557777 758 100 0.000000
1692989365298940347 134.073755 742.471208 752 100 0.000000
1692989366311611790 133.062180 750.490206 760 100 0.000000
1692989367324740719 133.339739 755.086459 765 100 0.000000
1692989368337979500 132.865309 750.070051 760 100 0.000000
1692989369350526458 133.879155 751.570067 761 100 0.000000
1692989370364650106 133.567042 747.443380 758 100 0.000000
1692989371377130242 134.034617 744.705957 754 100 0.000000
1692989372389389960 132.813533 749.807590 759 100 0.000000
1692989373401667849 133.860066 746.830494 756 100 0.000000
1692989374414329859 133.517438 750.497201 760 100 0.000000
1692989375418329765 131.914722 712.151460 715 100 0.000000
1692989376370525090 132.924859 801.306178 763 100 0.000000
1692989377383239111 133.889440 746.508877 756 100 0.000000
1692989378396605217 134.908710 741.094454 751 100 0.000000
1692989379409589783 131.093481 763.091576 773 100 0.000000
1692989380422556785 135.047797 741.386457 751 100 0.000000
1692989381435604391 134.116823 748.237289 758 100 0.000000
1692989382447540908 134.125307 740.165004 749 100 0.000000
1692989383460594275 133.560085 748.233032 758 100 0.000000
1692989384473114706 134.069032 746.651599 756 100 0.000000
1692989385485855971 134.865878 740.564276 750 100 0.000000
1692989386491770864 132.342211 712.783870 717 100 0.000000
1692989387439556522 134.270355 793.428444 752 99 0.000000
1692989388452822107 132.502680 757.945422 768 100 0.000000
1692989389464961206 133.234629 744.956895 754 100 0.000000
1692989390480596309 133.819311 747.315639 759 100 0.000000
1692989391492918479 133.555436 743.834347 753 100 0.000000
1692989392505172811 134.168462 750.799455 760 100 0.000000
1692989393517932741 133.188328 747.462424 757 100 0.000000
1692989394530818555 134.051588 744.407609 754 100 0.000000
1692989395542638771 134.964397 740.250192 749 100 0.000000
1692989396555070674 134.141377 746.716878 756 100 0.000000
1692989397568647629 133.593304 743.900103 754 100 0.000000
1692989398575569067 132.246894 725.975182 731 100 0.000000
1692989399521976469 133.805143 785.074176 743 100 0.000000
1692989400535347227 134.765079 744.051503 754 100 0.000000
1692989401548283267 133.201528 747.332413 757 100 0.000000
1692989402560669845 132.861784 750.701404 760 100 0.000000
1692989403573689524 132.378013 759.116565 769 100 0.000000
1692989404587825085 134.016231 747.434568 758 100 0.000000
1692989405599202300 133.854648 749.473113 758 100 0.000000
1692989406612319496 133.837193 743.250599 753 100 0.000000
1692989407625835758 132.280207 752.824651 763 100 0.000000
1692989408638460986 132.437594 759.412171 769 100 0.000000
1692989409650524114 133.369041 747.977177 757 100 0.000000
1692989410661746503 134.075613 731.787546 740 100 0.000000
1692989411669087225 132.919088 724.680337 730 99 0.000000
1692989412617649681 134.340689 786.453215 746 100 0.000000
1692989413630902933 133.610524 753.020043 763 100 0.000000
1692989414643447132 133.094171 748.609289 758 100 0.000000
1692989415656800056 134.204807 742.090924 752 100 0.000000
1692989416669324679 132.355092 758.500073 768 100 0.000000
1692989417683000656 133.156478 753.692466 764 100 0.000000
1692989418695700041 134.106675 741.582408 751 100 0.000000
1692989419708962494 132.961440 749.065542 759 100 0.000000
1692989420722270833 133.155576 754.952801 765 100 0.000000
1692989421733282929 132.688833 750.732876 759 100 0.000000
1692989422739591580 134.441708 708.530145 713 100 0.000000
1692989423688654004 133.103272 786.038926 746 100 0.000000
