1692988118932100943 213.564228 1287.278716 1287 17191 0.000000
1692988119932557958 236.911248 1197.452817 1198 18384 0.000000
1692988120936320753 238.256639 1202.475249 1207 19591 0.000000
1692988121941160526 266.730917 1393.257077 1400 20991 0.000000
1692988122943417807 223.571773 1243.193713 1246 22242 0.000000
1692988123944447938 205.441109 1321.638513 1323 23564 0.000000
1692988124949189397 248.612260 1369.506526 1376 24937 0.000000
1692988125948379828 223.563869 1326.073616 1325 26275 0.000000
1692988126951078277 214.807668 1361.326489 1365 27626 0.000000
1692988127960169963 212.536355 1276.395439 1288 28914 0.000000
1692988128961962423 239.504352 1432.432394 1435 30354 0.000000
1692988129963420645 209.205375 1366.008097 1368 31717 0.000000
1692988130968427172 209.775736 1273.623368 1280 32998 0.000000
1692988131971976306 240.327363 1412.985267 1418 34421 0.000000
1692988132975520009 215.700021 1386.088198 1391 35812 0.000000
1692988133977169350 199.183079 1363.750615 1366 37174 0.000000
1692988134981718620 217.549540 1501.170903 1508 38680 0.000000
1692988135983916169 198.422157 1487.730505 1491 40173 0.000000
1692988136986389776 220.356271 1379.587470 1383 41555 0.000000
1692988137992703514 211.246724 1341.529945 1350 42912 0.000000
1692988138993268342 216.828758 1478.165032 1479 44389 0.000000
1692988139998708441 207.675910 1413.311586 1421 45813 0.000000
1692988141002216297 205.527210 1372.186429 1377 47187 0.000000
1692988142005111825 209.129219 1496.666376 1501 48690 0.000000
1692988143007788023 199.787595 1524.919062 1529 50214 0.000000
1692988144011413700 223.125628 1380.992924 1386 51601 0.000000
1692988145011675310 205.199260 1375.640174 1376 52974 0.000000
1692988146016976729 205.592360 1416.490576 1424 54402 0.000000
1692988147018431526 208.942310 1538.761413 1541 55942 0.000000
1692988148025099308 186.381273 1429.468687 1439 57379 0.000000
1692988149029106030 205.036477 1576.682561 1583 58973 0.000000
1692988150029785022 203.252573 1516.970065 1518 60478 0.000000
1692988151033579506 196.696655 1534.178477 1540 62019 0.000000
1692988152038255803 193.305162 1492.022932 1499 63521 0.000000
1692988153037686475 203.381178 1466.835169 1466 64984 0.000000
1692988154033393795 208.890200 1507.471091 1501 66485 0.000000
1692988155048144242 190.344953 1541.265612 1564 68053 0.000000
1692988156050447320 187.285596 1382.815255 1386 69434 0.000000
1692988157056599504 210.990835 1609.100582 1619 71058 0.000000
1692988158059357595 183.436573 1621.527679 1626 72685 0.000000
1692988159063650523 197.172866 1539.391471 1546 74227 0.000000
1692988160066041877 191.964751 1583.213992 1587 75820 0.000000
1692988161062608759 191.849736 1582.432678 1577 77402 0.000000
1692988162073415742 191.217705 1515.620713 1532 78921 0.000000
1692988163074630899 184.547183 1645.001016 1647 80579 0.000000
1692988164081964590 183.561679 1661.812845 1674 82242 0.000000
1692988165082331647 185.374981 1593.415110 1594 83838 0.000000
1692988166089283681 184.377647 1624.705012 1636 85476 0.000000
1692988167093010729 184.234395 1606.014308 1612 87089 0.000000
1692988168095370644 186.240655 1633.145914 1637 88726 0.000000
1692988169097031768 183.894954 1647.263658 1650 90371 0.000000
1692988170099178382 184.801323 1617.527663 1621 92002 0.000000
1692988171107334073 184.353306 1662.441805 1676 93674 0.000000
1692988172110192593 185.842806 1630.339642 1635 95310 0.000000
1692988173114941005 176.963435 1637.225059 1645 96959 0.000000
1692988174115159715 184.706214 1622.645827 1623 98575 0.000000
1692988175120149590 178.770715 1678.623843 1687 100262 0.000000
1692988176127406276 185.727003 1624.213624 1636 101903 0.000000
1692988177123808459 173.316487 1738.253797 1732 103630 0.000000
1692988178135378242 174.301606 1707.247583 1727 105364 0.000000
1692988179139315184 184.007484 1666.439360 1673 107028 0.000000
1692988180142288518 176.196369 1661.061127 1666 108695 0.000000
1692988181142943796 175.331726 1696.887999 1698 110391 0.000000
1692988182150095916 180.859654 1705.799897 1718 112110 0.000000
1692988183154120682 171.100452 1757.924799 1765 113892 0.000000
1692988184158507416 172.871538 1681.623150 1689 115565 0.000000
1692988185159209893 180.994635 1665.829826 1667 117235 0.000000
1692988186165034464 179.448917 1739.865992 1750 118979 0.000000
1692988187169317855 170.601012 1680.800525 1688 120670 0.000000
1692988188167696795 172.007319 1755.846279 1753 122433 0.000000
1692988189177171780 174.853768 1707.818514 1724 124153 0.000000
1692988190181219800 178.531332 1679.202521 1686 125834 0.000000
1692988191184775827 171.340408 1774.689193 1781 127614 0.000000
1692988192188209164 176.658098 1706.142239 1712 129323 0.000000
1692988193186419718 169.804556 1773.172996 1770 131097 0.000000
1692988194196290937 169.020200 1754.679092 1772 132877 0.000000
1692988195200838583 171.587409 1769.950960 1778 134657 0.000000
1692988196202944541 176.370701 1714.389446 1718 136361 0.000000
1692988197201443587 169.304338 1710.567536 1708 138097 0.000000
1692988198207635056 170.358633 1788.924022 1800 139870 0.000000
1692988199215943193 170.519995 1744.506281 1759 141648 0.000000
1692988200213497517 170.320627 1775.342018 1771 143399 0.000000
1692988201224261880 174.097529 1758.075455 1777 145176 0.000000
1692988202221492748 173.330750 1730.792533 1726 146902 0.000000
1692988203230406711 166.946117 1733.547465 1749 148669 0.000000
1692988204235360319 173.415547 1750.329536 1759 150410 0.000000
1692988205239874753 169.499364 1738.153203 1746 152184 0.000000
1692988206231199688 177.508698 1757.244156 1742 153901 0.000000
1692988207248193911 178.526926 1668.642812 1697 155604 0.000000
1692988208249477678 169.546362 1757.743467 1760 157355 0.000000
1692988209254941092 170.924515 1812.099749 1822 159183 0.000000
1692988210258301182 165.800167 1704.273471 1710 160898 0.000000
1692988211258916245 170.617033 1795.895357 1797 162717 0.000000
1692988212267971964 176.163906 1732.312595 1748 164459 0.000000
1692988213268723112 172.904115 1751.684347 1753 166185 0.000000
1692988214275790954 166.160199 1692.040941 1704 167903 0.000000
1692988215276598799 172.180126 1761.576901 1763 169652 0.000000
1692988216281115888 174.412012 1793.896773 1802 171463 0.000000
1692988217286412249 168.477290 1768.632736 1778 173232 0.000000
1692988218290436805 166.981907 1771.868961 1779 175030 0.000000
1692988219294250055 171.608309 1753.314210 1760 176786 0.000000
1692988220295736992 164.864396 1809.309689 1812 178584 0.000000
1692988221302540760 170.802866 1743.140027 1755 180357 0.000000
1692988222307232015 162.879305 1876.198331 1885 182223 0.000000
1692988223310455760 174.350524 1721.450483 1727 183953 0.000000
1692988224314770259 167.688283 1766.378960 1774 185724 0.000000
1692988225321186209 169.785073 1783.556789 1795 187532 0.000000
1692988226325402314 173.564889 1713.774410 1721 189240 0.000000
1692988227325233728 170.219219 1775.299415 1775 191016 0.000000
1692988228332092338 170.547358 1749.997467 1762 192794 0.000000
1692988229331439213 172.458242 1762.150693 1761 194538 0.000000
1692988230333896631 166.409292 1806.560742 1811 196349 0.000000
1692988231339763010 171.222587 1745.758718 1756 198120 0.000000
1692988232347139672 167.069192 1791.782554 1805 199920 0.000000
1692988233350970754 169.905141 1721.405224 1728 201648 0.000000
1692988234353059201 172.876079 1746.352835 1750 203390 0.000000
1692988235355979156 174.735658 1761.855461 1767 205155 0.000000
1692988236361091661 171.751319 1715.230769 1724 206915 0.000000
1692988237366407719 174.327470 1743.730160 1753 208639 0.000000
1692988238371621826 168.251107 1824.487095 1834 210467 0.000000
1692988239370972198 172.301270 1682.092718 1681 212156 0.000000
1692988240376096626 169.756106 1808.731323 1818 213965 0.000000
1692988241383396473 166.646148 1740.296105 1753 215720 0.000000
1692988242387637195 173.131239 1746.593166 1754 217474 0.000000
1692988243389736791 175.354369 1714.400452 1718 219222 0.000000
1692988244384472471 171.170291 1763.282483 1754 220945 0.000000
1692988245398759970 171.258207 1739.151801 1764 222715 0.000000
1692988246402578029 170.191658 1768.248652 1775 224485 0.000000
1692988247407223830 168.143069 1783.713241 1792 226297 0.000000
1692988248407953798 163.724391 1756.717738 1758 228045 0.000000
1692988249415654468 176.058555 1804.107186 1818 229863 0.000000
1692988250411941596 166.592797 1800.685734 1794 231645 0.000000
1692988251423822372 167.129236 1806.536904 1828 233476 0.000000
1692988252427663965 164.959962 1753.264721 1760 235233 0.000000
1692988253431266340 165.332761 1834.391743 1841 237092 0.000000
1692988254434704497 172.738935 1731.048280 1737 238811 0.000000
1692988255436575155 169.134906 1832.572086 1836 240647 0.000000
1692988256442661987 165.666674 1741.400283 1752 242434 0.000000
1692988257443575160 179.049721 1691.455478 1693 244092 0.000000
1692988258450720017 173.706952 1740.563833 1753 245869 0.000000
1692988259454664944 169.518758 1766.033251 1773 247627 0.000000
1692988260428376383 165.407025 1877.352906 1828 249447 0.000000
1692988261458928749 162.083980 1832.027180 1888 251334 0.000000
1692988262467450648 166.273649 1751.077547 1766 253120 0.000000
1692988263468306082 167.311874 1798.461517 1800 254900 0.000000
1692988264472422591 168.161384 1821.501772 1829 256731 0.000000
1692988265479647047 170.042612 1771.204032 1784 258514 0.000000
1692988266475607563 170.784536 1715.931461 1709 260222 0.000000
1692988267487922764 170.730375 1793.907542 1816 262058 0.000000
