1692973741439457908 256.695456 0.000000
1692973741534393441 256.712230 0.000000
1692973743301006307 256.668147 0.000000
1692973743919493100 256.729349 0.000000
1692973743926246938 256.753421 0.000000
1692973744400986153 256.760743 0.000000
1692973746704134184 256.592168 0.000000
1692973746967591069 256.825151 0.000000
1692973747121977159 256.827527 0.000000
1692973747562967897 256.647913 0.000000
1692973747619457097 256.592614 0.000000
1692973747956401008 256.694807 0.000000
1692973749765547273 256.787695 0.000000
1692973751225779346 256.776357 0.000000
1692973751318391855 256.831104 0.000000
1692973752281871986 256.739202 0.000000
1692973752487221351 256.830639 0.000000
1692973754802136802 256.719958 0.000000
1692973755909033848 256.731338 0.000000
1692973756743892463 256.708708 0.000000
1692973757714591105 256.797425 0.000000
1692973759787701807 256.736948 0.000000
1692973760131477528 256.742044 0.000000
1692973763294825613 257.075295 0.000000
1692973765909224632 256.749549 0.000000
1692973766950830152 256.746207 0.000000
1692973769776978247 256.871460 0.000000
1692973771205814754 257.055093 0.000000
1692973771331106057 256.705833 0.000000
1692973773508889963 256.916683 0.000000
1692973773613146549 256.722746 0.000000
1692973773903766359 256.684967 0.000000
1692973774246111339 256.768067 0.000000
1692973776075177673 256.718077 0.000000
1692973777108434019 256.659648 0.000000
1692973777271115049 256.667009 0.000000
1692973777606280210 256.604266 0.000000
1692973780175985615 256.693342 0.000000
1692973782093730887 256.765595 0.000000
1692973783188703530 256.755272 0.000000
1692973786032685846 256.570078 0.000000
1692973788558880462 256.790879 0.000000
1692973790361260276 256.623524 0.000000
1692973790361669711 256.647414 0.000000
1692973793251515989 256.703877 0.000000
1692973793268785538 256.826628 0.000000
1692973795118476141 256.709140 0.000000
1692973795831635735 256.713419 0.000000
1692973797139142650 256.688682 0.000000
1692973798682906364 256.751450 0.000000
1692973798925634211 256.713460 0.000000
1692973802571325358 256.850420 0.000000
1692973805779505016 256.733217 0.000000
1692973806206471994 256.692791 0.000000
1692973806796237621 256.638915 0.000000
1692973807469536482 256.620694 0.000000
1692973808087212933 256.670399 0.000000
1692973808370235189 256.862610 0.000000
1692973813884349968 256.697408 0.000000
1692973814210295567 256.665020 0.000000
1692973816209662567 256.761781 0.000000
1692973818543511743 256.591326 0.000000
1692973818795294565 256.731444 0.000000
1692973822474065799 256.700044 0.000000
1692973824098315529 256.593400 0.000000
1692973824810410313 256.897494 0.000000
1692973824896877550 256.781593 0.000000
1692973829562585379 256.754231 0.000000
1692973829671350427 256.742983 0.000000
1692973830277382604 256.748764 0.000000
1692973831171506844 256.687098 0.000000
1692973831383962055 256.719171 0.000000
1692973832386731950 256.904071 0.000000
1692973835532347443 256.748896 0.000000
1692973836255726167 256.626452 0.000000
1692973836495735824 256.675522 0.000000
1692973836977757303 256.653972 0.000000
1692973839160904313 256.899312 0.000000
1692973840144805822 256.679306 0.000000
1692973840301692198 256.880634 0.000000
1692973840476221148 256.698681 0.000000
1692973840714185842 256.798998 0.000000
1692973841300296214 256.789614 0.000000
1692973841569730647 256.810173 0.000000
1692973843049256376 256.855229 0.000000
1692973844473796259 256.624611 0.000000
1692973844565998677 256.579967 0.000000
1692973844579528335 256.667285 0.000000
1692973845422312166 256.702731 0.000000
1692973845544796310 256.796550 0.000000
1692973846179905231 256.822658 0.000000
1692973847125774201 256.913614 0.000000
1692973847243841808 256.937078 0.000000
1692973847363540671 256.886690 0.000000
1692973848622446428 256.702107 0.000000
1692973848826250940 256.600539 0.000000
1692973851443712498 256.823061 0.000000
1692973851953579244 256.690847 0.000000
1692973852210189104 256.576353 0.000000
1692973853778129450 256.696920 0.000000
1692973854346251732 256.620220 0.000000
1692973854795623764 256.566791 0.000000
1692973855500171391 256.682608 0.000000
1692973855717621631 256.744562 0.000000
1692973859826157826 256.658216 0.000000
1692973861690138092 256.710453 0.000000
1692973862184416448 256.733846 0.000000
1692973865145687424 256.817478 0.000000
1692973866293165516 256.940467 0.000000
1692973866522264500 257.041392 0.000000
1692973866824976373 256.688289 0.000000
1692973867763273221 256.704093 0.000000
1692973868862760654 256.799553 0.000000
1692973868957383054 256.856486 0.000000
1692973869306851498 256.680588 0.000000
1692973870406949873 256.844955 0.000000
1692973870538538428 256.779001 0.000000
1692973870973002778 256.806680 0.000000
1692973872072795212 256.746437 0.000000
1692973874312312606 256.710742 0.000000
1692973875635822248 256.799711 0.000000
1692973876061155108 256.782536 0.000000
1692973877010849295 256.748139 0.000000
1692973877027298678 256.776135 0.000000
1692973879504156118 256.815755 0.000000
1692973881134073551 256.707187 0.000000
1692973885228538469 256.596569 0.000000
