1692981733151479137 144.528564 0.000000
1692981733224021753 144.586510 0.000000
1692981733440996192 144.667388 0.000000
1692981735970920737 144.603107 0.000000
1692981735971338386 144.526233 0.000000
1692981736043543370 144.612751 0.000000
1692981737779019374 144.730209 0.000000
1692981737780470251 144.566512 0.000000
1692981738357598283 144.541288 0.000000
1692981738503938771 144.508758 0.000000
1692981739154412855 144.656085 0.000000
1692981739805214940 144.742042 0.000000
1692981743493191009 144.628421 0.000000
1692981743854148208 144.658802 0.000000
1692981744507498737 144.649947 0.000000
1692981744649716953 144.523491 0.000000
1692981747182052614 144.633789 0.000000
1692981747326805219 144.775328 0.000000
1692981748267158714 144.737115 0.000000
1692981748918732988 144.743738 0.000000
1692981749715609778 144.655744 0.000000
1692981750728161745 144.614839 0.000000
1692981751595602439 144.479569 0.000000
1692981752247376355 144.474191 0.000000
1692981753042631600 144.436088 0.000000
1692981753982722161 144.642839 0.000000
1692981753982810887 144.577271 0.000000
1692981754923234292 144.558061 0.000000
1692981755068489288 144.543472 0.000000
1692981755574659498 144.467576 0.000000
1692981756877268462 144.636439 0.000000
1692981758251147418 144.364676 0.000000
1692981758540651640 144.775082 0.000000
1692981758974610060 144.594741 0.000000
1692981759915333181 144.487085 0.000000
1692981760131588075 144.568730 0.000000
1692981760421592427 144.778886 0.000000
1692981760565995612 144.588421 0.000000
1692981761290063630 144.454008 0.000000
1692981761361724564 144.629307 0.000000
1692981762229481927 144.609460 0.000000
1692981762302918466 144.781421 0.000000
1692981762375434319 144.822166 0.000000
1692981762664909371 144.603627 0.000000
1692981766209408635 144.576598 0.000000
1692981766931957699 144.630074 0.000000
1692981767655604367 144.463946 0.000000
1692981771560230128 144.491225 0.000000
1692981772934236786 144.710615 0.000000
1692981773079157982 144.667119 0.000000
1692981773080151764 144.554802 0.000000
1692981773080221457 144.532249 0.000000
1692981773296204065 144.764496 0.000000
1692981773369205870 144.607003 0.000000
1692981773513388319 144.579500 0.000000
1692981774381544882 144.588376 0.000000
1692981775900069780 144.535592 0.000000
1692981775973213355 144.542478 0.000000
1692981776188948205 144.655631 0.000000
1692981776407899874 144.721696 0.000000
1692981776912281158 144.544548 0.000000
1692981778214401934 144.445698 0.000000
1692981780529286699 144.563949 0.000000
1692981782120774861 144.788723 0.000000
1692981783207178180 144.824930 0.000000
1692981784076090360 144.569421 0.000000
1692981784292464354 144.482047 0.000000
1692981784509736341 144.511921 0.000000
1692981784654548066 144.804874 0.000000
1692981785450681817 144.562690 0.000000
1692981785595256740 144.559127 0.000000
1692981786319827956 144.469417 0.000000
1692981788635420471 144.484908 0.000000
1692981788996995873 144.618144 0.000000
1692981790154137751 144.602547 0.000000
1692981790228084082 145.256617 0.000000
1692981790949990825 144.579980 0.000000
1692981791096569684 144.541816 0.000000
1692981791168754123 144.589897 0.000000
1692981791313704832 144.693053 0.000000
1692981793049454367 144.622413 0.000000
1692981795727028797 144.560064 0.000000
1692981795943156455 144.499948 0.000000
1692981796234408195 144.676363 0.000000
1692981797461348866 144.538136 0.000000
1692981797750091481 144.558469 0.000000
1692981799053878397 144.726210 0.000000
1692981799271356252 144.522726 0.000000
1692981799415577184 144.897869 0.000000
1692981799416287550 144.912449 0.000000
1692981800285346385 144.672249 0.000000
1692981800502213100 144.673732 0.000000
1692981801154513486 144.657519 0.000000
1692981801659870634 144.701167 0.000000
1692981802384689370 144.634606 0.000000
1692981803832682195 144.565669 0.000000
1692981804266515694 144.622417 0.000000
1692981804411514148 144.581252 0.000000
1692981805062279429 144.639547 0.000000
1692981805857692201 144.650593 0.000000
1692981806221722151 144.568491 0.000000
1692981806871521274 144.861770 0.000000
1692981807306065670 144.470494 0.000000
1692981808464901886 144.838661 0.000000
1692981809260490406 145.058774 0.000000
1692981809694059698 144.638280 0.000000
1692981809839649034 144.472943 0.000000
1692981810563229130 144.816348 0.000000
1692981810708925571 144.858012 0.000000
1692981810779517156 144.625159 0.000000
1692981811865389701 144.636430 0.000000
1692981813386209327 144.882457 0.000000
1692981814761689146 144.539188 0.000000
1692981815123110403 144.625950 0.000000
1692981815702183881 144.460648 0.000000
1692981817149595922 144.489927 0.000000
1692981818089499693 144.895980 0.000000
1692981818596843648 144.812198 0.000000
1692981819393244117 144.957909 0.000000
1692981819464750278 144.745368 0.000000
1692981820478369540 144.673867 0.000000
1692981821492470875 144.913885 0.000000
1692981821564020118 144.501950 0.000000
1692981823011594883 144.471159 0.000000
1692981823083860109 144.604615 0.000000
1692981823446756935 144.615931 0.000000
1692981823518427375 144.482060 0.000000
1692981824314814575 144.643314 0.000000
1692981825834619152 144.610208 0.000000
1692981826847305425 145.015071 0.000000
1692981828293738806 144.535373 0.000000
1692981829525180098 144.842820 0.000000
1692981829887647883 144.555399 0.000000
1692981831117257499 144.474511 0.000000
1692981831549072005 144.594584 0.000000
1692981832924835156 144.940846 0.000000
1692981833430555149 144.470259 0.000000
1692981834227446923 144.677228 0.000000
1692981835387474902 144.825122 0.000000
1692981835967915978 144.571692 0.000000
1692981836474170658 144.506103 0.000000
1692981836907789309 144.677108 0.000000
1692981837271000520 144.676080 0.000000
1692981838356538762 144.517209 0.000000
1692981840164883094 144.562525 0.000000
1692981840308337381 144.682299 0.000000
1692981840670043798 144.601395 0.000000
1692981841466994245 144.638893 0.000000
1692981843708494650 144.625780 0.000000
1692981845446071138 144.407874 0.000000
1692981845806549071 144.551343 0.000000
1692981845951829409 144.470255 0.000000
1692981846603657479 144.853854 0.000000
1692981846819538757 144.798510 0.000000
1692981847182816597 144.645138 0.000000
1692981847253741096 144.654560 0.000000
1692981847834323803 144.630739 0.000000
1692981848339478932 144.562089 0.000000
1692981848919888886 144.695791 0.000000
1692981851160944882 144.889732 0.000000
1692981851306254132 144.872763 0.000000
1692981852606451164 144.843199 0.000000
1692981853042094015 144.584917 0.000000
1692981854417502835 144.866899 0.000000
1692981855140342835 144.502930 0.000000
1692981855718148194 144.559848 0.000000
1692981855935444806 144.677202 0.000000
1692981856082426455 144.468234 0.000000
1692981858106730195 144.840914 0.000000
1692981858468172995 144.559778 0.000000
1692981858904100463 144.522887 0.000000
1692981860277055128 144.714433 0.000000
1692981861652620141 144.848952 0.000000
1692981862592032737 144.698236 0.000000
1692981862592589635 144.481786 0.000000
1692981863025870788 144.556870 0.000000
1692981863533936720 144.589491 0.000000
1692981864763216797 144.619381 0.000000
1692981865340377382 144.559682 0.000000
1692981865703398480 144.707828 0.000000
1692981865992893474 144.629760 0.000000
1692981866065301235 144.715876 0.000000
1692981866208805302 144.566969 0.000000
1692981866572225855 144.457704 0.000000
1692981866643890990 144.570958 0.000000
1692981866861314979 144.943732 0.000000
1692981867295120338 144.523583 0.000000
1692981867656825700 144.505053 0.000000
1692981869466178310 145.483838 0.000000
1692981870841709408 144.475490 0.000000
1692981871493161493 144.627484 0.000000
1692981872361091660 144.508045 0.000000
1692981878004833373 144.675906 0.000000
1692981878655085081 144.435982 0.000000
1692981880320945676 144.544133 0.000000
1692981882275342477 144.657088 0.000000
