1692972144286014952 145.073294 0.000000
1692972144335083455 144.612824 0.000000
1692972144502143700 144.592917 0.000000
1692972144648205029 144.610207 0.000000
1692972144720747461 144.720724 0.000000
1692972144755933035 144.564556 0.000000
1692972144792867492 144.479163 0.000000
1692972144865355880 144.529274 0.000000
1692972144937765659 144.640122 0.000000
1692972145046661182 144.580753 0.000000
1692972145154937437 144.562905 0.000000
1692972145191491899 144.672931 0.000000
1692972145298198463 144.524339 0.000000
1692972145299865040 144.905060 0.000000
1692972145372354604 144.629971 0.000000
1692972145443083016 144.733141 0.000000
1692972145481034868 144.603514 0.000000
1692972145553298326 144.552460 0.000000
1692972145639219730 144.619295 0.000000
1692972145733461729 144.535211 0.000000
1692972145915654272 144.800532 0.000000
1692972145951714535 144.626086 0.000000
1692972146059503947 144.579096 0.000000
1692972146095246905 144.629212 0.000000
1692972146096484634 144.649504 0.000000
1692972146132816108 144.678337 0.000000
1692972146132905586 144.713493 0.000000
1692972146205158267 144.669179 0.000000
1692972146493675731 144.569542 0.000000
1692972146529009528 144.573522 0.000000
1692972146581046630 144.629386 0.000000
1692972146603592215 144.675474 0.000000
1692972146674269220 144.723841 0.000000
1692972146893386613 144.668202 0.000000
1692972146965978639 144.762812 0.000000
1692972147146676259 144.535961 0.000000
1692972147183051222 144.702564 0.000000
1692972147255656096 144.659068 0.000000
1692972147255792845 144.840305 0.000000
1692972147400702901 144.789696 0.000000
1692972147436515893 144.679084 0.000000
1692972147472689854 144.668951 0.000000
1692972147545282429 144.572617 0.000000
1692972147740777008 144.661468 0.000000
1692972147762427480 144.661729 0.000000
1692972147871049440 144.661669 0.000000
1692972147885435915 144.634451 0.000000
1692972147977482088 144.801710 0.000000
1692972147979816052 144.511956 0.000000
1692972148088123049 144.649609 0.000000
1692972148195032097 144.768735 0.000000
1692972148196981056 144.647277 0.000000
1692972148305599551 144.602023 0.000000
1692972148377930367 144.646502 0.000000
1692972148414086671 144.564210 0.000000
1692972148484622541 144.695545 0.000000
1692972148486739496 144.655582 0.000000
1692972148557090827 144.695877 0.000000
1692972148703963215 144.725018 0.000000
1692972148739756801 144.602403 0.000000
1692972148739986169 144.568875 0.000000
1692972148812357063 144.540815 0.000000
1692972148993374734 144.554612 0.000000
1692972149063854738 144.563218 0.000000
1692972149063943950 144.540193 0.000000
1692972149210910420 144.971504 0.000000
1692972149210955590 145.109314 0.000000
1692972149355675134 144.702935 0.000000
1692972149392017730 144.677796 0.000000
1692972149392025223 144.637622 0.000000
1692972149536221909 144.669381 0.000000
1692972149572996256 144.577669 0.000000
1692972149609057578 144.668063 0.000000
1692972149715452825 144.597403 0.000000
1692972149718016368 144.959611 0.000000
1692972149753495512 144.804717 0.000000
1692972149787958446 144.607016 0.000000
1692972149841679988 144.596232 0.000000
1692972149862580229 144.632406 0.000000
1692972149935039758 144.608701 0.000000
1692972150005067720 144.557742 0.000000
1692972150151998149 144.548187 0.000000
1692972150152103479 144.495124 0.000000
1692972150188414317 144.775401 0.000000
1692972150260230563 144.702062 0.000000
1692972150511693047 144.541070 0.000000
1692972150513954783 144.455802 0.000000
1692972150622463774 144.714985 0.000000
1692972150803351781 144.627631 0.000000
1692972150985061319 144.452806 0.000000
1692972151058040393 144.699277 0.000000
1692972151072848552 144.565511 0.000000
1692972151090772395 144.506157 0.000000
1692972151129693478 144.613560 0.000000
1692972151564096095 144.530032 0.000000
1692972151564514543 144.648101 0.000000
1692972151669802997 144.554364 0.000000
1692972151744244192 144.555271 0.000000
1692972152144267828 144.740179 0.000000
1692972152250570339 144.543431 0.000000
1692972152466305916 144.462322 0.000000
1692972152506035509 144.579790 0.000000
1692972152610922392 144.597977 0.000000
1692972152611100798 144.488908 0.000000
1692972152612629853 144.460708 0.000000
1692972152651341789 144.723886 0.000000
1692972152723868861 144.777410 0.000000
1692972152902008811 144.585928 0.000000
1692972152941292250 144.729861 0.000000
1692972152955614800 144.675783 0.000000
1692972153118997094 144.571594 0.000000
1692972153119165135 144.521889 0.000000
1692972153263613439 144.593060 0.000000
1692972153303686453 144.679039 0.000000
1692972153406990988 144.468418 0.000000
1692972153770330053 144.581386 0.000000
1692972153810603591 144.751539 0.000000
1692972153842515291 144.509051 0.000000
1692972154060151051 144.581470 0.000000
1692972154100090952 144.566315 0.000000
1692972154100321638 144.563173 0.000000
1692972154100354079 144.585439 0.000000
1692972154172794928 144.674120 0.000000
1692972154204065641 144.622910 0.000000
1692972154389885360 144.629221 0.000000
1692972154493916042 144.538802 0.000000
1692972154534651229 144.744799 0.000000
1692972154638504261 144.625351 0.000000
1692972154638816036 144.490316 0.000000
1692972154693293466 144.594420 0.000000
1692972154982822070 144.600728 0.000000
1692972155073140306 144.739961 0.000000
1692972155073232169 144.591426 0.000000
1692972155127526889 144.558590 0.000000
1692972155259335857 144.667511 0.000000
1692972155404226998 144.568231 0.000000
1692972155435077367 144.619978 0.000000
1692972155507589474 144.619644 0.000000
1692972155693711354 144.476648 0.000000
1692972155869226467 144.525877 0.000000
1692972156127948478 144.530045 0.000000
1692972156273226091 144.549289 0.000000
1692972156376178548 144.432934 0.000000
1692972156448910374 144.612417 0.000000
1692972156593462405 144.694993 0.000000
1692972156665981102 144.646349 0.000000
1692972156793910995 144.624478 0.000000
1692972156852619725 144.766194 0.000000
1692972156925051681 144.758210 0.000000
1692972156925120977 144.686248 0.000000
1692972157069878164 144.752102 0.000000
1692972157142239353 144.692961 0.000000
1692972157155637216 144.536933 0.000000
1692972157214538603 144.689708 0.000000
1692972157390741625 144.589644 0.000000
1692972157432566163 144.935285 0.000000
1692972157463596022 144.817319 0.000000
1692972157589983946 144.572559 0.000000
1692972157607806185 144.636896 0.000000
1692972157680739696 144.737840 0.000000
1692972157721919874 144.899179 0.000000
1692972157794163982 144.772515 0.000000
1692972157794248373 144.584955 0.000000
1692972157866608981 144.656226 0.000000
1692972157879328666 144.583556 0.000000
1692972157939595922 144.826331 0.000000
1692972158115427287 144.652340 0.000000
1692972158168774395 144.532495 0.000000
1692972158260094738 144.462095 0.000000
1692972158301906513 144.491730 0.000000
1692972158458108080 144.539526 0.000000
1692972158477199029 144.799190 0.000000
1692972158477237243 144.858193 0.000000
1692972158766513169 144.575500 0.000000
1692972158839141443 144.490605 0.000000
1692972159099286566 144.516546 0.000000
1692972159128618860 144.529030 0.000000
1692972159171963602 144.730703 0.000000
1692972159201018832 144.537173 0.000000
1692972159273079882 144.522970 0.000000
1692972159345378042 144.582483 0.000000
1692972159707844544 144.685504 0.000000
1692972159707888696 144.737655 0.000000
1692972160069966859 144.580418 0.000000
1692972160186024563 144.579118 0.000000
1692972160267197645 144.545135 0.000000
1692972160359536482 144.730802 0.000000
1692972160412080565 144.492057 0.000000
1692972160431788053 144.486918 0.000000
1692972160476091855 144.591110 0.000000
1692972160503662612 144.606343 0.000000
1692972160547504760 144.671463 0.000000
1692972160629059173 144.584716 0.000000
1692972161156100017 144.644390 0.000000
1692972161227682439 144.528278 0.000000
1692972161372411444 144.666188 0.000000
1692972161417387544 144.690735 0.000000
1692972161561898712 144.485809 0.000000
1692972161634429691 144.571087 0.000000
1692972161662134905 144.525682 0.000000
1692972161779041793 144.572337 0.000000
1692972161807651807 144.409872 0.000000
1692972161859191814 144.529741 0.000000
1692972161952248353 144.737078 0.000000
1692972162168964816 144.527323 0.000000
1692972162214299779 144.613192 0.000000
1692972162386688384 144.672952 0.000000
1692972162458432161 144.723790 0.000000
1692972162576057829 144.760561 0.000000
1692972162648180473 144.702425 0.000000
1692972162721005650 144.673538 0.000000
1692972162749261189 145.045894 0.000000
1692972162821488907 144.777565 0.000000
1692972162893785275 145.068798 0.000000
1692972162964379423 144.513641 0.000000
1692972163181584743 144.799022 0.000000
1692972163181994110 144.493577 0.000000
1692972163182285282 144.494463 0.000000
1692972163228187930 144.798642 0.000000
1692972163688425253 144.562878 0.000000
1692972163763399242 145.296755 0.000000
1692972163813267810 144.525727 0.000000
1692972164124962571 144.576919 0.000000
1692972164195312759 144.749614 0.000000
1692972164314926678 144.672907 0.000000
1692972164392272186 144.533757 0.000000
1692972164459698634 144.774287 0.000000
1692972164531595790 144.627646 0.000000
1692972164536908978 144.562700 0.000000
1692972164604024408 144.563667 0.000000
1692972164748657993 144.688728 0.000000
1692972165111526000 144.571849 0.000000
1692972165137050139 144.605461 0.000000
1692972165184097879 144.778349 0.000000
1692972165332863031 144.567023 0.000000
1692972165332899045 144.521334 0.000000
1692972165401594473 144.765565 0.000000
1692972165498072229 144.471085 0.000000
1692972165911804894 144.569941 0.000000
1692972166077300768 144.611921 0.000000
1692972166078325415 144.703268 0.000000
1692972166197922982 144.511842 0.000000
1692972166198757883 144.746112 0.000000
1692972166270999674 144.566945 0.000000
1692972166583834739 144.530690 0.000000
1692972166705150371 144.573045 0.000000
1692972166803093378 144.481827 0.000000
1692972166849950068 144.784141 0.000000
1692972166875547768 144.443613 0.000000
1692972166994778471 144.816535 0.000000
1692972167139519879 144.716394 0.000000
1692972167285253576 144.866420 0.000000
1692972167357457226 144.819050 0.000000
1692972167381014906 144.484136 0.000000
1692972167429154143 144.819655 0.000000
1692972167526535034 144.447275 0.000000
1692972167598025884 144.597454 0.000000
1692972167719562923 144.964582 0.000000
1692972167791401235 144.582203 0.000000
1692972167792086874 144.604706 0.000000
1692972167793426194 144.522920 0.000000
1692972167863954704 144.780676 0.000000
1692972167888442027 144.696399 0.000000
1692972168154364765 144.841564 0.000000
1692972168226994536 144.898030 0.000000
1692972168249972662 144.565070 0.000000
1692972168444852479 145.022104 0.000000
1692972168517216887 144.661735 0.000000
1692972168589762532 144.883562 0.000000
1692972168662175147 144.553624 0.000000
1692972168806507803 144.757243 0.000000
1692972168879113402 144.667760 0.000000
1692972168879691722 144.701333 0.000000
1692972168975047423 144.606563 0.000000
1692972169096163486 144.622649 0.000000
1692972169313774932 144.687333 0.000000
1692972169337057642 144.769058 0.000000
1692972169386407397 144.581782 0.000000
1692972169459139094 144.753161 0.000000
1692972169481771501 144.608525 0.000000
1692972169531963571 145.129777 0.000000
1692972169554136299 144.733936 0.000000
1692972169554279206 144.552419 0.000000
1692972169604103281 144.917268 0.000000
1692972169749215993 144.932718 0.000000
1692972170111221233 144.716865 0.000000
1692972170205898287 144.449637 0.000000
1692972170328710353 144.658766 0.000000
1692972170350777693 144.593554 0.000000
1692972170423085463 144.736661 0.000000
1692972170423210043 144.512278 0.000000
1692972170473180745 144.465221 0.000000
1692972170473227329 144.479210 0.000000
1692972170640563315 144.686093 0.000000
1692972170690206678 144.657577 0.000000
1692972170763102159 145.078666 0.000000
1692972171053034276 144.542939 0.000000
1692972171053173269 144.631695 0.000000
1692972171147686230 144.651710 0.000000
1692972171198254518 144.830035 0.000000
1692972171292185656 144.560753 0.000000
1692972171292492179 144.531119 0.000000
1692972171437168636 144.420437 0.000000
1692972171487775544 144.644603 0.000000
1692972171509610381 144.572190 0.000000
1692972171632814395 144.807919 0.000000
1692972171799496827 144.715638 0.000000
1692972171849424911 144.690610 0.000000
1692972171849916960 144.737069 0.000000
1692972172066911324 144.522689 0.000000
1692972172211316613 144.590776 0.000000
1692972172211793147 144.447994 0.000000
1692972172212031210 144.618260 0.000000
1692972172234211821 144.770930 0.000000
1692972172234307814 144.941763 0.000000
1692972172428936819 144.579891 0.000000
1692972172429115650 144.550623 0.000000
1692972172451767016 144.866517 0.000000
1692972172741439590 144.571491 0.000000
1692972172790783207 144.723501 0.000000
1692972172862681503 144.535999 0.000000
1692972172886579438 144.763476 0.000000
1692972172958375289 144.470010 0.000000
1692972172958729497 144.616736 0.000000
1692972173103285091 144.533502 0.000000
1692972173103866117 144.792288 0.000000
1692972173152764840 144.620257 0.000000
1692972173247833350 144.531701 0.000000
1692972173248883472 144.927993 0.000000
1692972173321352347 144.942526 0.000000
1692972173393767493 144.742562 0.000000
1692972173538498623 144.710351 0.000000
1692972173586531894 144.573068 0.000000
1692972173587218059 144.423796 0.000000
1692972173731086798 144.530358 0.000000
1692972173732721961 144.609768 0.000000
1692972173755926352 144.711384 0.000000
1692972173804873298 144.674503 0.000000
1692972173828154448 144.531611 0.000000
1692972173828228435 144.663538 0.000000
1692972173876568253 144.528534 0.000000
1692972173877194239 144.546551 0.000000
1692972173900321446 144.608290 0.000000
1692972173971680104 144.544366 0.000000
1692972174165975182 144.657491 0.000000
1692972174166820573 144.533677 0.000000
1692972174310595632 144.595563 0.000000
1692972174383833735 144.450249 0.000000
1692972174478487850 144.568861 0.000000
1692972174480209654 144.683657 0.000000
1692972174550888511 144.606663 0.000000
1692972174600500422 144.520026 0.000000
1692972174697200720 144.534329 0.000000
1692972174697290880 144.503724 0.000000
1692972174745297628 144.641133 0.000000
1692972175035378922 144.979640 0.000000
1692972175035404983 145.026579 0.000000
1692972175130923221 144.494245 0.000000
1692972175324716937 144.504722 0.000000
1692972175687043351 144.518084 0.000000
1692972175710092801 144.716256 0.000000
1692972175782573933 144.600832 0.000000
1692972175832540157 144.642218 0.000000
1692972175903935969 144.591205 0.000000
1692972176000636497 144.738367 0.000000
1692972176049025126 144.786603 0.000000
1692972176072411745 144.824281 0.000000
1692972176121647230 144.504581 0.000000
1692972176145307685 144.685763 0.000000
1692972176216974982 144.594615 0.000000
1692972176217819010 144.704010 0.000000
1692972176266424074 144.757108 0.000000
1692972176266610979 144.742469 0.000000
1692972176339353256 144.849268 0.000000
1692972176434738869 144.559163 0.000000
1692972176651944396 144.571727 0.000000
1692972176845919523 144.728141 0.000000
1692972176846398983 144.602484 0.000000
1692972177086362265 144.595461 0.000000
1692972177208046708 144.688126 0.000000
1692972177208802756 144.739611 0.000000
1692972177280991054 144.889634 0.000000
1692972177353413078 144.597562 0.000000
1692972177353421234 144.590754 0.000000
1692972177376029623 144.633639 0.000000
1692972177425792222 144.792192 0.000000
1692972177955399651 144.606249 0.000000
1692972178149673777 144.570925 0.000000
1692972178150694130 144.535483 0.000000
1692972178223636621 144.608493 0.000000
1692972178368433026 144.576775 0.000000
1692972178389964210 144.756206 0.000000
1692972178461906549 144.574959 0.000000
1692972178679684355 144.597332 0.000000
1692972178730187551 144.553134 0.000000
1692972178824439354 144.500722 0.000000
1692972178969248769 144.768144 0.000000
1692972178969327928 144.611425 0.000000
1692972179186319482 144.573395 0.000000
1692972179186413185 144.616585 0.000000
1692972179308748467 144.648548 0.000000
1692972179331360964 144.613923 0.000000
1692972179476061484 144.482839 0.000000
1692972179526859093 144.784229 0.000000
1692972179744121803 144.552810 0.000000
1692972180055338852 144.759335 0.000000
1692972180251341962 144.593143 0.000000
1692972180251373240 144.582422 0.000000
1692972180417682671 144.692703 0.000000
1692972180417723937 144.798525 0.000000
1692972180490104227 144.723907 0.000000
1692972180541582795 145.043044 0.000000
1692972180635206990 144.980613 0.000000
1692972180758147292 144.742435 0.000000
1692972180852275379 144.628239 0.000000
1692972180852584959 144.835711 0.000000
1692972180975923683 144.538977 0.000000
1692972181048148352 144.566059 0.000000
1692972181069712385 144.452039 0.000000
1692972181120591879 144.822243 0.000000
1692972181214627283 144.403664 0.000000
1692972181265663852 144.723984 0.000000
1692972181555695388 144.716101 0.000000
1692972181649052170 144.550015 0.000000
1692972181700652219 144.865379 0.000000
1692972181990930158 144.755662 0.000000
1692972182083589031 144.537380 0.000000
1692972182300491337 144.446798 0.000000
1692972182352468728 144.545522 0.000000
1692972182425525119 144.620110 0.000000
1692972182445066729 144.579051 0.000000
1692972182590795137 144.601342 0.000000
1692972182642343861 144.808083 0.000000
1692972182642363682 144.526924 0.000000
1692972182662220440 144.575105 0.000000
1692972182715462070 144.532998 0.000000
1692972182807736870 144.621323 0.000000
1692972182952560103 144.577289 0.000000
1692972183005085027 144.543547 0.000000
1692972183025049635 144.542816 0.000000
1692972183169030096 144.584134 0.000000
1692972183242073119 144.554446 0.000000
1692972183386838085 144.520913 0.000000
1692972183459250171 144.568247 0.000000
1692972183530829456 144.516612 0.000000
1692972183530905833 144.552801 0.000000
1692972183531341286 144.549704 0.000000
1692972183729058724 144.623450 0.000000
1692972183965772935 144.641673 0.000000
1692972184038257229 144.678820 0.000000
1692972184038349408 144.618714 0.000000
1692972184038383913 144.586399 0.000000
1692972184308217905 144.581456 0.000000
1692972184743257020 144.479634 0.000000
1692972184815404700 144.657824 0.000000
1692972184887828002 144.772605 0.000000
1692972185195907347 144.540509 0.000000
1692972185268328752 144.575576 0.000000
1692972185341594747 144.526621 0.000000
1692972185414239588 144.853336 0.000000
1692972185467619387 144.543626 0.000000
1692972185485155442 144.502179 0.000000
1692972185631080912 144.607465 0.000000
1692972185685343273 144.691209 0.000000
1692972185702294318 144.471743 0.000000
1692972185775598076 144.499107 0.000000
1692972185829955163 144.595647 0.000000
1692972185902044391 144.559052 0.000000
1692972185902636353 144.759899 0.000000
1692972185920752812 144.639359 0.000000
1692972185920754276 144.597827 0.000000
1692972186047428521 144.781970 0.000000
1692972186065310756 144.548624 0.000000
1692972186065343993 144.574381 0.000000
1692972186119456907 144.848534 0.000000
1692972186336896879 144.626862 0.000000
1692972186353571726 144.517628 0.000000
1692972186554667857 144.607247 0.000000
1692972186626501961 144.682882 0.000000
1692972186627202620 144.621691 0.000000
1692972186771825182 144.667732 0.000000
1692972186772344365 144.613180 0.000000
1692972186844719402 144.731972 0.000000
1692972186861424103 144.513618 0.000000
1692972186861719746 144.574410 0.000000
1692972187005929182 144.488341 0.000000
1692972187078902540 144.613656 0.000000
1692972187150596311 144.408993 0.000000
1692972187205892064 144.613253 0.000000
1692972187279329460 144.740710 0.000000
1692972187568202681 144.773752 0.000000
1692972187802447877 144.479622 0.000000
1692972187802482606 144.536420 0.000000
1692972188003423321 144.628790 0.000000
1692972188019347994 144.544293 0.000000
1692972188163729174 144.812905 0.000000
1692972188236473323 144.682101 0.000000
1692972188236504114 144.653028 0.000000
1692972188292811119 144.487153 0.000000
1692972188365302564 144.461648 0.000000
1692972188365323492 144.721432 0.000000
1692972188381341055 144.586213 0.000000
1692972188437408437 144.572902 0.000000
1692972188582877834 144.732407 0.000000
1692972188655414279 144.879369 0.000000
1692972188743725503 144.750314 0.000000
1692972188872278982 144.489739 0.000000
1692972188888229720 144.571488 0.000000
1692972188944480213 144.690551 0.000000
1692972189017219950 144.795133 0.000000
1692972189033153633 144.537018 0.000000
1692972189163028413 144.574479 0.000000
1692972189178436057 144.670136 0.000000
1692972189306818157 144.695290 0.000000
1692972189452004624 144.567011 0.000000
1692972189596935391 144.644030 0.000000
1692972189612193658 144.637645 0.000000
1692972189612576418 144.430995 0.000000
1692972189612745957 144.470436 0.000000
1692972189757227024 144.634559 0.000000
1692972189814359266 144.694834 0.000000
1692972189814562293 144.738691 0.000000
1692972189829307357 144.555966 0.000000
1692972189829536048 144.421829 0.000000
1692972189886669533 144.664984 0.000000
1692972189974022733 144.547796 0.000000
1692972190119048820 144.758229 0.000000
1692972190177473737 144.546938 0.000000
1692972190263492643 144.511675 0.000000
1692972190322014400 144.538728 0.000000
1692972190480694087 144.651109 0.000000
1692972190683453302 144.671106 0.000000
1692972190697897747 144.617787 0.000000
1692972190900508501 144.590729 0.000000
1692972190915238705 144.661122 0.000000
1692972191046463297 144.595470 0.000000
1692972191060104078 144.514231 0.000000
1692972191118265466 144.610122 0.000000
1692972191349527043 144.622737 0.000000
1692972191566635066 144.448126 0.000000
1692972191566695597 144.476932 0.000000
1692972191855784911 144.434767 0.000000
1692972191928304326 144.549656 0.000000
1692972191928334168 144.530416 0.000000
1692972192073086665 144.479094 0.000000
1692972192434716665 144.665173 0.000000
1692972192857545978 144.830552 0.000000
1692972192942033739 144.569023 0.000000
1692972193014331715 144.555367 0.000000
1692972193158849673 144.673861 0.000000
1692972193231712722 145.009867 0.000000
1692972193231745403 144.667346 0.000000
1692972193292641274 144.588187 0.000000
1692972193365389115 144.747522 0.000000
1692972193437420940 144.673114 0.000000
1692972193437696386 144.563489 0.000000
1692972193593019234 144.642753 0.000000
1692972193810895754 144.660440 0.000000
1692972193872193835 144.599738 0.000000
1692972193955461032 144.462865 0.000000
1692972194162712635 144.750644 0.000000
1692972194390035087 144.518521 0.000000
1692972194452266227 144.435158 0.000000
1692972194534499153 144.644255 0.000000
1692972194534755685 144.781910 0.000000
1692972194596854146 144.869754 0.000000
1692972194607287026 144.822279 0.000000
1692972194741828122 144.495082 0.000000
1692972194814243368 144.490276 0.000000
1692972194886489642 144.560340 0.000000
1692972194896499608 144.520382 0.000000
1692972195041646186 144.566508 0.000000
1692972195186098798 144.536638 0.000000
1692972195330857767 144.520269 0.000000
1692972195538257973 144.755927 0.000000
1692972195538495065 144.867516 0.000000
1692972195611143778 144.935786 0.000000
1692972195621217618 144.779437 0.000000
1692972195683396831 144.877591 0.000000
1692972195683659532 144.683495 0.000000
1692972195765944984 144.678556 0.000000
1692972195828366059 144.661513 0.000000
1692972195901181515 144.723963 0.000000
1692972195911156916 144.647820 0.000000
1692972195973252931 144.751812 0.000000
1692972195983503141 144.590712 0.000000
1692972196272901518 144.703559 0.000000
1692972196273127934 144.522723 0.000000
1692972196552584773 144.811118 0.000000
1692972196779553379 144.556691 0.000000
1692972196780004508 144.563698 0.000000
1692972196842809104 144.641063 0.000000
1692972196915323479 144.925926 0.000000
1692972196924625604 144.448866 0.000000
1692972196997290454 144.518308 0.000000
1692972197277580406 144.678203 0.000000
1692972197286563810 144.607126 0.000000
1692972197286629808 144.533671 0.000000
1692972197350066769 144.691533 0.000000
1692972197422453771 144.523768 0.000000
1692972197494678452 144.715223 0.000000
1692972197503539240 144.562532 0.000000
1692972197720830376 144.681810 0.000000
1692972197785078983 144.835623 0.000000
1692972197793799667 144.914241 0.000000
1692972197857126166 144.781478 0.000000
1692972197865691508 144.611947 0.000000
1692972198074876864 144.729245 0.000000
1692972198083070230 144.460479 0.000000
1692972198219218691 144.696121 0.000000
1692972198291809331 144.748318 0.000000
1692972198509206915 144.629832 0.000000
1692972198581318395 144.770970 0.000000
1692972198581424783 144.596434 0.000000
1692972198798834686 144.757239 0.000000
1692972198879971363 144.619889 0.000000
1692972199169206944 144.360594 0.000000
1692972199233371702 144.758616 0.000000
1692972199378289377 144.815784 0.000000
1692972199458648262 144.723533 0.000000
1692972199459376730 145.175148 0.000000
1692972199668211160 144.898545 0.000000
1692972199675365516 144.462031 0.000000
1692972199740658249 144.539220 0.000000
1692972199748211844 144.653245 0.000000
1692972199957741895 144.663780 0.000000
1692972200038055416 144.448563 0.000000
1692972200038117175 144.460485 0.000000
1692972200102701050 144.720354 0.000000
1692972200110213784 144.655849 0.000000
1692972200393265550 144.991289 0.000000
1692972200399650963 144.559740 0.000000
1692972200466021082 144.794145 0.000000
1692972200472534863 144.432179 0.000000
1692972200537823577 144.691812 0.000000
1692972200617022425 144.473244 0.000000
1692972200682568182 144.722188 0.000000
1692972200688791873 144.484540 0.000000
1692972200689274691 144.505614 0.000000
1692972200834298996 144.950900 0.000000
1692972200972532836 144.580078 0.000000
1692972200979504573 144.864659 0.000000
1692972201052084836 144.894307 0.000000
1692972201334816814 144.842615 0.000000
1692972201407537523 144.706545 0.000000
1692972201413653770 144.528891 0.000000
1692972201625369272 144.993170 0.000000
1692972201630843045 144.666952 0.000000
1692972201696897117 144.763112 0.000000
1692972201914783523 144.372678 0.000000
1692972202131416162 144.754971 0.000000
1692972202137022062 144.536287 0.000000
1692972202203889450 144.685469 0.000000
1692972202208025869 144.564482 0.000000
1692972202208172249 144.429117 0.000000
1692972202276493266 144.529892 0.000000
1692972202276556037 144.613471 0.000000
1692972202281947855 144.566031 0.000000
1692972202349099904 144.663537 0.000000
1692972202349327739 144.526012 0.000000
1692972202352866968 144.814694 0.000000
1692972202354310644 144.497669 0.000000
1692972202421126042 144.718745 0.000000
1692972202426054216 144.405166 0.000000
1692972202426405523 144.443009 0.000000
1692972202714934326 144.577046 0.000000
1692972202787824724 144.589646 0.000000
1692972202860874707 144.508221 0.000000
1692972202931384744 144.513313 0.000000
1692972203150378581 144.654588 0.000000
1692972203218570637 144.495876 0.000000
1692972203290163331 144.651527 0.000000
1692972203293380277 144.457942 0.000000
1692972203437513383 144.489851 0.000000
1692972203439673024 144.634127 0.000000
1692972203507593149 144.597075 0.000000
1692972203579833143 144.589893 0.000000
1692972203582522060 144.469699 0.000000
1692972203584229084 144.541666 0.000000
1692972203653431371 144.492818 0.000000
1692972203725998906 144.836217 0.000000
1692972203796862465 144.621341 0.000000
1692972203801720711 144.441204 0.000000
1692972203946384256 144.652920 0.000000
1692972204016476732 144.580521 0.000000
1692972204087213835 144.673883 0.000000
1692972204091256245 144.694761 0.000000
1692972204231796892 144.791254 0.000000
1692972204233491127 144.388811 0.000000
1692972204235824177 144.542830 0.000000
1692972204303971798 144.644087 0.000000
1692972204304031376 144.632426 0.000000
1692972204308536116 144.497893 0.000000
1692972204377840257 144.779967 0.000000
1692972204380356619 144.518917 0.000000
1692972204522978244 144.575794 0.000000
1692972204670200125 144.647351 0.000000
1692972204738939694 144.695116 0.000000
1692972204742609422 144.506293 0.000000
1692972204814798381 144.571910 0.000000
1692972204959626201 144.587867 0.000000
1692972205030047089 144.795118 0.000000
1692972205248973575 144.709728 0.000000
1692972205319307030 144.955830 0.000000
1692972205464678421 144.413811 0.000000
1692972205608741330 144.569562 0.000000
1692972205755520670 144.614862 0.000000
1692972205755547247 144.709106 0.000000
1692972205898699098 144.737924 0.000000
1692972205973106711 145.058364 0.000000
1692972206116198069 144.853827 0.000000
1692972206190118051 144.535355 0.000000
1692972206479207741 144.587973 0.000000
1692972206480101244 144.695643 0.000000
1692972206552463038 144.567762 0.000000
1692972206695702029 144.711780 0.000000
1692972206695748056 144.802476 0.000000
1692972206697538985 144.663789 0.000000
1692972206912970758 144.702209 0.000000
1692972206986824737 144.715214 0.000000
1692972207058628618 144.876453 0.000000
1692972207059626158 144.740487 0.000000
1692972207060177765 144.710638 0.000000
1692972207131778443 144.530257 0.000000
1692972207203803278 144.657487 0.000000
1692972207275931915 144.673681 0.000000
1692972207420544728 144.861762 0.000000
1692972207492373677 144.609014 0.000000
1692972207565828947 144.815550 0.000000
1692972207566956554 144.490149 0.000000
1692972207638469504 144.690825 0.000000
1692972207710165940 144.699570 0.000000
1692972207711439626 144.607352 0.000000
1692972207927422447 144.721381 0.000000
1692972207929392387 144.673525 0.000000
1692972208218864906 144.433099 0.000000
1692972208290873702 144.489169 0.000000
1692972208436017583 144.548332 0.000000
1692972208580119858 145.007450 0.000000
1692972208653504233 144.715481 0.000000
1692972208797941230 144.871698 0.000000
1692972208943289677 144.773755 0.000000
1692972209015474833 144.678249 0.000000
1692972209015716330 144.503437 0.000000
1692972209086897375 144.694560 0.000000
1692972209160565118 144.659282 0.000000
1692972209304670643 144.549457 0.000000
1692972209376502427 144.685338 0.000000
1692972209884129363 144.750404 0.000000
1692972209956494006 144.547733 0.000000
1692972209957300857 144.729676 0.000000
1692972210028644024 144.751300 0.000000
1692972210028722441 144.571973 0.000000
1692972210392947353 144.934080 0.000000
1692972210463524377 144.681860 0.000000
1692972210610049662 144.668326 0.000000
1692972210680838916 144.879497 0.000000
1692972210825959069 144.738883 0.000000
1692972210971707530 144.510696 0.000000
1692972211043251022 144.592194 0.000000
1692972211116914278 144.733437 0.000000
1692972211334461518 144.769094 0.000000
1692972211334566726 144.505804 0.000000
1692972211477889629 144.703783 0.000000
1692972211696071062 144.522962 0.000000
1692972211696587926 144.477926 0.000000
1692972211841318390 144.751261 0.000000
1692972211913111998 144.554520 0.000000
1692972212057995897 144.868038 0.000000
1692972212058829891 144.718289 0.000000
1692972212131497585 145.072419 0.000000
1692972212203123909 144.487332 0.000000
1692972212275497118 144.645623 0.000000
1692972212420379974 144.575485 0.000000
1692972212493732300 144.792631 0.000000
1692972212493772484 144.801718 0.000000
1692972213000101230 144.881703 0.000000
1692972213073213938 145.175841 0.000000
1692972213073916527 144.659917 0.000000
1692972213146273732 144.829535 0.000000
1692972213362272341 144.735416 0.000000
1692972213362506591 144.605869 0.000000
1692972213363572529 144.516366 0.000000
1692972213507074383 144.771060 0.000000
1692972213653284588 144.626859 0.000000
1692972213724966895 144.791311 0.000000
1692972213726191988 144.602973 0.000000
1692972214014260445 144.735893 0.000000
1692972214015898213 144.518987 0.000000
1692972214160901926 144.812914 0.000000
1692972214231589715 144.613520 0.000000
1692972214232694704 144.547482 0.000000
1692972214448961102 144.883264 0.000000
1692972214523228714 144.741704 0.000000
1692972214666296887 144.625418 0.000000
1692972214740265880 144.717493 0.000000
1692972214811098545 144.671300 0.000000
1692972214883515169 144.665516 0.000000
1692972214957853129 145.006033 0.000000
1692972215028283479 144.712296 0.000000
1692972215103250932 144.405631 0.000000
1692972215175507713 144.592384 0.000000
1692972215320579728 144.734520 0.000000
1692972215390895024 144.601836 0.000000
1692972215609642082 144.499694 0.000000
1692972215972209454 144.693104 0.000000
1692972216044254512 144.472064 0.000000
1692972216116001136 144.489343 0.000000
1692972216187242114 144.741018 0.000000
1692972216189385096 144.641938 0.000000
1692972216261615024 144.606140 0.000000
1692972216477149830 144.496701 0.000000
1692972216622089556 144.917238 0.000000
1692972216622094161 144.866570 0.000000
1692972216696264154 144.563821 0.000000
1692972216696421279 144.636581 0.000000
1692972216913358136 145.191711 0.000000
1692972216913974373 145.178329 0.000000
1692972217059151665 144.599142 0.000000
1692972217203085915 144.480616 0.000000
1692972217275631155 144.766200 0.000000
1692972217276397873 144.675138 0.000000
1692972217348133239 144.787264 0.000000
1692972217348162657 144.656601 0.000000
1692972217348910531 145.125713 0.000000
1692972217420306724 144.660338 0.000000
1692972217710086454 144.825924 0.000000
1692972217854731115 144.577050 0.000000
1692972217927240690 144.677054 0.000000
1692972217928669087 144.586068 0.000000
1692972218000064804 144.705524 0.000000
1692972218000827788 144.990190 0.000000
1692972218072587751 144.641620 0.000000
1692972218217599873 144.523013 0.000000
1692972218290595185 144.598743 0.000000
1692972218361652785 144.709478 0.000000
1692972218363483136 144.614099 0.000000
1692972218434839911 144.769691 0.000000
1692972218507590456 144.908977 0.000000
1692972218508054816 144.987051 0.000000
1692972218508082224 144.690692 0.000000
1692972218578841571 144.718802 0.000000
1692972218724724324 144.633904 0.000000
1692972218870730565 144.719134 0.000000
1692972219014484339 144.638465 0.000000
1692972219086859456 144.727367 0.000000
1692972219232627992 144.557290 0.000000
1692972219303852790 144.712271 0.000000
1692972219304239479 144.699727 0.000000
1692972219449028753 144.702292 0.000000
1692972219449408501 144.680426 0.000000
1692972219449691334 144.579021 0.000000
1692972219593934047 144.834158 0.000000
1692972219594537906 144.622391 0.000000
1692972219666212013 144.757084 0.000000
1692972219739072588 144.519907 0.000000
1692972219811238800 144.889323 0.000000
1692972220027859611 144.637075 0.000000
1692972220390624333 144.645153 0.000000
1692972220392490792 144.948533 0.000000
1692972220463570356 144.593625 0.000000
1692972220607756340 144.791105 0.000000
1692972220753233713 144.618893 0.000000
1692972220753910351 144.468677 0.000000
1692972220825043338 144.733322 0.000000
1692972220826335197 144.520868 0.000000
1692972220971516947 145.193818 0.000000
1692972220971555612 145.253161 0.000000
1692972221114720115 144.775007 0.000000
1692972221115152875 144.530224 0.000000
1692972221259689575 144.545363 0.000000
1692972221260512929 144.440027 0.000000
1692972221477660445 145.048062 0.000000
1692972221478982915 144.784965 0.000000
1692972221479019846 144.797846 0.000000
1692972221550178297 144.708984 0.000000
1692972221550320582 144.821801 0.000000
1692972221622617420 144.890676 0.000000
1692972221623878717 144.667597 0.000000
1692972221767807322 144.960163 0.000000
1692972221841315726 144.574476 0.000000
1692972221985408568 144.668525 0.000000
1692972222057316841 144.603623 0.000000
1692972222057942747 144.541273 0.000000
1692972222274858681 144.899610 0.000000
1692972222421154261 145.513046 0.000000
1692972222421342975 145.351195 0.000000
1692972222421502802 145.352542 0.000000
1692972222565532194 144.834072 0.000000
1692972222637912850 144.595493 0.000000
1692972222638544509 144.663195 0.000000
1692972222710930012 144.557294 0.000000
1692972222782382170 144.450210 0.000000
1692972222854196144 144.746042 0.000000
1692972222854498256 144.560736 0.000000
1692972222855774754 144.609916 0.000000
1692972223071436189 144.779066 0.000000
1692972223073569220 144.627371 0.000000
1692972223144151530 144.834877 0.000000
1692972223146041108 144.781563 0.000000
1692972223216354046 144.893629 0.000000
1692972223217487597 144.672079 0.000000
1692972223290817770 144.683099 0.000000
1692972223361900057 145.109390 0.000000
1692972223362462390 144.960816 0.000000
1692972223434983838 144.658507 0.000000
1692972223506217552 144.772888 0.000000
1692972223506881335 144.653831 0.000000
1692972223579678153 144.719669 0.000000
1692972223579868641 144.532915 0.000000
1692972223580217211 144.621847 0.000000
1692972223723765066 144.711872 0.000000
1692972223725432122 144.872480 0.000000
1692972223942450983 144.585498 0.000000
1692972224013317699 144.760489 0.000000
1692972224232032670 144.704707 0.000000
1692972224232658574 144.733671 0.000000
1692972224447955590 144.694690 0.000000
1692972224594879282 144.686876 0.000000
1692972224740122577 145.020978 0.000000
1692972224884178241 144.682517 0.000000
1692972224885138539 144.999037 0.000000
1692972224957662129 144.575839 0.000000
1692972224957689690 144.536347 0.000000
1692972225100626561 145.160271 0.000000
1692972225102467566 144.792267 0.000000
1692972225245848762 144.544762 0.000000
1692972225318160138 144.953333 0.000000
1692972225318304862 144.682682 0.000000
1692972225318747988 144.504685 0.000000
1692972225535311671 144.619207 0.000000
1692972225536945850 144.627877 0.000000
1692972225537001454 144.515436 0.000000
1692972225607624472 144.471534 0.000000
1692972225898597687 144.615839 0.000000
1692972225970259512 144.502801 0.000000
1692972226043437981 144.837384 0.000000
1692972226260105977 144.551603 0.000000
1692972226333537808 144.965996 0.000000
1692972226333952021 144.670820 0.000000
1692972226406515960 144.843020 0.000000
1692972226550683575 144.414580 0.000000
1692972226551053676 144.550841 0.000000
1692972226551139024 144.473351 0.000000
1692972226694887409 144.739339 0.000000
1692972226695971720 144.469668 0.000000
1692972226767429177 144.848573 0.000000
1692972226768499881 144.579508 0.000000
1692972226912059623 144.614033 0.000000
1692972226985316853 145.089454 0.000000
1692972226985346131 144.546501 0.000000
1692972226985766925 144.616930 0.000000
1692972227057616819 144.713630 0.000000
1692972227130520962 144.492199 0.000000
1692972227202980517 144.854686 0.000000
1692972227203224765 144.626130 0.000000
1692972227348179323 144.944910 0.000000
1692972227420569101 144.868893 0.000000
1692972227565267433 144.592866 0.000000
1692972227927866915 144.865025 0.000000
1692972227998914007 144.591675 0.000000
1692972228144156567 144.684057 0.000000
1692972228433749809 144.483355 0.000000
1692972228578965292 144.757057 0.000000
1692972228579428985 144.966283 0.000000
1692972228723392692 144.755026 0.000000
1692972228723750790 144.770373 0.000000
1692972228724026952 144.582205 0.000000
1692972228796703601 144.796243 0.000000
1692972228796731425 144.688954 0.000000
1692972228797397599 144.827019 0.000000
1692972228869264120 144.655696 0.000000
1692972228941679526 144.773174 0.000000
1692972229158182402 144.632803 0.000000
1692972229231103397 144.666890 0.000000
1692972229592857970 144.657253 0.000000
1692972229593441562 144.547357 0.000000
1692972229594863092 144.624406 0.000000
1692972229811728514 144.555356 0.000000
1692972229812047465 144.728633 0.000000
1692972230101695741 144.523140 0.000000
1692972230246419877 144.568234 0.000000
1692972230462946117 144.942409 0.000000
1692972230463022791 145.052350 0.000000
1692972230535846023 144.883808 0.000000
1692972230608893116 144.663145 0.000000
1692972230753425111 144.508892 0.000000
1692972230897912608 144.866071 0.000000
1692972231043879492 144.809864 0.000000
1692972231043929990 144.746563 0.000000
1692972231187770389 144.749258 0.000000
1692972231333476321 145.060607 0.000000
1692972231404866842 144.714617 0.000000
1692972231478139474 144.535496 0.000000
1692972231767722376 144.837333 0.000000
1692972231985327171 144.701622 0.000000
1692972232058627596 144.643190 0.000000
1692972232058694121 144.602435 0.000000
1692972232130407877 144.684150 0.000000
1692972232202463564 144.654430 0.000000
1692972232274668883 144.787625 0.000000
1692972232347777022 144.572696 0.000000
1692972232348553537 145.175607 0.000000
1692972232492710676 144.795994 0.000000
1692972232566052132 144.818692 0.000000
1692972232710034400 144.714681 0.000000
1692972233000451508 144.527495 0.000000
1692972233000567988 144.615610 0.000000
1692972233000609680 144.480827 0.000000
1692972233217383512 144.764425 0.000000
1692972233290286027 144.538033 0.000000
1692972233362671609 144.414440 0.000000
1692972233435023754 144.764775 0.000000
1692972233506803508 144.766283 0.000000
1692972233507522279 144.666486 0.000000
1692972233507961480 144.550587 0.000000
1692972233579794758 144.678710 0.000000
1692972233652560861 145.031155 0.000000
1692972233652834417 145.043547 0.000000
1692972233725514784 144.783664 0.000000
1692972234086356421 144.630470 0.000000
1692972234086499508 144.595773 0.000000
1692972234159925017 144.709479 0.000000
1692972234159963256 144.677685 0.000000
1692972234232153539 144.680878 0.000000
1692972234594938654 144.500699 0.000000
1692972234666530561 144.576241 0.000000
1692972234812256428 144.639371 0.000000
1692972234883668201 144.670399 0.000000
1692972234957153384 144.678949 0.000000
1692972235029053285 144.783386 0.000000
1692972235029552666 144.557847 0.000000
1692972235246445054 144.692819 0.000000
1692972235392150372 144.680901 0.000000
1692972235462742723 144.642387 0.000000
1692972235464167315 144.635421 0.000000
1692972235535220162 144.601301 0.000000
1692972235608348901 144.625141 0.000000
1692972235752543697 144.727374 0.000000
1692972235897759056 144.779606 0.000000
1692972235971562954 144.736405 0.000000
1692972236042540255 144.545075 0.000000
1692972236114853913 144.692341 0.000000
1692972236188283259 144.645101 0.000000
1692972236188785085 144.702149 0.000000
1692972236405773162 144.539611 0.000000
1692972236406093592 144.668346 0.000000
1692972236477153605 144.729548 0.000000
1692972236694595116 144.941035 0.000000
1692972236694671478 144.828901 0.000000
1692972236912515570 145.027395 0.000000
1692972236985353863 145.077867 0.000000
1692972236985425875 144.779229 0.000000
1692972236985547603 144.539241 0.000000
1692972237058685557 144.735557 0.000000
1692972237419848738 144.448788 0.000000
1692972237636133406 144.672718 0.000000
1692972237781655354 145.021188 0.000000
1692972237854578282 144.566561 0.000000
1692972237855654725 144.583085 0.000000
1692972237999229235 144.724734 0.000000
1692972237999361337 144.797829 0.000000
1692972238143945363 144.781179 0.000000
1692972238144057488 144.852515 0.000000
1692972238144313514 144.486674 0.000000
1692972238144521482 144.705823 0.000000
1692972238289540830 144.506786 0.000000
1692972238290148608 144.522888 0.000000
1692972238361196376 144.801315 0.000000
1692972238361281278 144.623291 0.000000
1692972238361701745 144.621393 0.000000
1692972238362316274 144.630338 0.000000
1692972238362701935 144.637580 0.000000
1692972238506423005 144.835084 0.000000
1692972238506452087 144.741577 0.000000
1692972238723823059 144.776579 0.000000
1692972238724305942 145.019814 0.000000
1692972238795873909 144.781990 0.000000
1692972238869979435 144.620335 0.000000
1692972238941976168 144.559879 0.000000
1692972239158445858 144.768183 0.000000
1692972239158905988 144.559643 0.000000
1692972239231516447 144.582665 0.000000
1692972239376365437 144.900209 0.000000
1692972239376450474 144.926705 0.000000
1692972239377267539 144.555217 0.000000
1692972239449164485 144.740237 0.000000
1692972239449626654 144.889224 0.000000
1692972239520497018 144.705902 0.000000
1692972239521034182 144.568779 0.000000
1692972239666196110 144.494451 0.000000
1692972239737655358 144.604204 0.000000
1692972239811742946 144.906448 0.000000
1692972239882557897 144.796126 0.000000
1692972239883138702 144.789025 0.000000
1692972239883409842 144.659950 0.000000
1692972239956549192 144.848839 0.000000
1692972240027339951 144.764884 0.000000
1692972240027340392 144.682773 0.000000
1692972240028627354 144.741359 0.000000
1692972240028742471 144.688276 0.000000
1692972240099975478 144.497967 0.000000
1692972240172129270 144.774751 0.000000
1692972240173171653 144.500999 0.000000
1692972240390195016 144.491862 0.000000
1692972240462418626 145.047214 0.000000
1692972240534914819 144.702492 0.000000
1692972240535598859 145.068688 0.000000
1692972240680387441 144.782142 0.000000
1692972240752495266 144.711227 0.000000
1692972241043507367 144.942760 0.000000
1692972241115615000 144.599907 0.000000
1692972241404578149 144.487315 0.000000
1692972241476850075 144.441599 0.000000
1692972241550340213 144.655561 0.000000
1692972241550537381 144.768629 0.000000
1692972241623000331 144.472812 0.000000
1692972241623507350 145.063014 0.000000
1692972241695515737 144.470800 0.000000
1692972241767522527 144.810295 0.000000
1692972241767572844 144.758811 0.000000
1692972241768475106 144.590129 0.000000
1692972241839856186 144.961577 0.000000
1692972241912560221 144.838539 0.000000
1692972241984426044 144.672686 0.000000
1692972242202386054 144.673922 0.000000
1692972242637100566 144.802943 0.000000
1692972242709687944 144.548797 0.000000
1692972242783199686 145.182484 0.000000
1692972242854494794 144.800756 0.000000
1692972242854614212 144.749823 0.000000
1692972242927030503 144.526269 0.000000
1692972243144752418 144.444648 0.000000
1692972243288933041 144.570314 0.000000
1692972243289899417 144.604048 0.000000
1692972243434714030 144.630885 0.000000
1692972243506586806 144.724146 0.000000
1692972243506916928 144.789909 0.000000
1692972243579366635 144.900681 0.000000
1692972243652180284 144.560672 0.000000
1692972243870515513 145.273745 0.000000
1692972243942721343 144.677474 0.000000
1692972243943029119 145.002715 0.000000
1692972244014251072 144.537302 0.000000
1692972244159468634 144.601020 0.000000
1692972244160165093 144.664567 0.000000
1692972244231187431 144.567721 0.000000
1692972244232702754 144.676870 0.000000
1692972244449307573 144.518036 0.000000
1692972244593969996 144.893169 0.000000
1692972244594561806 144.528025 0.000000
1692972244738420427 144.913719 0.000000
1692972244811155388 144.517164 0.000000
1692972245462885963 144.488171 0.000000
1692972245536370449 144.488527 0.000000
1692972245613313128 144.580001 0.000000
1692972245756871508 148.849958 0.000000
1692972245758314964 144.881889 0.000000
1692972245902167931 145.162732 0.000000
1692972245902566999 144.638729 0.000000
1692972246119592591 144.796469 0.000000
1692972246120098307 144.885090 0.000000
1692972246554114815 144.607054 0.000000
1692972246554114784 144.768705 0.000000
1692972246554853948 144.577320 0.000000
1692972246555709862 144.595453 0.000000
1692972246699897988 144.567582 0.000000
1692972246916920713 144.707804 0.000000
1692972246988519258 144.665770 0.000000
1692972247061970029 144.651808 0.000000
1692972247207352810 144.829275 0.000000
1692972247278938110 144.681445 0.000000
1692972247279300342 144.649280 0.000000
1692972247351553143 144.663078 0.000000
1692972247423347864 144.847978 0.000000
1692972247424048904 144.828447 0.000000
1692972247495814632 144.701833 0.000000
1692972247496882695 144.635023 0.000000
1692972247640609256 144.673542 0.000000
1692972247642058059 144.505191 0.000000
1692972247785470825 144.656403 0.000000
1692972247857809291 144.699111 0.000000
1692972247857907469 144.555683 0.000000
1692972247859796420 144.792639 0.000000
1692972247931532063 144.656773 0.000000
1692972247931658627 144.675131 0.000000
1692972248003829849 144.674720 0.000000
1692972248076781754 144.865708 0.000000
1692972248076859254 144.921678 0.000000
1692972248438720322 144.617145 0.000000
1692972248584383714 144.732011 0.000000
1692972248802041836 144.597379 0.000000
1692972248803236728 145.286015 0.000000
1692972248872891664 144.825303 0.000000
1692972248946113336 144.666083 0.000000
1692972249091654813 144.626390 0.000000
1692972249092326089 144.532546 0.000000
1692972249163174317 144.577175 0.000000
1692972249237512916 144.454054 0.000000
1692972249237759063 144.538380 0.000000
1692972249380942006 144.504806 0.000000
1692972249524983906 144.748889 0.000000
1692972249526832383 144.498281 0.000000
1692972249671219686 144.647954 0.000000
1692972249671291373 144.592154 0.000000
1692972249744396318 144.637961 0.000000
1692972249814996080 144.600169 0.000000
1692972249815951671 144.691461 0.000000
1692972249815956062 144.657852 0.000000
1692972249888427454 144.618716 0.000000
1692972249959493524 144.703699 0.000000
1692972249960541465 144.650911 0.000000
1692972250105191879 144.632081 0.000000
1692972250396432745 144.654929 0.000000
1692972250396464259 144.586575 0.000000
1692972250468222296 144.403513 0.000000
1692972250541099080 144.531988 0.000000
1692972250756605214 144.641828 0.000000
1692972250757807860 144.788153 0.000000
1692972250757982566 144.813567 0.000000
1692972250902231350 144.584405 0.000000
1692972250973972304 144.555948 0.000000
1692972251120681070 144.619335 0.000000
1692972251336978155 144.487367 0.000000
1692972251408375704 144.641005 0.000000
1692972251698955816 144.472077 0.000000
1692972251699121571 144.595394 0.000000
1692972251770572664 144.640037 0.000000
1692972251843208106 144.533971 0.000000
1692972251843938700 144.584117 0.000000
1692972251915722818 144.748249 0.000000
1692972251989279000 144.607792 0.000000
1692972252061160163 144.815544 0.000000
1692972252205441099 144.825231 0.000000
1692972252278177595 144.981763 0.000000
1692972252280217571 144.527734 0.000000
1692972252496810787 145.007560 0.000000
1692972252567714392 144.797953 0.000000
1692972252568337806 144.562726 0.000000
1692972252569571915 144.651607 0.000000
1692972252714706224 144.727389 0.000000
1692972252859465663 144.600834 0.000000
1692972252930991955 144.573690 0.000000
1692972253002239841 144.716548 0.000000
1692972253075546045 144.452945 0.000000
1692972253148099880 144.644580 0.000000
1692972253221784605 144.614580 0.000000
1692972253366385637 144.583557 0.000000
1692972253437763454 144.749884 0.000000
1692972253509799701 144.758614 0.000000
1692972253655799000 144.751819 0.000000
1692972253799976258 144.480177 0.000000
1692972253800709993 144.699282 0.000000
1692972253872571309 144.418945 0.000000
1692972253872843311 144.631650 0.000000
1692972253945204659 144.486607 0.000000
1692972254017855009 144.597680 0.000000
1692972254089431687 144.701325 0.000000
1692972254089813880 144.814518 0.000000
1692972254090583038 144.522214 0.000000
1692972254163193805 144.822320 0.000000
1692972254380405212 144.518855 0.000000
1692972254381167935 144.811826 0.000000
1692972254381202180 144.865917 0.000000
1692972254526084916 144.634955 0.000000
1692972254669071665 144.683934 0.000000
1692972254669453016 144.480405 0.000000
1692972254814038281 144.672913 0.000000
1692972254814501738 144.494072 0.000000
1692972254814529468 144.444092 0.000000
1692972254814643568 144.555034 0.000000
1692972254886528658 144.873746 0.000000
1692972254959248378 144.729480 0.000000
1692972255105120473 144.632107 0.000000
1692972255177126924 144.883601 0.000000
1692972255177482370 144.605745 0.000000
1692972255248866575 144.517656 0.000000
1692972255249793850 144.421603 0.000000
1692972255467006076 144.621564 0.000000
1692972255684824808 144.500977 0.000000
1692972255755736800 144.683221 0.000000
1692972255828842161 144.540198 0.000000
1692972255828847423 144.946984 0.000000
1692972255974930864 144.772668 0.000000
1692972256190316388 144.664030 0.000000
1692972256190830869 144.678684 0.000000
1692972256335589804 144.675120 0.000000
1692972256481115686 144.596186 0.000000
1692972256482849181 144.798487 0.000000
1692972256552956848 144.755527 0.000000
1692972256553895444 144.525947 0.000000
1692972256699507562 144.514822 0.000000
1692972256842941973 144.676715 0.000000
1692972256842971898 144.546431 0.000000
1692972256844040712 144.514212 0.000000
1692972256844135137 144.501732 0.000000
1692972257061725965 144.621364 0.000000
1692972257206038877 144.550599 0.000000
1692972257206067117 144.596059 0.000000
1692972257206601620 144.763363 0.000000
1692972257277278138 144.637280 0.000000
1692972257278670234 144.490003 0.000000
1692972257350259268 144.405071 0.000000
1692972257494735780 144.458646 0.000000
1692972257568897258 144.950078 0.000000
1692972257639585544 144.576309 0.000000
1692972257784496124 144.904000 0.000000
1692972257786084126 144.637997 0.000000
1692972257856758353 144.810899 0.000000
1692972257856811141 144.825177 0.000000
1692972258075473428 144.492413 0.000000
1692972258218867051 144.660137 0.000000
1692972258219495557 144.586391 0.000000
1692972258365273712 144.799836 0.000000
1692972258509426920 144.724060 0.000000
1692972258581386700 144.656363 0.000000
1692972258582427790 144.817498 0.000000
1692972258726520619 144.828373 0.000000
1692972258727893570 144.955449 0.000000
1692972258799400648 144.792019 0.000000
1692972258872139584 144.920431 0.000000
1692972259017272885 145.124607 0.000000
1692972259088924188 144.544197 0.000000
1692972259161246941 144.688556 0.000000
1692972259233599178 144.595129 0.000000
1692972259233686235 144.510272 0.000000
1692972259380235812 144.751532 0.000000
1692972259523638143 144.757938 0.000000
1692972259596956260 144.554775 0.000000
1692972259669178484 144.837021 0.000000
1692972259669247785 144.543945 0.000000
1692972259741675467 144.550736 0.000000
1692972259742133723 144.474053 0.000000
1692972259813388037 144.792778 0.000000
1692972260030645698 144.697988 0.000000
1692972260175377032 144.706566 0.000000
1692972260247948357 144.633511 0.000000
1692972260250270906 144.666007 0.000000
1692972260320978048 144.496283 0.000000
1692972260321157705 144.640884 0.000000
1692972260539902020 144.661452 0.000000
1692972260612386699 144.729379 0.000000
1692972260757271745 144.689185 0.000000
1692972260828052252 144.683738 0.000000
1692972260828250999 144.502472 0.000000
1692972260973040568 144.765403 0.000000
1692972260974294853 145.015735 0.000000
1692972261119302624 144.945080 0.000000
1692972261191468040 144.596829 0.000000
1692972261336843539 144.556100 0.000000
1692972261409758973 144.875501 0.000000
1692972261480616784 144.866532 0.000000
1692972261552934433 144.859631 0.000000
1692972261554339079 144.531899 0.000000
1692972261771018311 144.473519 0.000000
1692972261771895224 144.726843 0.000000
1692972261772104511 144.812356 0.000000
1692972261987720291 144.695273 0.000000
1692972262132680138 144.636926 0.000000
1692972262133204722 144.580089 0.000000
1692972262205727217 144.809828 0.000000
1692972262350706839 144.818753 0.000000
1692972262350844735 144.975482 0.000000
1692972262422944066 144.941934 0.000000
1692972262423084783 144.798290 0.000000
1692972262495558760 144.706773 0.000000
1692972262857180215 144.720225 0.000000
1692972262930971935 144.642655 0.000000
1692972263002604141 144.538277 0.000000
1692972263003838610 144.574477 0.000000
1692972263074845672 145.003598 0.000000
1692972263147372668 144.508721 0.000000
1692972263148474923 144.506722 0.000000
1692972263219945437 144.902085 0.000000
1692972263436947930 144.812274 0.000000
1692972263437303908 144.595428 0.000000
1692972263509540733 145.113001 0.000000
1692972263510349327 145.439525 0.000000
1692972263653846988 144.597643 0.000000
1692972263726463866 144.651358 0.000000
1692972263799824679 144.546913 0.000000
1692972263872450007 144.534421 0.000000
1692972263945250141 144.682431 0.000000
1692972264234652837 145.201921 0.000000
1692972264378692782 144.536675 0.000000
1692972264379442093 144.640206 0.000000
1692972264668127315 144.609379 0.000000
1692972264668973527 144.628569 0.000000
1692972264886771117 144.442541 0.000000
1692972264957480839 144.590507 0.000000
1692972265249141321 144.524369 0.000000
1692972265464853320 144.661979 0.000000
1692972265466065477 144.580805 0.000000
1692972265537482370 144.615795 0.000000
1692972265682909172 144.639134 0.000000
1692972265754840632 144.878094 0.000000
1692972265755636250 144.680854 0.000000
1692972265826510375 144.590418 0.000000
1692972265827396460 144.674678 0.000000
1692972265899685134 144.828758 0.000000
1692972265900746556 144.547561 0.000000
1692972266045579335 144.762330 0.000000
1692972266115969897 144.514144 0.000000
1692972266479793494 144.586266 0.000000
1692972266550638401 144.776247 0.000000
1692972266768984134 144.663866 0.000000
1692972266769043797 144.632363 0.000000
1692972266841533659 144.593664 0.000000
1692972266913152509 144.649920 0.000000
1692972266914567719 144.612748 0.000000
1692972267059197842 144.790881 0.000000
1692972267202720465 144.679903 0.000000
1692972267203290474 144.502942 0.000000
1692972267204172916 144.520873 0.000000
1692972267276920128 144.927217 0.000000
1692972267277127911 145.091449 0.000000
1692972267347618745 144.608346 0.000000
1692972267348988814 144.837028 0.000000
1692972267421511169 144.883010 0.000000
1692972267421992934 144.879617 0.000000
1692972267493209243 145.125718 0.000000
1692972267565473910 144.817467 0.000000
1692972267637850215 144.618866 0.000000
1692972267709692711 144.774753 0.000000
1692972267711663231 144.642621 0.000000
1692972267782570332 144.676625 0.000000
1692972267784060039 144.639780 0.000000
1692972267856475581 144.687525 0.000000
1692972267928296180 144.497218 0.000000
1692972268072106636 144.689304 0.000000
1692972268145510394 144.753738 0.000000
1692972268217647944 144.654011 0.000000
1692972268217883336 144.615085 0.000000
1692972268289691416 144.986690 0.000000
1692972268362482870 144.647030 0.000000
1692972268434352704 144.636996 0.000000
1692972268435798394 144.745653 0.000000
1692972268580655482 144.845912 0.000000
1692972268652329839 144.601043 0.000000
1692972268724583279 144.573022 0.000000
1692972268942230189 144.541323 0.000000
1692972269304253925 144.538456 0.000000
1692972269377229697 144.568780 0.000000
1692972269450951775 144.614332 0.000000
1692972269521640166 144.454792 0.000000
1692972269594484340 144.502338 0.000000
1692972269956407680 144.462374 0.000000
1692972269956582620 144.624948 0.000000
1692972269956750151 144.695100 0.000000
1692972270029021611 144.571467 0.000000
1692972270029465242 144.537122 0.000000
1692972270100258255 144.642219 0.000000
1692972270101415545 144.638347 0.000000
1692972270174321364 144.833976 0.000000
1692972270318759254 144.904669 0.000000
1692972270391594229 144.869383 0.000000
1692972270536269947 144.598127 0.000000
1692972270536932041 144.610046 0.000000
1692972270608971982 144.534130 0.000000
1692972270609665194 144.848560 0.000000
1692972270970344300 144.624996 0.000000
1692972270971196676 144.483432 0.000000
1692972270971408945 144.513055 0.000000
1692972271043394800 144.632928 0.000000
1692972271115527777 144.569489 0.000000
1692972271116228270 144.607823 0.000000
1692972271116277585 144.573123 0.000000
1692972271549634125 144.554018 0.000000
1692972271697066253 144.511950 0.000000
1692972271767385424 144.618709 0.000000
1692972271912925504 144.482306 0.000000
1692972272058756124 144.626272 0.000000
1692972272202672928 144.773184 0.000000
1692972272347093140 144.736912 0.000000
1692972272347247684 144.564678 0.000000
1692972272637238625 144.699931 0.000000
1692972272710922451 144.586959 0.000000
1692972272783005852 144.877504 0.000000
1692972273001332381 144.823634 0.000000
1692972273072834308 144.642250 0.000000
1692972273145770857 144.445051 0.000000
1692972273217681962 144.797662 0.000000
1692972273362325495 144.626162 0.000000
1692972273434751376 144.877271 0.000000
1692972273434905564 144.977614 0.000000
1692972273580021115 145.107211 0.000000
1692972273581743082 145.018486 0.000000
1692972273724886579 144.939927 0.000000
1692972273798253183 144.576535 0.000000
1692972273799279021 144.812048 0.000000
1692972273943240589 144.980654 0.000000
1692972274014604090 144.688880 0.000000
1692972274232728189 144.824552 0.000000
1692972274232750220 144.772726 0.000000
1692972274233940542 144.491233 0.000000
1692972274377041878 144.591846 0.000000
1692972274450689142 144.974576 0.000000
1692972274450767249 144.718876 0.000000
1692972274522107787 144.965149 0.000000
1692972274522140731 144.990433 0.000000
1692972274522313736 144.798276 0.000000
1692972274594766382 144.818410 0.000000
1692972274740047061 144.467673 0.000000
1692972274884965105 145.250237 0.000000
1692972274957867819 144.825965 0.000000
1692972274958481946 144.643130 0.000000
1692972274958530529 144.734032 0.000000
1692972275247088325 144.619950 0.000000
1692972275248005291 144.602539 0.000000
1692972275392850445 144.780518 0.000000
1692972275537805569 144.472207 0.000000
1692972275827230644 144.664363 0.000000
1692972275828095149 144.726102 0.000000
1692972275900008106 144.811856 0.000000
1692972275900036858 144.720889 0.000000
1692972276044204176 144.458470 0.000000
1692972276116749893 144.566551 0.000000
1692972276261076430 144.547225 0.000000
1692972276334816233 144.677618 0.000000
1692972276479595742 145.023296 0.000000
1692972276696616757 144.729009 0.000000
1692972276769918110 144.873061 0.000000
1692972277058476678 144.877859 0.000000
1692972277203420282 144.908879 0.000000
1692972277277789777 144.658667 0.000000
1692972277348743208 145.110617 0.000000
1692972277494188769 144.491155 0.000000
1692972277566097891 144.821460 0.000000
1692972277640230541 144.869477 0.000000
1692972277856886765 144.744967 0.000000
1692972277929855980 144.808936 0.000000
1692972277930532698 144.666124 0.000000
1692972278292924765 145.146921 0.000000
1692972278436836945 145.064759 0.000000
1692972278437982899 144.702437 0.000000
1692972278509196428 144.723566 0.000000
1692972278510235884 144.606199 0.000000
1692972278581282034 144.719848 0.000000
1692972278654773543 144.769974 0.000000
1692972278655171173 145.132056 0.000000
1692972278655373483 145.159805 0.000000
1692972278727963461 144.742199 0.000000
1692972278799739623 144.803998 0.000000
1692972278871832707 144.614593 0.000000
1692972278873218964 144.461282 0.000000
1692972279016610816 144.521722 0.000000
1692972279088610310 144.784042 0.000000
1692972279307687978 144.542604 0.000000
1692972279307726151 144.567477 0.000000
1692972279451490381 144.864462 0.000000
1692972279523765502 144.716773 0.000000
1692972279524283751 144.589508 0.000000
1692972279595728107 144.696432 0.000000
1692972279669576018 144.814727 0.000000
1692972279813558375 144.457697 0.000000
1692972279815145779 144.644727 0.000000
1692972279887582837 144.641344 0.000000
1692972279958900033 144.678830 0.000000
1692972279959363839 144.480194 0.000000
1692972280031155841 144.490094 0.000000
1692972280031413643 144.666305 0.000000
1692972280104214468 145.003400 0.000000
1692972280104517051 144.527002 0.000000
1692972280248040825 144.730519 0.000000
1692972280321515539 144.844259 0.000000
1692972280394182144 144.922681 0.000000
1692972280537597561 144.724987 0.000000
1692972280683233565 144.629660 0.000000
1692972280684607548 145.077892 0.000000
1692972280755387688 144.748465 0.000000
1692972280828676685 144.512587 0.000000
1692972281045916138 144.981041 0.000000
1692972281118703067 144.784619 0.000000
1692972281190073523 144.581933 0.000000
1692972281263292802 144.577537 0.000000
1692972281263951219 144.583530 0.000000
1692972281335130410 144.667682 0.000000
1692972281408779387 144.590873 0.000000
1692972281480890315 144.867215 0.000000
1692972281625892704 144.568415 0.000000
1692972281699080114 144.762281 0.000000
1692972281770006513 144.792331 0.000000
1692972281915574984 144.592487 0.000000
1692972281916498275 145.198686 0.000000
1692972281988386995 144.667300 0.000000
1692972282060992753 144.503709 0.000000
1692972282134029020 144.557179 0.000000
1692972282134543957 144.952221 0.000000
1692972282205842797 144.433847 0.000000
1692972282279288977 144.684810 0.000000
1692972282350723431 144.536254 0.000000
1692972282567146948 144.659682 0.000000
1692972282711988156 144.852633 0.000000
1692972282784390957 144.808632 0.000000
1692972283003838923 144.901474 0.000000
1692972283003868993 144.849580 0.000000
1692972283074233300 144.735737 0.000000
1692972283148530407 144.670560 0.000000
1692972283291697337 144.916335 0.000000
1692972283364378178 144.825891 0.000000
1692972283366126045 144.905226 0.000000
1692972283509752889 145.303972 0.000000
1692972283511445814 144.845574 0.000000
1692972283727713619 144.578639 0.000000
1692972283799440149 144.675105 0.000000
1692972283799958634 144.892300 0.000000
1692972284017665907 144.801910 0.000000
1692972284017931938 144.567156 0.000000
1692972284090743087 144.595950 0.000000
1692972284162491125 144.661589 0.000000
1692972284234151363 144.675917 0.000000
1692972284307116835 144.831563 0.000000
1692972284307352813 144.837221 0.000000
1692972284452348958 144.546735 0.000000
1692972284453587261 144.817687 0.000000
1692972284669100493 144.848186 0.000000
1692972284669382899 144.878149 0.000000
1692972284743209286 144.570842 0.000000
1692972284743389685 144.650643 0.000000
1692972284888277509 144.577936 0.000000
1692972285033040151 144.488355 0.000000
1692972285177919023 144.834087 0.000000
1692972285178033537 144.801669 0.000000
1692972285393634592 144.553636 0.000000
1692972285394770487 144.427279 0.000000
1692972285395401869 144.605612 0.000000
1692972285396054515 144.767346 0.000000
1692972285540611613 144.542152 0.000000
1692972285540871942 144.581707 0.000000
1692972285612376896 144.447444 0.000000
1692972285755871539 144.660682 0.000000
1692972285902763194 144.521069 0.000000
1692972285974127729 144.562147 0.000000
1692972285974189648 144.497932 0.000000
1692972286192829321 145.103637 0.000000
1692972286336555768 144.683391 0.000000
1692972286843318454 144.490457 0.000000
1692972286916064029 144.497584 0.000000
1692972286988614434 144.617973 0.000000
1692972287061748525 144.840647 0.000000
1692972287061812518 144.658209 0.000000
1692972287351502561 144.519567 0.000000
1692972287641752001 145.262198 0.000000
1692972287712725070 144.567936 0.000000
1692972287714382688 144.772572 0.000000
1692972287714516784 144.858737 0.000000
1692972287858475629 144.576771 0.000000
1692972288076741820 144.515453 0.000000
1692972288149323978 144.585294 0.000000
1692972288220340106 144.646281 0.000000
1692972288220507239 144.710566 0.000000
1692972288294240968 144.746577 0.000000
1692972288509830708 144.632454 0.000000
1692972288654422999 144.565970 0.000000
1692972288656822426 145.083292 0.000000
1692972288728924487 144.939919 0.000000
1692972288801431028 144.603025 0.000000
1692972288872640536 144.438452 0.000000
1692972288945369805 144.610037 0.000000
1692972289016980816 144.582067 0.000000
1692972289090434994 144.784842 0.000000
1692972289235783049 144.546553 0.000000
1692972289379081542 144.746448 0.000000
1692972289379921459 144.571005 0.000000
1692972289451534759 144.659405 0.000000
1692972289597186049 144.770327 0.000000
1692972289741895746 144.526561 0.000000
1692972289887230245 144.733693 0.000000
1692972289887768450 144.407795 0.000000
1692972289960260848 144.554591 0.000000
1692972290030826759 144.625441 0.000000
1692972290030941746 144.643393 0.000000
1692972290031902920 145.026919 0.000000
1692972290103876968 144.900019 0.000000
1692972290176820464 144.872609 0.000000
1692972290250031521 144.671822 0.000000
1692972290321648890 144.447065 0.000000
1692972290465997852 144.794046 0.000000
1692972290611122106 144.612850 0.000000
1692972290611823110 144.597360 0.000000
1692972290829451363 144.718746 0.000000
1692972290974842868 144.797955 0.000000
1692972291335739864 144.945823 0.000000
1692972291336493701 144.638824 0.000000
1692972291553671811 144.469445 0.000000
1692972291553880045 144.423534 0.000000
1692972291625783167 144.622992 0.000000
1692972291698471239 144.555240 0.000000
1692972291698886409 144.559836 0.000000
1692972291770230656 144.671901 0.000000
1692972291915883712 144.840723 0.000000
1692972291916193172 144.766190 0.000000
1692972291987502529 144.686004 0.000000
1692972291987673602 144.709594 0.000000
1692972291988152775 144.747552 0.000000
1692972291988436826 144.613300 0.000000
1692972292133537341 144.637494 0.000000
1692972292134272895 145.354425 0.000000
1692972292277996141 144.822741 0.000000
1692972292423330920 145.208281 0.000000
1692972292424090115 145.454628 0.000000
1692972292496553639 144.995342 0.000000
1692972292569245789 144.761523 0.000000
1692972292640830109 144.619387 0.000000
1692972292714296855 144.552327 0.000000
1692972292785638541 144.890007 0.000000
1692972292786358650 144.611600 0.000000
1692972292857918959 144.832458 0.000000
1692972293147805969 144.760534 0.000000
1692972293148309524 144.659808 0.000000
1692972293149322256 144.612661 0.000000
1692972293220873918 144.558654 0.000000
1692972293293459829 144.703628 0.000000
1692972293438751918 144.740713 0.000000
1692972293510950004 144.850198 0.000000
