1692972145226178230 94.824389 165.574037 165 16 0.000000
1692972146199014562 93.203919 169.607152 165 16 0.000000
1692972147225882526 95.352603 173.342662 178 16 0.000000
1692972148198332708 94.208633 171.731160 167 16 0.000000
1692972149204892902 94.827149 162.931117 164 16 0.000000
1692972150231392524 92.756956 177.301561 182 16 0.000000
1692972151238060123 95.933053 162.913795 164 16 0.000000
1692972152210691564 92.691871 169.642853 165 16 0.000000
1692972153236634235 94.743612 176.423140 181 16 0.000000
1692972154244640065 93.124846 166.665677 168 16 0.000000
1692972155217147613 90.446083 175.834112 171 16 0.000000
1692972156241444538 92.718928 178.659159 183 16 0.000000
1692972157250601719 90.974756 170.439232 172 16 0.000000
1692972158223392775 92.660998 171.670986 167 16 0.000000
1692972159247584550 92.257559 179.653882 184 16 0.000000
1692972160219971117 90.982559 175.855987 171 16 0.000000
1692972161229334595 91.493436 169.413695 171 16 0.000000
1692972162253086492 92.252599 178.754249 183 16 0.000000
1692972163225285589 92.061794 172.804112 168 16 0.000000
1692972164233940474 94.266286 164.575453 166 16 0.000000
1692972165258300019 94.890972 172.791063 177 16 0.000000
1692972166267274785 93.598807 167.496732 169 16 0.000000
1692972167239428413 92.594779 171.783565 167 16 0.000000
1692972168262856988 93.221213 177.833598 182 16 0.000000
1692972169272546129 91.513048 167.378244 169 16 0.000000
1692972170245053104 94.844133 168.636323 164 16 0.000000
1692972171267240571 94.226470 177.071256 181 16 0.000000
1692972172278387879 93.663767 165.158928 167 16 0.000000
1692972173250716714 92.610467 171.752570 167 16 0.000000
1692972174272365677 92.777525 178.143408 182 16 0.000000
1692972175284091587 93.763897 164.076048 166 16 0.000000
1692972176255993916 94.856479 168.741221 164 16 0.000000
1692972177278090735 94.829746 174.151826 178 16 0.000000
1692972178288781249 93.107525 167.212388 169 16 0.000000
1692972179261511633 93.705530 171.681691 167 16 0.000000
1692972180283942673 93.278202 177.029084 181 16 0.000000
1692972181256385916 94.934694 167.619029 163 16 0.000000
1692972182267313208 92.062604 167.173231 169 16 0.000000
1692972183289955635 91.713844 180.903923 185 16 0.000000
1692972184262909010 92.120705 173.697945 169 16 0.000000
1692972185274654656 94.264718 164.072833 166 16 0.000000
1692972186296507641 92.811208 176.150611 180 16 0.000000
1692972187269003018 94.171363 172.751465 168 16 0.000000
1692972188280260591 93.667098 165.140888 167 16 0.000000
1692972189301645749 91.775300 178.189419 182 16 0.000000
1692972190274936790 93.707439 172.610231 168 16 0.000000
1692972191285802254 92.663595 167.183472 169 16 0.000000
1692972192309224541 95.418169 171.972031 176 16 0.000000
1692972193282420369 94.301660 170.572038 166 16 0.000000
1692972194291885497 93.167327 165.434129 167 16 0.000000
1692972195316337365 90.796198 182.536662 187 16 0.000000
1692972196288623152 93.756016 169.703189 165 16 0.000000
1692972197297795588 92.598177 168.454859 170 16 0.000000
1692972198323658405 92.855748 176.436846 181 16 0.000000
1692972199295843882 93.687464 170.749308 166 16 0.000000
1692972200303634890 92.595208 168.685764 170 16 0.000000
1692972201329815219 94.955479 171.509823 176 16 0.000000
1692972202302986812 93.146024 173.658993 169 16 0.000000
1692972203309227360 92.091940 167.951885 169 16 0.000000
1692972204336322057 91.942611 171.357135 176 16 0.000000
1692972205310391432 94.075593 176.578799 172 16 0.000000
1692972206313625264 94.748233 166.461673 167 16 0.000000
1692972207286170676 93.227616 171.714336 167 16 0.000000
1692972208317007149 92.285822 177.525761 183 16 0.000000
1692972209319766041 90.961746 171.526765 172 16 0.000000
1692972210292199688 94.415938 166.592327 162 16 0.000000
1692972211323795374 93.749165 177.395107 183 16 0.000000
1692972212325134829 93.141164 167.775272 168 16 0.000000
1692972213297266097 92.090954 171.787499 167 16 0.000000
1692972214329782468 91.755591 179.173916 185 16 0.000000
1692972215331073435 94.226240 166.784659 167 16 0.000000
1692972216304440014 95.582227 164.377926 160 16 0.000000
1692972217336321116 95.338256 174.438750 180 16 0.000000
1692972218337929235 95.500728 162.738272 163 16 0.000000
1692972219310410801 94.879941 168.640730 164 16 0.000000
1692972220343426329 95.368883 172.311085 178 16 0.000000
1692972221343765277 93.145808 166.943388 167 16 0.000000
1692972222316350809 92.612757 172.735451 168 16 0.000000
1692972223349819960 94.326308 174.170682 180 16 0.000000
1692972224323181948 91.636701 172.597658 168 16 0.000000
1692972225322011931 95.885029 165.193253 165 16 0.000000
1692972226356608708 95.451068 170.114609 176 16 0.000000
1692972227355154295 90.461118 174.253408 174 16 0.000000
1692972228327923623 93.724959 170.646829 166 16 0.000000
1692972229363911177 96.524054 168.920974 175 16 0.000000
1692972230361364821 93.161251 167.426301 167 16 0.000000
1692972231333841563 94.927160 167.613265 163 16 0.000000
1692972232370007481 93.245109 176.612667 183 16 0.000000
1692972233367090596 93.148999 168.491471 168 16 0.000000
1692972234339425936 94.280413 169.694513 165 16 0.000000
1692972235376340270 95.447219 168.769994 175 16 0.000000
1692972236372711955 96.578201 163.593558 163 16 0.000000
1692972237344916940 93.119350 172.803077 168 16 0.000000
1692972238382737086 90.833430 177.294686 184 16 0.000000
1692972239378098751 93.662060 169.787508 169 16 0.000000
1692972240328582705 93.222164 173.595802 165 16 0.000000
1692972241389645924 93.340635 169.641167 180 16 0.000000
1692972242383741756 94.807406 168.997792 168 16 0.000000
1692972243355567299 92.064726 173.899524 169 16 0.000000
1692972244397329422 91.318175 175.663902 183 16 0.000000
1692972245390039817 94.749162 168.226303 167 16 0.000000
1692972246365224544 93.764531 170.224159 166 16 0.000000
1692972247409164188 94.851191 170.507943 178 16 0.000000
1692972248397727549 92.066323 171.966693 170 16 0.000000
1692972249369747310 90.469998 175.922380 171 16 0.000000
1692972250415716630 95.858951 170.177074 178 16 0.000000
1692972251402114988 93.673745 169.302795 167 16 0.000000
1692972252374816055 93.139067 171.686842 167 16 0.000000
1692972253421184087 92.253273 173.935004 182 16 0.000000
1692972254407007168 94.832734 168.387210 166 16 0.000000
1692972255379261046 92.628145 171.765837 167 16 0.000000
1692972256427276856 94.252590 171.753135 180 16 0.000000
1692972257412141971 91.526113 171.597073 169 16 0.000000
1692972258384172790 92.533442 174.891604 170 16 0.000000
1692972259433198663 93.862327 170.634494 179 16 0.000000
1692972260416359521 94.197984 169.860275 167 16 0.000000
1692972261378504614 93.198971 172.531178 166 16 0.000000
1692972262439131382 94.851938 167.825292 178 16 0.000000
1692972263420701190 96.566103 166.060530 163 16 0.000000
1692972264384625659 93.220952 171.175238 165 16 0.000000
1692972265444887483 95.841679 157.508265 167 16 0.000000
1692972266424549047 92.811817 182.716161 179 16 0.000000
1692972267391365451 90.488510 177.903448 172 16 0.000000
1692972268367913156 93.743749 171.010590 167 16 0.000000
1692972269428744686 93.353349 169.678215 180 16 0.000000
1692972270400833410 94.268245 170.766304 166 16 0.000000
1692972271373118671 91.048990 173.817302 169 16 0.000000
1692972272433272035 96.328702 168.843496 179 16 0.000000
1692972273405750327 91.537792 174.811125 170 16 0.000000
1692972274379061998 92.741593 170.551741 166 16 0.000000
1692972275440940790 92.783980 173.277783 184 16 0.000000
1692972276413538801 93.787367 168.620536 164 16 0.000000
1692972277386429408 95.961679 169.597660 165 16 0.000000
1692972278447906455 94.872618 168.632973 179 16 0.000000
1692972279420882598 91.557557 174.721650 170 16 0.000000
1692972280393869591 93.814794 169.580895 165 16 0.000000
1692972281455401304 94.830356 169.566296 180 16 0.000000
1692972282428302771 92.646862 171.651479 167 16 0.000000
1692972283401115004 95.437115 168.583430 164 16 0.000000
1692972284461810570 93.271432 169.699965 180 16 0.000000
1692972285434077017 94.207307 171.763615 167 16 0.000000
1692972286407657145 92.163518 173.586112 169 16 0.000000
1692972287468815840 93.338342 169.625911 180 16 0.000000
1692972288441738436 92.587380 174.731269 170 16 0.000000
1692972289415085014 92.146871 172.600389 168 16 0.000000
1692972290475817061 93.706306 171.579620 182 16 0.000000
1692972291447514590 92.565730 171.864181 167 16 0.000000
1692972292419783619 95.448559 167.649067 163 16 0.000000
1692972293482229518 93.929059 168.479132 179 16 0.000000
