1692988696736651813 112.707796 849.840154 850 100 0.000000
1692988697742526968 111.730496 893.749090 899 99 0.000000
1692988698697101506 113.308624 927.114600 885 100 0.000000
1692988699709034081 114.273062 869.623196 880 100 0.000000
1692988700721544662 111.611749 897.768359 909 100 0.000000
1692988701733571051 112.342139 892.269228 903 100 0.000000
1692988702746202484 112.695588 884.823419 896 100 0.000000
1692988703759526407 112.076426 892.113536 904 100 0.000000
1692988704772248046 113.640311 881.782285 893 100 0.000000
1692988705785021556 113.208968 886.673932 898 100 0.000000
1692988706797697954 110.340518 903.546396 915 100 0.000000
1692988707810631296 108.846346 918.125591 930 100 0.000000
1692988708824098016 113.652390 879.160594 891 100 0.000000
1692988709836101411 112.840840 888.336920 899 100 0.000000
1692988710848686175 110.438572 896.715039 908 100 0.000000
1692988711856165458 112.562369 858.578483 865 100 0.000000
1692988712803478503 114.983091 910.997695 863 100 0.000000
1692988713816575240 111.197013 897.248944 909 100 0.000000
1692988714829129007 112.373452 885.878900 897 100 0.000000
1692988715841358026 113.003388 887.151013 898 100 0.000000
1692988716855166878 113.797032 875.904626 888 100 0.000000
1692988717867896123 112.106343 894.612398 906 100 0.000000
1692988718881534603 111.738941 889.863538 902 100 0.000000
1692988719895332720 112.657816 892.682695 905 100 0.000000
1692988720907109309 112.711183 883.594318 894 100 0.000000
1692988721920530763 110.915673 907.815792 920 100 0.000000
1692988722933115512 111.670782 889.802060 901 100 0.000000
1692988723945636952 111.991862 896.771099 908 100 0.000000
1692988724958771040 112.465444 886.358525 898 100 0.000000
1692988725967797143 113.541145 857.262233 865 100 0.000000
1692988726976389910 113.087962 866.553921 874 100 0.000000
1692988727987532576 112.638736 880.192328 890 100 0.000000
1692988728936624331 113.074426 938.792188 891 100 0.000000
1692988729949957925 112.442677 887.170828 899 100 0.000000
1692988730963055668 112.075142 898.235210 910 100 0.000000
1692988731975871238 112.286105 885.649892 897 100 0.000000
1692988732987969020 111.908230 894.182377 905 100 0.000000
1692988734002755635 110.054401 902.652816 916 100 0.000000
1692988735015522467 112.331123 891.616886 903 100 0.000000
1692988736027897093 112.548492 889.986605 901 100 0.000000
1692988737041513781 112.991051 885.936616 898 100 0.000000
1692988738054692728 111.518771 898.163124 910 100 0.000000
1692988739067943522 113.098615 876.387069 888 100 0.000000
1692988740081166281 111.876676 902.072261 914 100 0.000000
1692988741087189343 113.331102 846.899074 852 100 0.000000
1692988742035570835 111.954751 926.842207 879 100 0.000000
1692988743048174005 111.969605 896.698691 908 100 0.000000
1692988744061026796 111.116975 902.401683 914 100 0.000000
1692988745073192510 111.686276 892.146406 903 100 0.000000
1692988746087233321 112.515878 892.469011 905 100 0.000000
1692988747100934008 111.980852 893.754943 906 100 0.000000
1692988748113811536 110.749310 896.455860 908 100 0.000000
1692988749126363425 112.776764 885.880446 897 100 0.000000
1692988750138786675 110.745677 902.784568 914 100 0.000000
1692988751150960507 111.764023 895.103127 906 100 0.000000
1692988752163560123 113.301650 886.826322 898 100 0.000000
1692988753177164781 111.721628 893.839657 906 100 0.000000
1692988754190242105 112.776205 883.446883 895 100 0.000000
1692988755202465462 112.746938 892.095596 903 100 0.000000
1692988756214258498 109.312692 901.370106 912 100 0.000000
1692988757220963918 112.925156 851.291600 857 99 0.000000
1692988758170098669 111.315581 948.232243 900 100 0.000000
1692988759182821297 112.010386 885.731165 897 100 0.000000
1692988760195410226 112.778396 894.736216 906 100 0.000000
1692988761207836985 113.439689 875.125060 886 100 0.000000
1692988762220736722 115.973007 865.830959 877 100 0.000000
1692988763233960932 110.514785 902.070854 914 100 0.000000
1692988764248073468 110.285260 904.238785 917 100 0.000000
1692988765260184073 112.054704 894.171143 905 100 0.000000
1692988766274374825 112.941065 886.421014 899 100 0.000000
1692988767287724413 113.163680 878.275395 890 100 0.000000
1692988768299763229 110.403147 914.984667 926 100 0.000000
1692988769313124894 112.252205 890.106698 902 100 0.000000
1692988770326091203 110.767734 901.313288 913 100 0.000000
1692988771338688286 114.823635 868.064799 879 100 0.000000
1692988772351926353 113.356634 880.346043 892 100 0.000000
1692988773361489341 114.748187 864.730601 873 100 0.000000
1692988774368587617 110.595122 850.959508 857 100 0.000000
1692988775317914231 110.011049 971.214904 922 100 0.000000
1692988776331036066 113.038522 891.304445 903 100 0.000000
1692988777343826194 112.527413 884.684717 896 100 0.000000
1692988778356524943 114.442469 879.827346 891 100 0.000000
1692988779369772726 113.623468 868.494374 880 100 0.000000
1692988780382347857 111.631078 903.636646 915 100 0.000000
1692988781395265246 114.004225 877.662897 889 100 0.000000
1692988782408385632 112.060733 890.318674 902 100 0.000000
1692988783421808439 112.882173 888.079477 900 100 0.000000
1692988784435856783 114.096577 873.725601 886 100 0.000000
1692988785448215735 112.859139 888.024908 899 100 0.000000
1692988786461122629 110.320521 908.277006 920 100 0.000000
1692988787468324725 110.358301 866.757560 873 100 0.000000
1692988788416232179 112.628658 920.975949 873 100 0.000000
1692988789429183245 112.699893 891.454711 903 100 0.000000
1692988790442205187 114.108256 877.572300 889 100 0.000000
1692988791454846541 112.629677 889.752330 901 100 0.000000
1692988792468605380 111.739486 893.703671 906 100 0.000000
1692988793481717533 111.740904 891.312982 903 100 0.000000
1692988794493958823 114.301996 873.309542 884 100 0.000000
1692988795507321448 112.167687 891.092610 903 100 0.000000
1692988796519900802 111.683565 900.670214 912 100 0.000000
1692988797535021345 111.705607 894.474888 908 100 0.000000
1692988798547554647 112.273960 889.847439 901 100 0.000000
1692988799556713428 111.970815 871.022500 879 100 0.000000
1692988800563767141 111.734659 863.906218 870 100 0.000000
1692988801513632749 114.138064 926.446802 880 100 0.000000
1692988802527152630 112.822907 888.981155 901 100 0.000000
1692988803540096609 109.586395 912.192599 924 100 0.000000
1692988804552855391 110.099700 909.397146 921 100 0.000000
1692988805566262524 112.310296 891.053580 903 100 0.000000
1692988806578812724 112.767332 887.857192 899 100 0.000000
1692988807591352335 112.472249 883.916059 895 100 0.000000
1692988808604012462 113.973042 876.898342 888 100 0.000000
1692988809616685739 110.043272 904.536576 916 100 0.000000
1692988810630159347 112.422958 895.928605 908 100 0.000000
1692988811642731242 112.362606 889.813351 901 100 0.000000
1692988812655445665 112.955193 886.725801 898 100 0.000000
1692988813665753909 110.125657 891.807001 901 100 0.000000
1692988814609694138 110.897582 919.549791 868 100 0.000000
1692988815622859096 113.205428 879.422441 891 99 0.000000
1692988816636700837 114.396223 874.889995 887 100 0.000000
1692988817649124446 111.182853 902.784166 914 100 0.000000
1692988818662882862 113.246567 882.853297 895 100 0.000000
1692988819675237446 112.116195 889.016589 900 100 0.000000
1692988820689057164 112.292644 889.704552 902 100 0.000000
1692988821700902635 113.333068 882.545815 893 100 0.000000
1692988822715739580 115.059410 869.105143 882 100 0.000000
1692988823728750297 111.514713 895.350799 907 100 0.000000
1692988824741096797 112.322699 890.011492 901 100 0.000000
1692988825753711451 111.641900 902.613874 914 100 0.000000
1692988826765496807 111.757721 878.644839 889 100 0.000000
1692988827773602049 111.179563 865.981010 873 100 0.000000
1692988828721987996 113.447765 930.001147 882 99 0.000000
1692988829735114724 111.647480 888.339016 900 100 0.000000
1692988830747293697 111.837916 902.014391 913 100 0.000000
1692988831759897871 111.842176 895.710275 907 100 0.000000
1692988832773499229 110.985565 894.829109 907 100 0.000000
1692988833786747701 112.437047 888.232307 900 100 0.000000
1692988834799831678 112.375580 890.350685 902 100 0.000000
1692988835813096627 113.009490 889.204744 901 100 0.000000
1692988836826440550 113.664309 877.293464 889 100 0.000000
1692988837839384383 111.461587 898.371638 910 100 0.000000
1692988838852903673 112.968837 883.061607 895 100 0.000000
1692988839865992596 113.412189 879.488456 891 100 0.000000
1692988840873515435 111.986239 872.436803 879 100 0.000000
1692988841819283448 110.236395 928.346051 878 99 0.000000
1692988842831444288 112.493312 887.210772 898 99 0.000000
1692988843847061024 111.492424 910.776633 925 100 0.000000
1692988844859225903 111.008184 892.147090 903 100 0.000000
