1692985607503096717 76.480845 212.807130 198 16 0.000000
1692985608517442889 74.436517 214.916778 218 16 0.000000
1692985609530852068 75.410497 211.168405 214 16 0.000000
1692985610544743285 77.578664 207.122812 210 16 0.000000
1692985611560057197 76.995785 206.832578 210 16 0.000000
1692985612574013521 77.587907 206.123282 209 16 0.000000
1692985613586385628 77.019402 200.519149 203 16 0.000000
1692985614528817713 77.029946 216.461230 204 16 0.000000
1692985615542334452 77.226252 206.212676 209 16 0.000000
1692985616556394739 76.147014 211.032818 214 16 0.000000
1692985617570902723 77.351616 204.039794 207 16 0.000000
1692985618585441541 76.894201 208.961942 212 16 0.000000
1692985619599135699 77.523253 208.149567 211 16 0.000000
1692985620540647234 76.895914 206.051644 194 16 0.000000
1692985621554897413 76.533049 210.007358 213 16 0.000000
1692985622569726211 78.390764 203.975292 207 16 0.000000
1692985623585491772 78.807902 203.787181 207 16 0.000000
1692985624599488766 76.175551 208.087395 211 16 0.000000
1692985625611972378 80.013242 196.546372 199 16 0.000000
1692985626553395237 77.493123 210.319969 198 16 0.000000
1692985627567527687 77.617448 207.073545 210 16 0.000000
1692985628581486317 75.100803 213.026436 216 16 0.000000
1692985629595922991 74.766378 214.897552 218 16 0.000000
1692985630610549979 76.918578 207.958244 211 16 0.000000
1692985631623788853 77.189569 207.256173 210 16 0.000000
1692985632564809549 76.816621 208.284461 196 16 0.000000
1692985633579209472 76.929339 207.018940 210 16 0.000000
1692985634593688115 76.899494 207.988610 211 16 0.000000
1692985635607513480 76.168979 208.122603 211 16 0.000000
1692985636621904854 76.477286 211.949778 215 16 0.000000
1692985637635695648 75.135389 210.102517 213 16 0.000000
1692985638577610186 77.198696 210.210158 198 16 0.000000
1692985639592248523 76.566648 208.941442 212 16 0.000000
1692985640606664900 74.813414 211.944528 215 16 0.000000
1692985641621668562 75.866493 209.851452 213 16 0.000000
1692985642635687884 76.836503 211.041351 214 16 0.000000
1692985643649271636 75.358475 198.306258 201 16 0.000000
1692985644592582526 75.148564 226.860518 214 16 0.000000
1692985645607224194 75.480476 211.897461 215 16 0.000000
1692985646620556646 75.437700 211.184402 214 16 0.000000
1692985647634520909 76.462067 211.052804 214 16 0.000000
1692985648648084916 75.764117 211.136144 214 16 0.000000
1692985649661673495 76.111836 210.144439 213 16 0.000000
1692985650602644692 76.849763 207.232695 195 16 0.000000
1692985651617665634 76.218515 209.847891 213 16 0.000000
1692985652632175450 74.771823 214.882100 218 16 0.000000
1692985653646815680 76.162845 208.941051 212 16 0.000000
1692985654659600245 77.167141 208.336507 211 16 0.000000
1692985655673572027 76.511312 208.092580 211 16 0.000000
1692985656614220272 76.858283 207.303847 195 16 0.000000
1692985657629078626 76.530018 210.866865 214 16 0.000000
1692985658643337868 76.895860 208.033600 211 16 0.000000
1692985659657147327 77.987675 204.180374 207 16 0.000000
1692985660671338059 74.425534 215.935713 219 16 0.000000
1692985661684962463 76.882699 207.177338 210 16 0.000000
1692985662626891121 77.225145 208.083695 196 16 0.000000
1692985663641673979 75.488666 211.867991 215 16 0.000000
1692985664655732479 76.153646 210.047043 213 16 0.000000
1692985665669874448 74.792831 212.987940 216 16 0.000000
1692985666684053830 77.254339 207.063962 210 16 0.000000
1692985667698236118 76.515009 210.021417 213 16 0.000000
1692985668639464926 78.078335 202.926214 191 16 0.000000
1692985669654376610 78.007475 205.929249 209 16 0.000000
1692985670667825314 77.170643 208.199972 211 16 0.000000
1692985671681396458 76.161824 209.161434 212 16 0.000000
1692985672695498575 77.970506 206.093658 209 16 0.000000
1692985673708892335 77.960991 204.264128 207 16 0.000000
1692985674650769651 76.881356 208.095050 196 16 0.000000
1692985675664775052 75.085663 214.002803 217 16 0.000000
1692985676679092747 76.576245 207.035728 210 16 0.000000
1692985677693508780 75.459374 212.930388 216 16 0.000000
1692985678707856956 76.881273 209.001214 212 16 0.000000
1692985679722528716 75.134460 212.876724 216 16 0.000000
1692985680663697444 76.830068 208.251712 196 16 0.000000
1692985681678160498 76.596297 207.006060 210 16 0.000000
1692985682691758240 76.446664 210.142536 213 16 0.000000
1692985683706163434 76.897632 208.989466 212 16 0.000000
1692985684720454521 76.135724 209.998888 213 16 0.000000
1692985685734255998 75.845280 210.100300 213 16 0.000000
1692985686676231001 75.710195 212.319865 200 16 0.000000
1692985687691028565 78.410958 202.996152 206 16 0.000000
1692985688704568131 76.110892 211.141240 214 16 0.000000
1692985689718758459 75.141146 211.991766 215 16 0.000000
1692985690732818865 77.213990 207.088234 210 16 0.000000
1692985691746689949 78.736253 204.167991 207 16 0.000000
1692985692688826830 76.507881 208.037699 196 16 0.000000
1692985693703490517 78.827312 202.037398 205 16 0.000000
1692985694717653727 76.820349 210.025365 213 16 0.000000
1692985695730751293 77.955026 205.310929 208 16 0.000000
1692985696745229688 75.501148 209.960091 213 16 0.000000
1692985697758547744 76.478021 209.213703 212 16 0.000000
1692985698700182921 76.419820 211.334492 199 16 0.000000
1692985699714847896 75.496531 210.907062 214 16 0.000000
1692985700728749081 77.212186 208.107065 211 16 0.000000
1692985701742911189 75.839039 209.039557 212 16 0.000000
1692985702757052283 78.315383 206.085724 209 16 0.000000
1692985703771514396 75.151764 211.934972 215 16 0.000000
1692985704713998872 76.091840 211.144046 199 16 0.000000
1692985705727095978 77.558542 206.298089 209 16 0.000000
1692985706741052813 77.300423 205.136951 208 16 0.000000
1692985707756624105 76.291301 209.734172 213 16 0.000000
1692985708771356908 79.147064 203.009108 206 16 0.000000
1692985709786247786 75.846078 210.860108 214 16 0.000000
1692985710727328315 77.618928 206.146013 194 16 0.000000
1692985711742949705 74.152449 216.616156 220 16 0.000000
1692985712756524281 74.396216 214.093770 217 16 0.000000
1692985713770478940 77.220132 208.096084 211 16 0.000000
1692985714784159030 75.798644 210.125465 213 16 0.000000
1692985715797979547 75.412387 213.055466 216 16 0.000000
1692985716739402640 76.444937 209.257667 197 16 0.000000
1692985717754577279 77.708510 205.875907 209 16 0.000000
1692985718769209198 75.863446 208.942757 212 16 0.000000
1692985719782781021 77.557766 207.188086 210 16 0.000000
1692985720796460255 76.484237 209.139140 212 16 0.000000
1692985721810392007 77.632051 206.128273 209 16 0.000000
1692985722751613661 74.895507 213.552227 201 16 0.000000
1692985723765224029 74.399550 215.072742 218 16 0.000000
1692985724779185571 75.096279 212.039656 215 16 0.000000
1692985725793341566 77.942414 207.068734 210 16 0.000000
1692985726806938342 77.575006 206.196396 209 16 0.000000
1692985727821136416 76.554900 208.046146 211 16 0.000000
1692985728762303553 76.803896 208.252053 196 16 0.000000
1692985729776746828 76.903935 208.981631 212 16 0.000000
1692985730790599797 75.088290 213.048646 216 16 0.000000
1692985731804617134 75.471964 211.041751 214 16 0.000000
1692985732818822980 76.524360 209.030548 212 16 0.000000
1692985733833273397 78.361849 204.051373 207 16 0.000000
1692985734774290650 76.430859 209.347915 197 16 0.000000
1692985735788081830 74.388175 216.020813 219 16 0.000000
1692985736801869488 77.219715 207.143969 210 16 0.000000
1692985737815407748 74.376117 215.088088 218 16 0.000000
1692985738829202959 76.146510 209.115213 212 16 0.000000
1692985739842886272 77.580952 206.178759 209 16 0.000000
1692985740784160193 76.837682 208.228438 196 16 0.000000
1692985741797923709 75.774291 212.081051 215 16 0.000000
1692985742811757474 76.871157 208.120900 211 16 0.000000
1692985743826004743 74.436108 213.951778 217 16 0.000000
1692985744839858795 78.712798 203.185059 206 16 0.000000
1692985745853467160 75.768811 212.113476 215 16 0.000000
1692985746867027377 76.508084 207.190464 210 16 0.000000
1692985747808298583 77.970896 207.166646 195 16 0.000000
1692985748821874702 76.133493 210.147020 213 16 0.000000
1692985749835026092 76.790726 208.261076 211 16 0.000000
1692985750848121882 77.925141 205.311288 208 16 0.000000
1692985751861895227 77.955686 205.174066 208 16 0.000000
1692985752874942703 75.035405 213.218006 216 16 0.000000
1692985753815782941 76.024901 209.387343 197 16 0.000000
1692985754829159871 76.523779 207.227903 210 16 0.000000
1692985755843261431 77.184308 209.052064 212 16 0.000000
