1692986620455292590 294.662502 0.000000
1692986620661409655 294.784351 0.000000
1692986620932087471 294.654388 0.000000
1692986622614851349 294.763709 0.000000
1692986624209429733 294.753048 0.000000
1692986625742303585 294.755412 0.000000
1692986625910338791 294.653306 0.000000
1692986626965241584 294.628875 0.000000
1692986627703183232 294.812221 0.000000
1692986630335182729 294.760062 0.000000
1692986630722301968 294.653252 0.000000
1692986630849561596 294.553569 0.000000
1692986631164049273 294.661260 0.000000
1692986631945646068 294.842687 0.000000
1692986632091880170 294.649498 0.000000
1692986632393544766 294.715591 0.000000
1692986633054016531 294.613358 0.000000
1692986633984836937 294.818210 0.000000
1692986634414327700 294.646048 0.000000
1692986634629437962 294.705619 0.000000
1692986636761447115 295.141658 0.000000
1692986637283801911 294.802929 0.000000
1692986638045409288 294.948889 0.000000
1692986638952945543 294.773807 0.000000
1692986639558199756 294.745887 0.000000
1692986641267324924 294.847493 0.000000
1692986641437539183 294.686413 0.000000
1692986642076973286 294.554717 0.000000
1692986642406639869 294.673383 0.000000
1692986642536130886 294.751460 0.000000
1692986644834334837 294.583504 0.000000
1692986645465555644 294.712264 0.000000
1692986645530883270 294.713031 0.000000
1692986646113955782 294.727784 0.000000
1692986646626976524 294.678856 0.000000
1692986648020458165 294.658634 0.000000
1692986648108969302 294.871189 0.000000
1692986649680296038 294.820320 0.000000
1692986649685506772 294.708199 0.000000
1692986650667971365 294.575430 0.000000
1692986651962697995 294.578998 0.000000
1692986652024198262 294.692007 0.000000
1692986652419109093 294.698016 0.000000
1692986653111299542 294.699554 0.000000
1692986654290130450 294.635182 0.000000
1692986654586888260 294.674711 0.000000
1692986655166214674 294.940991 0.000000
1692986655823479075 294.684324 0.000000
1692986656025107623 294.627325 0.000000
1692986657140297977 294.657586 0.000000
1692986657417136509 294.626135 0.000000
1692986659557172597 294.818285 0.000000
1692986660274060287 294.724678 0.000000
1692986661380159095 294.655492 0.000000
1692986662650353460 294.589832 0.000000
1692986664980513736 294.764942 0.000000
1692986665972848198 294.689891 0.000000
1692986666304411526 294.742860 0.000000
1692986666638015810 294.784812 0.000000
1692986667454192264 294.595026 0.000000
1692986668256314791 294.995884 0.000000
1692986668749772627 294.905655 0.000000
1692986668809450102 294.572058 0.000000
1692986669096250992 294.637274 0.000000
1692986669643099586 294.602006 0.000000
1692986670053800389 294.700857 0.000000
1692986670305309664 294.645409 0.000000
1692986670556644127 294.581039 0.000000
1692986670836082135 294.702651 0.000000
1692986671019356302 294.680275 0.000000
1692986672294733501 294.637315 0.000000
1692986672705339085 294.656911 0.000000
1692986672879211882 294.698607 0.000000
1692986672928912394 294.742199 0.000000
1692986673163917775 294.640817 0.000000
1692986673237460137 294.521040 0.000000
1692986673915206763 294.568846 0.000000
1692986674057552876 294.537908 0.000000
1692986674528917023 294.556577 0.000000
1692986675699155799 294.642898 0.000000
1692986676022596727 294.498669 0.000000
1692986676119019981 294.625362 0.000000
1692986676171281750 294.757104 0.000000
1692986676317290974 294.668493 0.000000
1692986677563243987 294.848087 0.000000
1692986677650548030 294.601201 0.000000
1692986677774223666 294.739241 0.000000
1692986678717191353 294.713026 0.000000
1692986679087663896 294.871640 0.000000
1692986679129326289 294.771808 0.000000
1692986679706471567 294.682205 0.000000
1692986679719202234 294.793899 0.000000
1692986682742320674 294.687482 0.000000
1692986682830706475 294.667605 0.000000
1692986683951773610 294.598364 0.000000
1692986684333587517 294.738490 0.000000
1692986684962064238 294.583490 0.000000
1692986686492159242 294.597508 0.000000
1692986686935362979 294.637580 0.000000
1692986687280631919 294.655362 0.000000
1692986687757544386 294.579841 0.000000
1692986687898722776 294.525404 0.000000
1692986688901396345 295.408815 0.000000
1692986689879567963 294.803623 0.000000
1692986690522012636 294.674206 0.000000
1692986690704492650 294.695390 0.000000
1692986690846095053 294.565498 0.000000
1692986691141850746 294.690167 0.000000
1692986692620925421 294.956558 0.000000
1692986694153750090 294.641390 0.000000
1692986694184285338 294.654495 0.000000
1692986694235355615 294.636228 0.000000
1692986696567010975 294.880697 0.000000
1692986697038159393 294.622139 0.000000
1692986697506142153 294.640197 0.000000
1692986698772287231 294.574659 0.000000
1692986699334378585 294.773217 0.000000
1692986699656598361 294.698523 0.000000
1692986699693605263 294.790226 0.000000
1692986700571637969 294.598069 0.000000
1692986702104395577 294.847870 0.000000
1692986702339382396 294.716770 0.000000
1692986702427781147 294.759831 0.000000
1692986702902147232 294.757635 0.000000
1692986703192911748 294.558116 0.000000
1692986703341711548 294.601823 0.000000
1692986703877899503 294.658928 0.000000
1692986704669039857 294.582047 0.000000
1692986705497646690 294.695446 0.000000
1692986705553096457 294.623362 0.000000
1692986705698679883 294.696645 0.000000
1692986706763936119 294.667099 0.000000
1692986707792114143 294.708150 0.000000
1692986710002829005 294.705715 0.000000
1692986710034687038 294.573968 0.000000
1692986710062970726 294.748298 0.000000
1692986710651180904 294.657226 0.000000
1692986711653026678 294.865797 0.000000
1692986713391906871 294.753817 0.000000
1692986714217362645 294.664614 0.000000
1692986714424642218 294.649479 0.000000
1692986715013804272 294.959375 0.000000
1692986715101477484 294.563431 0.000000
1692986715632097247 294.758052 0.000000
1692986716104021638 294.682280 0.000000
1692986717253306450 294.708521 0.000000
1692986718138080348 294.612221 0.000000
1692986718933523176 294.588337 0.000000
1692986719405100749 294.775223 0.000000
1692986719464244028 294.881634 0.000000
1692986719908867288 294.976716 0.000000
1692986721085742238 294.667947 0.000000
1692986721500757465 294.564602 0.000000
1692986721854467842 294.620820 0.000000
1692986722413386153 294.743151 0.000000
1692986722973053280 294.620943 0.000000
1692986723120497690 294.710235 0.000000
1692986724039181708 294.800876 0.000000
1692986724770778096 294.782859 0.000000
1692986725188341158 294.675810 0.000000
1692986725390731806 294.668342 0.000000
1692986725685559932 294.525651 0.000000
1692986725773755915 294.698552 0.000000
1692986725832738187 294.755981 0.000000
1692986725861697272 294.586525 0.000000
1692986728189972605 294.679450 0.000000
1692986729929391353 294.791585 0.000000
1692986730046199099 294.636153 0.000000
1692986730195172042 294.877645 0.000000
1692986730283670641 294.758498 0.000000
1692986730609003118 294.636813 0.000000
1692986731139143223 294.750193 0.000000
1692986731521381002 294.623083 0.000000
1692986731637724177 294.642695 0.000000
1692986732141030680 294.685774 0.000000
1692986732671116048 294.578092 0.000000
1692986734466985276 294.649063 0.000000
1692986734793312925 294.828240 0.000000
1692986734820998225 294.555250 0.000000
1692986735351321416 294.712321 0.000000
1692986735439932677 294.642387 0.000000
1692986736353339312 294.663757 0.000000
1692986736530133076 294.604946 0.000000
1692986736826880193 294.706883 0.000000
1692986738121915248 294.640243 0.000000
1692986738269280810 294.690455 0.000000
1692986738269310810 294.904563 0.000000
1692986739124568234 294.739993 0.000000
1692986741010857537 294.692534 0.000000
1692986741482830654 294.746210 0.000000
1692986741630152309 294.690120 0.000000
1692986742072561196 294.703641 0.000000
1692986742720718575 294.504016 0.000000
1692986742926850170 294.679695 0.000000
1692986743398371169 294.664249 0.000000
1692986744959979855 294.646844 0.000000
1692986746227388313 294.820303 0.000000
1692986746582439297 294.734492 0.000000
1692986747318755647 294.736743 0.000000
1692986747408072105 294.698183 0.000000
1692986747495540130 294.700940 0.000000
1692986748055930717 294.803007 0.000000
1692986749175989469 294.720691 0.000000
1692986750001673831 294.731066 0.000000
1692986750915536469 294.529475 0.000000
1692986750945111112 294.700027 0.000000
1692986752418622548 294.650150 0.000000
1692986752741437155 294.589235 0.000000
1692986753302106672 294.629458 0.000000
1692986753538270851 294.914178 0.000000
1692986753921350179 294.662505 0.000000
1692986754393567440 294.854647 0.000000
1692986754570480382 294.662681 0.000000
1692986754658953501 294.634209 0.000000
1692986755100435602 294.681354 0.000000
1692986755453884468 294.513103 0.000000
1692986755542506444 294.527546 0.000000
1692986756102781652 294.569969 0.000000
1692986756279567048 294.594752 0.000000
1692986757518294449 294.748235 0.000000
1692986757695008582 294.580233 0.000000
1692986759404219061 294.677299 0.000000
1692986759640288626 294.945143 0.000000
1692986760141408395 294.671150 0.000000
1692986760642685159 294.693306 0.000000
1692986761379728708 294.701722 0.000000
1692986761467939274 294.562629 0.000000
1692986761792962018 294.750966 0.000000
1692986762205147925 294.582514 0.000000
1692986762499736573 294.555812 0.000000
1692986762971416949 294.887874 0.000000
1692986763884829789 294.679609 0.000000
1692986765122970279 294.655229 0.000000
1692986766095326611 294.705390 0.000000
1692986766655472694 294.672749 0.000000
1692986767274406903 294.738236 0.000000
