1692971951464394732 176.680639 0.000000
1692971951537481255 176.528069 0.000000
1692971951552773331 176.555754 0.000000
1692971951626061381 176.682739 0.000000
1692971951994921918 176.561192 0.000000
1692971952202082272 176.566329 0.000000
1692971952613343957 176.529548 0.000000
1692971952687039489 176.621968 0.000000
1692971952790853506 176.607007 0.000000
1692971952952547705 176.778467 0.000000
1692971953055469449 176.471091 0.000000
1692971953129141612 176.587211 0.000000
1692971953144430998 176.622309 0.000000
1692971953409180655 176.492411 0.000000
1692971953497042297 176.568187 0.000000
1692971953836340840 176.690577 0.000000
1692971953851657178 176.712938 0.000000
1692971953882030957 176.631119 0.000000
1692971954292721709 176.555868 0.000000
1692971954455398635 176.637639 0.000000
1692971954469488990 176.568894 0.000000
1692971954543895359 176.647532 0.000000
1692971954559215330 176.756460 0.000000
1692971954646075023 176.562023 0.000000
1692971954720771161 176.860782 0.000000
1692971954735873050 176.574021 0.000000
1692971954822684852 176.585963 0.000000
1692971954897807922 176.736794 0.000000
1692971955089327254 176.560024 0.000000
1692971955176624353 176.519058 0.000000
1692971955266231372 176.634411 0.000000
1692971955353398835 176.521674 0.000000
1692971955354832722 176.723413 0.000000
1692971955441573173 176.597049 0.000000
1692971955530059216 176.635118 0.000000
1692971955708490994 176.643126 0.000000
1692971955973460198 176.580506 0.000000
1692971956048443016 176.699191 0.000000
1692971956149840303 176.582918 0.000000
1692971956150161940 176.499237 0.000000
1692971956150276060 176.555542 0.000000
1692971956269832401 176.707075 0.000000
1692971956326872899 176.596909 0.000000
1692971956623235976 176.580646 0.000000
1692971956767595545 176.692055 0.000000
1692971956768526664 176.507301 0.000000
1692971956844146553 176.688206 0.000000
1692971956932202271 176.663729 0.000000
1692971956945034696 176.488221 0.000000
1692971957122247797 176.560213 0.000000
1692971957209489372 176.525443 0.000000
1692971957210581596 176.477842 0.000000
1692971957298681220 176.495964 0.000000
1692971957386163700 176.658947 0.000000
1692971957462900025 176.699813 0.000000
1692971957462900015 176.555848 0.000000
1692971957475501357 176.616689 0.000000
1692971957639603205 176.683736 0.000000
1692971957739810661 176.737931 0.000000
1692971957740650297 176.584500 0.000000
1692971957829025016 176.766413 0.000000
1692971957917069538 176.489679 0.000000
1692971957993234485 176.580330 0.000000
1692971957993324374 176.614850 0.000000
1692971957993369163 176.607413 0.000000
1692971958004843255 176.560850 0.000000
1692971958037833871 176.525107 0.000000
1692971958269833191 176.536488 0.000000
1692971958271145927 176.888156 0.000000
1692971958359218578 176.680036 0.000000
1692971958359305951 176.648408 0.000000
1692971958535721097 176.479551 0.000000
1692971958712680664 176.499753 0.000000
1692971958966240628 176.640574 0.000000
1692971959098742793 176.636291 0.000000
1692971959143220547 176.645015 0.000000
1692971959143257027 176.670008 0.000000
1692971959243430894 176.638370 0.000000
1692971959507780967 176.548716 0.000000
1692971959673815477 176.721102 0.000000
1692971959772688370 176.506915 0.000000
1692971959861184401 176.643065 0.000000
1692971959861961868 176.572758 0.000000
1692971960116027112 176.692911 0.000000
1692971960126144016 176.542332 0.000000
1692971960204548366 176.715864 0.000000
1692971960215636858 176.578095 0.000000
1692971960215725595 176.653465 0.000000
1692971960392432107 176.587967 0.000000
1692971960480830401 176.592519 0.000000
1692971960735026349 176.675050 0.000000
1692971960745830890 176.535145 0.000000
1692971960745893375 176.530795 0.000000
1692971960833419698 176.660461 0.000000
1692971961089069985 176.821671 0.000000
1692971961265982913 176.814879 0.000000
1692971961276251659 176.503049 0.000000
1692971961619798995 176.811819 0.000000
1692971961629695431 176.455265 0.000000
1692971961717519705 176.579286 0.000000
1692971961796636152 176.638108 0.000000
1692971962072168388 176.612113 0.000000
1692971962248234808 176.675250 0.000000
1692971962326975095 176.533375 0.000000
1692971962327326647 176.632566 0.000000
1692971962415672548 176.651054 0.000000
1692971962513301190 176.637592 0.000000
1692971962513799814 176.411331 0.000000
1692971962680693149 176.632120 0.000000
1692971962680692653 176.704243 0.000000
1692971962812690365 176.666870 0.000000
1692971962955332501 176.723102 0.000000
1692971963132427025 176.546896 0.000000
1692971963300024567 176.921537 0.000000
1692971963476663678 176.791094 0.000000
1692971963476666088 176.661243 0.000000
1692971963830529595 176.712857 0.000000
1692971964007303695 176.622463 0.000000
1692971964007349186 176.591285 0.000000
1692971964095987887 176.736352 0.000000
1692971964281595473 176.948415 0.000000
1692971964449755767 176.545945 0.000000
1692971964547044839 176.639862 0.000000
1692971964626418521 176.569591 0.000000
1692971964723658781 176.621305 0.000000
1692971964900154870 176.685223 0.000000
1692971965068941706 176.584278 0.000000
1692971965077104598 176.554745 0.000000
1692971965165551213 176.473054 0.000000
1692971965253783641 176.470023 0.000000
1692971965253904968 176.607909 0.000000
1692971965422505325 176.628415 0.000000
1692971965430535834 176.593198 0.000000
1692971965519223110 176.671867 0.000000
1692971965607632664 176.856090 0.000000
1692971965687725043 176.766768 0.000000
1692971965695413984 176.594221 0.000000
1692971965784581204 176.809747 0.000000
1692971965873016167 176.523200 0.000000
1692971965952900503 176.689543 0.000000
1692971966137982441 176.517585 0.000000
1692971966138172713 176.632843 0.000000
1692971966218456036 176.619896 0.000000
1692971966491070511 176.593335 0.000000
1692971966668340106 176.509724 0.000000
1692971966756184416 176.597900 0.000000
1692971966837092236 176.727466 0.000000
1692971966844381347 176.539684 0.000000
1692971967109962670 176.478527 0.000000
1692971967191113880 176.567990 0.000000
1692971967198515207 176.515498 0.000000
1692971967544262685 176.541265 0.000000
1692971967633038290 176.494251 0.000000
1692971967633125741 176.493794 0.000000
1692971967633183603 176.533345 0.000000
1692971967640092365 176.577162 0.000000
1692971967640370451 176.525931 0.000000
1692971967809840955 176.694059 0.000000
1692971967898096848 176.504703 0.000000
1692971968163132386 176.575938 0.000000
1692971968170709086 176.490184 0.000000
1692971968613018571 176.602765 0.000000
1692971968878204770 176.485583 0.000000
1692971969047811957 176.644393 0.000000
1692971969054908676 176.510161 0.000000
1692971969136237408 176.525977 0.000000
1692971969177300686 176.548765 0.000000
1692971969313113399 176.740240 0.000000
1692971969320321978 176.669576 0.000000
1692971969353922707 176.574660 0.000000
1692971969408499508 176.469235 0.000000
1692971969496568996 176.555310 0.000000
1692971969496654816 176.603993 0.000000
1692971969755326699 176.834829 0.000000
1692971969761692083 176.551015 0.000000
1692971970026695153 176.667422 0.000000
1692971970115947275 176.563710 0.000000
1692971970285712058 176.675274 0.000000
1692971970285741727 176.650917 0.000000
1692971970291725961 176.640329 0.000000
1692971970291911757 176.663055 0.000000
1692971970292655425 176.444077 0.000000
1692971970469080483 176.489743 0.000000
1692971970469109540 176.439296 0.000000
1692971970645154449 176.577928 0.000000
1692971970727921529 176.717267 0.000000
1692971970904552069 176.624556 0.000000
1692971971263722292 176.626321 0.000000
1692971971916862357 176.559210 0.000000
1692971972054117728 176.703034 0.000000
1692971972059203282 176.676988 0.000000
1692971972093433640 176.554233 0.000000
1692971972142396904 176.520454 0.000000
1692971972147208452 176.539122 0.000000
1692971972231043238 176.770635 0.000000
1692971972235945046 176.458360 0.000000
1692971972324131065 176.490570 0.000000
1692971972412655908 176.426160 0.000000
1692971972673071448 176.785203 0.000000
1692971972765835888 176.584297 0.000000
1692971972854169130 176.532989 0.000000
1692971972854581990 176.613962 0.000000
1692971972942629617 176.511163 0.000000
1692971973154395959 176.663016 0.000000
1692971973203664563 176.606931 0.000000
1692971973207633578 176.607466 0.000000
1692971973384761307 176.693776 0.000000
1692971973650374483 176.953270 0.000000
1692971973734789529 176.870848 0.000000
1692971973827045051 176.694468 0.000000
1692971973827073909 176.555593 0.000000
1692971973911381283 176.592305 0.000000
1692971973911736588 176.834493 0.000000
1692971974092117345 176.533560 0.000000
1692971974265316684 176.660324 0.000000
1692971974268717678 176.579300 0.000000
1692971974445231958 176.493336 0.000000
1692971974710431126 176.531996 0.000000
1692971974710701024 176.469942 0.000000
1692971974972705587 176.568816 0.000000
1692971974976104541 176.876411 0.000000
1692971975063925207 176.548549 0.000000
1692971975065516946 176.457613 0.000000
1692971975065707214 176.601488 0.000000
1692971975330494935 176.473153 0.000000
1692971975506008528 176.558016 0.000000
1692971975594494310 176.445444 0.000000
1692971975859698640 176.512815 0.000000
1692971975945756994 176.692765 0.000000
1692971976122822163 176.858208 0.000000
1692971976388307446 176.868773 0.000000
1692971976390049736 176.580227 0.000000
1692971976390401248 176.605636 0.000000
1692971976566597803 176.537127 0.000000
1692971976566654199 176.539377 0.000000
1692971976655055700 176.601458 0.000000
1692971977272463414 176.807471 0.000000
1692971977360730386 176.644367 0.000000
1692971977362076420 176.574880 0.000000
1692971977715581680 176.527916 0.000000
1692971977803007543 176.806472 0.000000
1692971978069181833 176.600605 0.000000
1692971978069208434 176.699640 0.000000
1692971978246779103 176.673344 0.000000
1692971978334285352 176.679106 0.000000
1692971978422767414 176.676024 0.000000
1692971978510628734 176.508907 0.000000
1692971978512172547 177.020861 0.000000
1692971978687677881 176.552493 0.000000
1692971978687992632 176.572920 0.000000
1692971978864267154 176.575932 0.000000
1692971978865497784 176.471239 0.000000
1692971979041147634 176.447569 0.000000
1692971979129326606 176.553941 0.000000
1692971979129371611 176.633837 0.000000
1692971979130069217 176.752247 0.000000
1692971979218136907 176.556712 0.000000
1692971979219114649 176.523045 0.000000
1692971979306714150 176.722939 0.000000
1692971979483294547 176.542224 0.000000
1692971979660958794 176.508475 0.000000
1692971979748116292 176.517386 0.000000
1692971979749349849 176.586361 0.000000
1692971979749388108 176.561548 0.000000
1692971980013200266 176.534370 0.000000
1692971980013246614 176.687892 0.000000
1692971980014276007 176.517075 0.000000
1692971980279481393 176.765547 0.000000
1692971980544793468 176.794214 0.000000
1692971980632764077 176.579210 0.000000
1692971980721522901 176.558051 0.000000
1692971980721717739 176.559935 0.000000
1692971980721740116 176.552393 0.000000
1692971980808936991 176.578112 0.000000
1692971980809029326 176.594183 0.000000
1692971980810108870 176.657982 0.000000
1692971980897831818 176.449814 0.000000
1692971980898627502 176.582332 0.000000
1692971980986695838 176.597994 0.000000
1692971981162529725 176.668507 0.000000
1692971981251107108 176.555790 0.000000
1692971981252193619 176.588552 0.000000
1692971981339642078 176.525424 0.000000
1692971981340735143 176.687421 0.000000
1692971981377019635 176.559650 0.000000
1692971981605115056 176.857050 0.000000
1692971981693774741 176.516738 0.000000
1692971981870342063 176.657392 0.000000
1692971981871115741 176.787238 0.000000
1692971982136252714 176.707262 0.000000
1692971982136407909 176.672482 0.000000
1692971982224245298 176.674982 0.000000
1692971982261398403 176.723681 0.000000
1692971982401715838 176.702114 0.000000
1692971982489121404 176.501634 0.000000
1692971983020537112 176.975255 0.000000
1692971983109019434 176.911997 0.000000
1692971983196804486 176.606983 0.000000
1692971983374464451 176.531052 0.000000
1692971983462132086 176.733874 0.000000
1692971983551639245 176.843700 0.000000
1692971983587088104 176.555233 0.000000
1692971983816157950 176.592454 0.000000
1692971983905132722 177.073889 0.000000
1692971984259159358 176.776558 0.000000
1692971984382649313 176.639589 0.000000
1692971984789960742 176.570223 0.000000
1692971984790249403 176.695113 0.000000
1692971985055191697 176.534886 0.000000
1692971985144110659 176.849858 0.000000
1692971985232576498 176.596028 0.000000
1692971985319599389 176.755709 0.000000
1692971985586102395 176.668085 0.000000
1692971985673720720 177.045508 0.000000
1692971986293373533 176.535156 0.000000
1692971986293841947 176.633440 0.000000
1692971986470663734 176.603866 0.000000
1692971986558521144 176.562465 0.000000
1692971986646722719 176.683441 0.000000
1692971986647249168 176.568268 0.000000
1692971986735630475 176.651262 0.000000
1692971986823511786 176.764238 0.000000
1692971986823603845 176.519169 0.000000
1692971987001143416 176.840311 0.000000
1692971987001329859 176.763457 0.000000
1692971987265830111 176.720131 0.000000
1692971987619673344 176.539567 0.000000
1692971987708470869 176.516363 0.000000
1692971987797092971 176.574282 0.000000
1692971987974103573 176.432638 0.000000
1692971987974214716 176.611133 0.000000
1692971988327451039 176.607484 0.000000
1692971988416112011 176.537642 0.000000
1692971988681573285 176.874484 0.000000
1692971988769698378 176.607379 0.000000
1692971988858527972 176.506911 0.000000
1692971988891834657 176.750001 0.000000
1692971989123768734 176.559773 0.000000
1692971989300269275 176.680268 0.000000
1692971989300918328 176.726922 0.000000
1692971989388797218 176.478806 0.000000
1692971989389320449 176.716994 0.000000
1692971989478036308 176.570042 0.000000
1692971989654689649 176.524783 0.000000
1692971989831432836 176.862318 0.000000
1692971989920051282 176.674424 0.000000
1692971990008115202 176.455085 0.000000
1692971990008412032 176.509391 0.000000
1692971990096475526 176.688823 0.000000
1692971990185024607 176.629906 0.000000
1692971990450207705 176.721559 0.000000
1692971990450341882 176.774427 0.000000
1692971990627697585 176.633205 0.000000
1692971990627898117 176.750978 0.000000
1692971990715737715 176.631375 0.000000
1692971990716259327 176.803536 0.000000
1692971990981714638 176.669383 0.000000
1692971991069450274 176.597410 0.000000
1692971991246541232 176.796088 0.000000
1692971991335342866 176.545735 0.000000
1692971991423685438 177.129010 0.000000
1692971991511770927 177.022548 0.000000
1692971991512103159 176.561552 0.000000
1692971991543933293 176.573985 0.000000
1692971991954131344 176.541621 0.000000
1692971992042802619 176.711429 0.000000
1692971992073994946 176.501570 0.000000
1692971992131565644 176.749483 0.000000
1692971992218814839 176.540728 0.000000
1692971992219563314 176.570748 0.000000
1692971992307180145 176.659745 0.000000
1692971992396054808 176.887592 0.000000
1692971992572830844 176.680465 0.000000
1692971992573617954 176.697278 0.000000
1692971992838282756 176.806967 0.000000
1692971992838626455 176.667383 0.000000
1692971992927071375 176.551548 0.000000
1692971993015530297 176.662992 0.000000
1692971993192116642 176.577163 0.000000
1692971993280062299 176.626452 0.000000
1692971993281358058 176.550302 0.000000
1692971993458057165 176.488773 0.000000
1692971993722494228 176.619752 0.000000
1692971993722549867 176.679045 0.000000
1692971993723130000 176.475673 0.000000
1692971993810701761 176.973515 0.000000
1692971993810810425 176.774672 0.000000
1692971993811505600 176.539275 0.000000
1692971993899255854 176.679491 0.000000
1692971994252941501 176.607664 0.000000
1692971994253628412 176.842670 0.000000
1692971994341831455 176.655136 0.000000
1692971994429871980 176.673156 0.000000
1692971994518158617 176.578611 0.000000
1692971994606452105 176.637479 0.000000
1692971994637695715 176.641132 0.000000
1692971994694787781 176.532102 0.000000
1692971994872315302 176.619371 0.000000
1692971994902797062 176.689580 0.000000
1692971994960080648 176.721188 0.000000
1692971995225587833 176.559624 0.000000
1692971995344671087 176.655505 0.000000
1692971995402736966 176.504389 0.000000
1692971995402927123 176.453310 0.000000
1692971995491470897 176.621902 0.000000
1692971995578827458 176.601775 0.000000
1692971995579567152 176.622002 0.000000
1692971995698333553 176.644033 0.000000
1692971995756468287 176.585813 0.000000
1692971995932441386 176.684187 0.000000
1692971996051898313 176.632958 0.000000
1692971996109173580 176.707752 0.000000
1692971996110522149 176.665408 0.000000
1692971996198742301 176.501498 0.000000
1692971996285932825 176.734984 0.000000
1692971996316864679 176.520703 0.000000
1692971996463359854 176.593566 0.000000
1692971996463812646 176.409954 0.000000
1692971996551842791 176.469316 0.000000
1692971996640317842 176.511160 0.000000
1692971996816445494 176.665142 0.000000
1692971996817258509 176.542873 0.000000
1692971996818056108 176.690346 0.000000
1692971996993678071 176.524781 0.000000
1692971997082240218 176.558885 0.000000
1692971997171119697 176.441381 0.000000
1692971997171451929 176.482452 0.000000
1692971997201323862 176.641312 0.000000
1692971997346980490 176.644821 0.000000
1692971997436533866 176.830145 0.000000
1692971997524184374 176.612895 0.000000
1692971997524525422 176.502348 0.000000
1692971997524740201 176.659032 0.000000
1692971997524767214 176.530058 0.000000
1692971997790105601 176.703166 0.000000
1692971998054823723 176.737175 0.000000
1692971998055049312 176.609243 0.000000
1692971998320330205 176.522029 0.000000
1692971998497556868 176.469137 0.000000
1692971998585913497 176.647967 0.000000
1692971998674298402 176.692600 0.000000
1692971999382012548 176.486802 0.000000
1692971999382371653 176.463047 0.000000
1692971999736009637 176.689568 0.000000
1692971999824309680 176.734843 0.000000
1692972000266950755 176.506920 0.000000
1692972000444067467 176.602356 0.000000
1692972000620735962 176.661122 0.000000
1692972000796967591 176.538888 0.000000
1692972000974101497 176.444865 0.000000
1692972000974212099 176.511640 0.000000
1692972001062269693 176.630616 0.000000
1692972001062574988 176.687343 0.000000
1692972001415885891 176.725096 0.000000
1692972001504705907 176.734513 0.000000
1692972001504748476 176.819631 0.000000
1692972001681003720 176.618434 0.000000
1692972001681125007 176.683253 0.000000
1692972001769579188 176.491423 0.000000
1692972001858795360 176.625304 0.000000
1692972001946147675 176.636891 0.000000
1692972002123771951 176.575388 0.000000
1692972002212194087 176.531672 0.000000
1692972002476918763 176.635407 0.000000
1692972002477718727 176.682662 0.000000
1692972002477819085 176.713604 0.000000
1692972002505341180 176.610344 0.000000
1692972002681863856 176.497732 0.000000
1692972002742506249 176.502945 0.000000
1692972002831418108 176.541008 0.000000
1692972003007657976 176.734012 0.000000
1692972003095848991 176.614233 0.000000
1692972003096297097 176.938491 0.000000
1692972003184482508 176.672868 0.000000
1692972003185418734 177.064198 0.000000
1692972003273020338 176.700914 0.000000
1692972003273667512 176.768271 0.000000
1692972003626533892 176.665262 0.000000
1692972003803762458 176.514968 0.000000
1692972003891611773 176.642172 0.000000
1692972004157228055 176.557697 0.000000
1692972004157238966 176.665703 0.000000
1692972004157781928 176.758739 0.000000
1692972004334076107 176.761575 0.000000
1692972004334654271 176.745092 0.000000
1692972004422654115 176.837025 0.000000
1692972004511433166 176.771437 0.000000
1692972004599669571 176.531225 0.000000
1692972004599784508 176.568787 0.000000
1692972004776052481 176.608936 0.000000
1692972004776143303 176.455139 0.000000
1692972004776725526 176.564363 0.000000
1692972004776801913 176.660747 0.000000
1692972004864364397 176.635337 0.000000
1692972004952761400 176.625284 0.000000
1692972004952796702 176.720510 0.000000
1692972005129314620 176.537274 0.000000
1692972005130303804 176.433658 0.000000
1692972005307407195 176.561150 0.000000
1692972005572519224 176.477200 0.000000
1692972005660407300 176.488636 0.000000
1692972005660882344 176.553367 0.000000
1692972005660931603 176.566241 0.000000
1692972006014221888 176.728053 0.000000
1692972006014323739 176.576947 0.000000
1692972006191115655 176.782483 0.000000
1692972006191217572 176.886741 0.000000
1692972006280077661 176.900107 0.000000
1692972006280110788 176.794567 0.000000
1692972006368087188 176.639723 0.000000
1692972006633419169 176.738723 0.000000
1692972006721831733 176.566967 0.000000
1692972006987023237 176.783421 0.000000
1692972007076303623 177.064259 0.000000
1692972007191173538 176.519777 0.000000
1692972007254018504 177.249188 0.000000
1692972007340918357 176.637291 0.000000
1692972007342292621 176.706748 0.000000
1692972007428816010 176.647024 0.000000
1692972007607372206 176.549792 0.000000
1692972007783245421 176.635266 0.000000
1692972007959470008 176.557210 0.000000
1692972007960795123 176.500423 0.000000
1692972008225979836 176.587776 0.000000
1692972008313382623 176.625749 0.000000
1692972008313738345 176.400340 0.000000
1692972008579684393 176.512617 0.000000
1692972008668108599 176.632796 0.000000
1692972008844443493 176.596026 0.000000
1692972008933085685 176.694374 0.000000
1692972008933304644 176.910376 0.000000
1692972009109513348 176.632149 0.000000
1692972009109984303 176.547687 0.000000
1692972009110124163 176.458164 0.000000
1692972009286660083 176.796657 0.000000
1692972009375182734 176.669551 0.000000
1692972009401289344 176.553612 0.000000
1692972009551956031 176.766832 0.000000
1692972009552022129 176.579566 0.000000
1692972009640347535 176.586754 0.000000
1692972009905907897 176.594717 0.000000
1692972009906424182 176.684927 0.000000
1692972009994912316 176.604881 0.000000
1692972010082692971 176.760402 0.000000
1692972010171317081 176.588267 0.000000
1692972010171399884 176.569629 0.000000
1692972010171439080 176.584543 0.000000
1692972010260499825 176.740887 0.000000
1692972010436595147 176.803081 0.000000
1692972010702567174 176.655398 0.000000
1692972010702674624 176.714350 0.000000
1692972010790099909 176.621695 0.000000
1692972010791027339 176.546074 0.000000
1692972010878867542 176.718064 0.000000
1692972011168809314 176.581897 0.000000
1692972011232432153 176.608691 0.000000
1692972011321654028 176.540190 0.000000
1692972011587174010 176.428676 0.000000
1692972011674480338 176.581374 0.000000
1692972011762934137 176.595368 0.000000
1692972011851309109 176.601483 0.000000
1692972011940083287 176.518169 0.000000
1692972012052298166 176.586838 0.000000
1692972012117118037 176.549998 0.000000
1692972012381740157 176.509449 0.000000
1692972012383543283 176.557084 0.000000
1692972012383575819 176.581176 0.000000
1692972012558753783 176.743889 0.000000
1692972012649163748 176.631638 0.000000
1692972012737390705 176.479218 0.000000
1692972012737716633 176.721335 0.000000
1692972013088746508 176.495256 0.000000
1692972013089392379 176.493276 0.000000
1692972013289577318 176.581626 0.000000
1692972013444267239 176.684225 0.000000
1692972013531799201 176.620837 0.000000
1692972013620012015 176.740800 0.000000
1692972013885152520 176.564837 0.000000
1692972013973396447 176.562783 0.000000
1692972014061896283 176.700929 0.000000
1692972014151114509 176.520072 0.000000
1692972014415713932 176.770530 0.000000
1692972014415816740 176.937754 0.000000
1692972014769245490 176.627804 0.000000
1692972014769688540 176.690334 0.000000
1692972014946385508 176.691130 0.000000
1692972014946612110 176.704431 0.000000
1692972015123210360 176.522043 0.000000
1692972015123278960 176.650281 0.000000
1692972015123788333 176.632199 0.000000
1692972015211939584 176.508467 0.000000
1692972015300112060 176.535724 0.000000
1692972015322918936 176.532927 0.000000
1692972015388230550 176.597162 0.000000
1692972015476995878 176.774734 0.000000
1692972015477290618 176.850105 0.000000
1692972015919120489 176.659301 0.000000
1692972016007937382 176.880039 0.000000
1692972016450327014 176.514178 0.000000
1692972016539171807 176.810453 0.000000
1692972016539199762 176.718339 0.000000
1692972016539444110 176.749291 0.000000
1692972016627562138 176.535634 0.000000
1692972016628130279 176.922743 0.000000
1692972016715821856 176.635000 0.000000
1692972016716069161 176.610167 0.000000
1692972016803946205 176.695184 0.000000
1692972016981036634 176.707033 0.000000
1692972016981369813 176.501465 0.000000
1692972017157835244 176.663330 0.000000
1692972017246974276 176.714294 0.000000
1692972017334498780 176.684033 0.000000
1692972017334501576 176.651969 0.000000
1692972017334714917 176.625217 0.000000
1692972017423016853 176.683833 0.000000
1692972017511094438 176.660875 0.000000
1692972017511712650 176.588572 0.000000
1692972017688597546 176.802204 0.000000
1692972017865533354 176.665401 0.000000
1692972017865656385 176.631171 0.000000
1692972018130092663 176.732977 0.000000
1692972018130300526 176.766656 0.000000
1692972018219168738 176.561954 0.000000
1692972018395370902 176.534475 0.000000
1692972018483478987 176.602369 0.000000
1692972018484084369 176.641240 0.000000
1692972018484304581 176.522237 0.000000
1692972018660212116 176.711398 0.000000
1692972018660772132 176.679364 0.000000
1692972018660878600 176.556352 0.000000
1692972018749910577 176.587294 0.000000
1692972018838055213 176.644005 0.000000
1692972019013937754 176.540274 0.000000
1692972019015050540 176.775997 0.000000
1692972019369106651 176.531013 0.000000
1692972019457732961 176.623017 0.000000
1692972019544506611 176.613049 0.000000
1692972019632904635 176.649484 0.000000
1692972019898215229 176.581531 0.000000
1692972020164890987 176.549411 0.000000
1692972020252846237 176.580593 0.000000
1692972020253553104 176.852084 0.000000
1692972020273339787 176.559474 0.000000
1692972020517594488 176.555058 0.000000
1692972020782993944 176.681297 0.000000
1692972020783066939 176.951555 0.000000
1692972020872211343 176.518369 0.000000
1692972020960189346 176.932081 0.000000
1692972021137606583 177.027977 0.000000
1692972021226336945 176.769686 0.000000
1692972021402659649 176.485492 0.000000
1692972021490120330 176.538686 0.000000
1692972021668372908 176.638868 0.000000
1692972021668382460 176.670502 0.000000
1692972021844998055 176.870136 0.000000
1692972021933709714 176.667089 0.000000
1692972022109700300 176.618375 0.000000
1692972022110100941 176.599817 0.000000
1692972022198634210 176.575044 0.000000
1692972022375609229 176.591419 0.000000
1692972022552327326 176.524798 0.000000
1692972022552439607 176.613930 0.000000
1692972022729317361 176.863301 0.000000
1692972022906319945 176.751976 0.000000
1692972022906591576 176.789222 0.000000
1692972022906861834 176.787834 0.000000
1692972022994984278 176.592500 0.000000
1692972022995392938 176.642065 0.000000
1692972023083662473 176.683342 0.000000
1692972023260831107 176.862086 0.000000
1692972023348332067 176.725314 0.000000
1692972023348445836 176.556767 0.000000
1692972023436710120 176.715783 0.000000
1692972023525201717 176.782698 0.000000
1692972023526203735 176.775110 0.000000
1692972023614620523 176.671273 0.000000
1692972023702701115 176.528968 0.000000
1692972023702755536 176.534927 0.000000
1692972023790258090 176.604754 0.000000
1692972023790347452 176.516369 0.000000
1692972023791232625 176.549316 0.000000
1692972023879157794 176.440733 0.000000
1692972023966905036 176.629831 0.000000
1692972023966945390 176.551895 0.000000
1692972023967026007 176.502992 0.000000
1692972023967245913 176.670251 0.000000
1692972024144595968 176.660975 0.000000
1692972024231971923 176.621051 0.000000
1692972024408994964 176.607666 0.000000
1692972024409137811 176.627898 0.000000
1692972024409158930 176.603672 0.000000
1692972024586226821 176.869214 0.000000
1692972024763393916 176.503117 0.000000
1692972024851159005 176.546839 0.000000
1692972024851880191 176.559804 0.000000
1692972024851991479 176.455186 0.000000
1692972024957814812 176.671259 0.000000
1692972025028248875 176.530947 0.000000
1692972025204885218 176.560527 0.000000
1692972025205063096 176.492579 0.000000
1692972025293349606 176.754858 0.000000
1692972025381548047 176.649157 0.000000
1692972025470938502 176.583629 0.000000
1692972025735293194 176.821357 0.000000
1692972025735483686 176.547706 0.000000
1692972025824154600 176.660839 0.000000
1692972025824207859 176.625567 0.000000
1692972025824784604 176.551350 0.000000
1692972026266029012 176.755729 0.000000
1692972026372289220 176.587314 0.000000
1692972026443781157 176.855957 0.000000
1692972026531561836 176.478250 0.000000
1692972026619884981 176.652034 0.000000
1692972026796459640 176.522337 0.000000
1692972026884921237 176.611840 0.000000
1692972026974197141 176.755824 0.000000
1692972027063032006 176.906651 0.000000
1692972027151606915 176.554276 0.000000
1692972027327919435 176.683937 0.000000
1692972027327968468 176.778332 0.000000
1692972027504958162 176.667354 0.000000
1692972027593362130 176.887776 0.000000
1692972027593531623 176.524622 0.000000
1692972027681681400 176.562736 0.000000
1692972027770480817 176.876049 0.000000
1692972027946539076 176.671965 0.000000
1692972028052248534 176.616115 0.000000
1692972028123789514 176.533071 0.000000
1692972028212072993 176.562936 0.000000
1692972028317252760 176.565121 0.000000
1692972028388623355 176.601135 0.000000
1692972028388818538 176.501283 0.000000
1692972028389048222 176.482575 0.000000
1692972028478118182 176.605501 0.000000
1692972028742541779 176.660348 0.000000
1692972028831530446 176.667710 0.000000
1692972028919139746 176.679602 0.000000
1692972029008704196 176.686353 0.000000
1692972029097088884 176.553208 0.000000
1692972029449999692 176.669609 0.000000
1692972029627077149 176.655161 0.000000
1692972029715373426 176.826964 0.000000
1692972029716472475 176.879712 0.000000
1692972029716517991 176.902931 0.000000
1692972029731575707 176.572789 0.000000
1692972029804840319 176.579629 0.000000
1692972029804921071 176.587393 0.000000
1692972029980713622 176.732801 0.000000
1692972029980759679 176.736409 0.000000
1692972030069279416 176.667329 0.000000
1692972030069391151 176.801636 0.000000
1692972030069766974 176.470751 0.000000
1692972030158102588 176.658438 0.000000
1692972030261811552 176.598864 0.000000
1692972030334886653 176.767300 0.000000
1692972030423140783 176.703197 0.000000
1692972030511543818 176.641809 0.000000
1692972030600184957 176.892903 0.000000
1692972030777397507 176.647698 0.000000
1692972030865719249 176.797501 0.000000
1692972030865741310 176.605094 0.000000
1692972030865762550 176.518923 0.000000
1692972030953687765 176.654749 0.000000
1692972031042879032 176.947539 0.000000
1692972031483977670 176.590030 0.000000
1692972031498864694 176.506651 0.000000
1692972031573331234 176.689754 0.000000
1692972031926690323 176.680409 0.000000
1692972031926690393 176.534360 0.000000
1692972032015386479 176.754305 0.000000
1692972032104007005 176.820870 0.000000
1692972032206290025 176.699041 0.000000
1692972032368996246 176.549694 0.000000
1692972032369683763 176.660943 0.000000
1692972032369780528 176.713205 0.000000
1692972032635428465 177.046891 0.000000
1692972032812118170 176.515425 0.000000
1692972032899910786 176.685099 0.000000
1692972032899999929 176.594659 0.000000
1692972032900206153 176.626914 0.000000
1692972033165283002 176.671874 0.000000
1692972033165361434 176.552286 0.000000
1692972033165587264 176.543591 0.000000
1692972033253779770 176.604267 0.000000
1692972033254385092 176.683866 0.000000
1692972033267127337 176.592475 0.000000
1692972033341982339 176.683551 0.000000
1692972033430445394 176.582030 0.000000
1692972033430757585 176.939806 0.000000
1692972033431312424 176.870701 0.000000
1692972033519010923 176.771817 0.000000
1692972033519223928 176.654719 0.000000
1692972033695663291 176.630588 0.000000
1692972033784366063 176.855790 0.000000
1692972033872367495 176.678659 0.000000
1692972033873616342 176.536228 0.000000
1692972033885817124 176.532004 0.000000
1692972033961350338 176.790284 0.000000
1692972033962079964 176.565427 0.000000
1692972034138593941 176.541351 0.000000
1692972034226459186 176.557062 0.000000
1692972034227402804 176.573379 0.000000
1692972034315135682 176.517590 0.000000
1692972034934669926 176.875417 0.000000
1692972035111630486 176.849622 0.000000
1692972035111671586 176.746738 0.000000
1692972035288914051 176.688888 0.000000
1692972035376793655 176.721614 0.000000
1692972035466246951 177.324485 0.000000
1692972035553838946 176.498926 0.000000
1692972035642268638 176.633994 0.000000
1692972035908417634 176.617989 0.000000
1692972035908582748 176.694597 0.000000
1692972036172891624 176.666912 0.000000
1692972036173682073 176.660758 0.000000
1692972036351086539 176.724546 0.000000
1692972036526997825 176.884698 0.000000
1692972036792770401 176.549945 0.000000
1692972036793128773 176.517871 0.000000
1692972036881465398 176.537072 0.000000
1692972036969292476 176.551541 0.000000
1692972036969677559 176.540320 0.000000
1692972037145847257 176.547688 0.000000
1692972037234335044 176.564519 0.000000
1692972037323116905 176.552506 0.000000
1692972037411357192 176.594694 0.000000
1692972037500102375 176.574508 0.000000
1692972037676925627 176.817100 0.000000
1692972037765411464 177.013427 0.000000
1692972037853726330 176.901026 0.000000
1692972037941992016 176.573044 0.000000
1692972038030961823 176.798447 0.000000
1692972038031068722 176.692887 0.000000
1692972038119069943 176.786329 0.000000
1692972038119486536 176.459760 0.000000
1692972038208148974 176.825249 0.000000
1692972038296991531 177.389451 0.000000
1692972038561990588 176.523218 0.000000
1692972038658471447 176.562640 0.000000
1692972038738893428 176.601003 0.000000
1692972038827255398 176.704845 0.000000
1692972038827273269 176.451396 0.000000
1692972038835091204 176.595892 0.000000
1692972038915752366 176.770196 0.000000
1692972039004244102 177.045958 0.000000
1692972039181506759 176.877962 0.000000
1692972039181662947 176.834261 0.000000
1692972039534933799 176.763766 0.000000
1692972039535030368 176.567806 0.000000
1692972039624015211 176.616149 0.000000
1692972039624130879 176.630783 0.000000
1692972039800559036 176.609313 0.000000
1692972039977473002 176.717699 0.000000
1692972039977612526 176.606842 0.000000
1692972039978394073 177.125051 0.000000
1692972040066609432 176.556981 0.000000
1692972040154242808 176.763260 0.000000
1692972040154336009 176.809032 0.000000
1692972040596425036 176.745940 0.000000
1692972040596893590 176.737961 0.000000
1692972040597354326 176.612059 0.000000
1692972040773346941 176.545946 0.000000
1692972040774109062 176.604502 0.000000
1692972040949809001 176.598347 0.000000
1692972040950398170 176.517178 0.000000
1692972040950415566 176.473632 0.000000
1692972041039145801 176.541354 0.000000
1692972041392199884 176.556499 0.000000
1692972041392737333 176.453705 0.000000
1692972041657665270 176.703542 0.000000
1692972041658213353 176.620133 0.000000
1692972041658267529 176.585652 0.000000
1692972042100528821 176.587782 0.000000
1692972042188575653 176.605374 0.000000
1692972042188999814 176.664190 0.000000
1692972042454193904 176.690647 0.000000
1692972042541930951 176.519740 0.000000
1692972042542263805 176.551128 0.000000
1692972042630973116 176.609252 0.000000
1692972042719534659 176.565711 0.000000
1692972043073176403 176.633504 0.000000
1692972043249459597 176.666009 0.000000
1692972043249625733 176.734809 0.000000
1692972043338451015 176.694300 0.000000
1692972043869071484 176.682859 0.000000
1692972043869628348 176.836114 0.000000
1692972043957122455 176.607077 0.000000
1692972043957753838 176.870975 0.000000
1692972043957992598 176.476874 0.000000
1692972044045675534 176.558058 0.000000
1692972044311975224 176.616314 0.000000
1692972044399309313 176.708147 0.000000
1692972044577096102 176.549774 0.000000
1692972044841596139 176.776541 0.000000
1692972044842071288 176.502975 0.000000
1692972044842590515 176.608741 0.000000
1692972044929817051 176.654377 0.000000
1692972045106632698 176.627755 0.000000
1692972045107784565 176.648012 0.000000
1692972045110844441 176.483766 0.000000
1692972045460503152 176.729491 0.000000
1692972045549912415 176.586584 0.000000
1692972045726478402 176.410906 0.000000
1692972045729342814 176.496065 0.000000
1692972045902595370 176.711415 0.000000
1692972045904026190 176.503957 0.000000
1692972045990942534 176.649435 0.000000
1692972045991018922 176.564743 0.000000
1692972046080882211 176.698905 0.000000
1692972046168025162 176.682487 0.000000
1692972046256448644 176.807583 0.000000
1692972046256496425 176.625951 0.000000
1692972046256534258 176.749378 0.000000
1692972046344946955 176.900138 0.000000
1692972046345033957 176.762654 0.000000
1692972046348279460 176.560524 0.000000
1692972046433302866 176.762383 0.000000
1692972046521807291 176.798863 0.000000
1692972046610329693 176.651476 0.000000
1692972046610824899 176.652117 0.000000
1692972046787353774 176.853495 0.000000
1692972046787399270 176.695548 0.000000
1692972046875534667 176.888516 0.000000
1692972046964239273 176.756339 0.000000
1692972047052908582 176.474900 0.000000
1692972047229678171 176.462191 0.000000
1692972047406842027 176.532915 0.000000
1692972047583456196 176.819350 0.000000
1692972047583725136 176.660762 0.000000
1692972047759919669 176.784815 0.000000
1692972047760706808 176.835844 0.000000
1692972047848701022 176.691293 0.000000
1692972047936537997 176.598080 0.000000
1692972048113632105 176.558434 0.000000
1692972048202861225 176.576220 0.000000
1692972048467663814 176.676698 0.000000
1692972048467821916 176.465869 0.000000
1692972048556540639 176.699542 0.000000
1692972048644219527 176.611988 0.000000
1692972048644316737 176.631288 0.000000
1692972048733227647 176.659047 0.000000
1692972048821301342 176.758434 0.000000
1692972048821447501 176.549442 0.000000
1692972048998239202 176.588759 0.000000
1692972048998488326 176.817014 0.000000
1692972049087155314 176.731902 0.000000
1692972049175157176 176.866916 0.000000
1692972049175424658 176.894009 0.000000
1692972049175696369 176.749012 0.000000
1692972049264166825 177.215977 0.000000
1692972049441459776 176.572031 0.000000
1692972049971009154 176.616038 0.000000
1692972049971125014 176.472474 0.000000
1692972049971867149 176.579994 0.000000
1692972050060409963 176.593850 0.000000
1692972050147826260 176.588604 0.000000
1692972050236719608 176.654382 0.000000
1692972050413624432 176.430316 0.000000
1692972050678704931 176.599213 0.000000
1692972050767109400 176.620002 0.000000
1692972050855540875 176.826813 0.000000
1692972050855649402 176.800211 0.000000
1692972050855755053 176.644283 0.000000
1692972050943947598 176.820287 0.000000
1692972050944283233 176.547537 0.000000
1692972050944340601 176.549984 0.000000
1692972051032593727 176.832605 0.000000
1692972051563074259 176.757736 0.000000
1692972051740609859 176.659994 0.000000
1692972051828857818 176.856817 0.000000
1692972051829076206 176.504123 0.000000
1692972052006342238 176.894495 0.000000
1692972052094636430 176.539820 0.000000
1692972052182785283 176.825934 0.000000
1692972052536745425 176.512867 0.000000
1692972052713099935 176.588994 0.000000
1692972052713501197 176.672584 0.000000
1692972052714357211 176.565179 0.000000
1692972052802208634 176.559215 0.000000
1692972053248490377 176.902222 0.000000
1692972053336846637 176.714741 0.000000
1692972053512963665 176.622016 0.000000
1692972053514623131 177.116636 0.000000
1692972053601539386 176.690390 0.000000
1692972053601771180 176.684216 0.000000
1692972053602863383 176.955862 0.000000
1692972053690154478 176.546656 0.000000
1692972053778432051 176.671009 0.000000
1692972053955165606 176.635281 0.000000
1692972054486806779 176.709725 0.000000
1692972054751160444 176.724383 0.000000
1692972054751683830 176.505650 0.000000
1692972054839756808 176.574320 0.000000
1692972055370514302 176.689051 0.000000
1692972055547248499 176.592908 0.000000
1692972055636569161 176.601107 0.000000
1692972055723895899 176.515814 0.000000
1692972055724076198 176.722058 0.000000
1692972055812437721 176.558253 0.000000
1692972055812575260 176.600550 0.000000
1692972055902127275 176.847199 0.000000
1692972056077489267 176.531360 0.000000
1692972056166953383 176.564297 0.000000
1692972056431412061 176.788562 0.000000
1692972056431623563 176.582684 0.000000
1692972056608377029 176.551055 0.000000
1692972056608433976 176.554608 0.000000
1692972056785290216 176.890619 0.000000
1692972056962248308 176.481660 0.000000
1692972056962821836 176.710853 0.000000
1692972056962888441 176.664094 0.000000
1692972057050590110 176.615806 0.000000
1692972057139761900 176.510019 0.000000
1692972057316214227 177.104021 0.000000
1692972057316460569 176.765729 0.000000
1692972057316657166 176.940360 0.000000
1692972057581872974 176.554053 0.000000
1692972057759487823 176.933395 0.000000
1692972057848507931 176.909559 0.000000
1692972057935351501 176.628771 0.000000
1692972058024268199 176.581707 0.000000
1692972058112267535 176.633638 0.000000
1692972058555654123 176.601332 0.000000
1692972058555959663 176.623549 0.000000
1692972058642941409 176.722564 0.000000
1692972058732573915 176.596532 0.000000
1692972058732605308 176.606450 0.000000
1692972058821001973 176.491953 0.000000
1692972058996782392 176.676242 0.000000
1692972059085207262 176.601117 0.000000
1692972059086035803 176.619995 0.000000
1692972059086123807 176.512245 0.000000
1692972059350711776 176.896694 0.000000
1692972059351302158 176.573833 0.000000
1692972059439201336 176.796697 0.000000
1692972059615835215 176.552479 0.000000
1692972059881283923 176.468645 0.000000
1692972059882263906 176.892880 0.000000
1692972060058775901 176.744666 0.000000
1692972060058777780 176.647099 0.000000
1692972060146128929 176.678692 0.000000
1692972060412205653 176.629463 0.000000
1692972060412763550 176.699486 0.000000
1692972060677818032 176.551938 0.000000
1692972060765027698 176.660475 0.000000
1692972060942145470 176.735048 0.000000
1692972061118807163 176.580794 0.000000
1692972061207225067 176.591945 0.000000
1692972061207638773 176.522474 0.000000
1692972061383972758 176.610082 0.000000
1692972061561031574 176.529626 0.000000
1692972061561364438 176.527020 0.000000
1692972061826101708 176.694654 0.000000
1692972061826318668 176.582759 0.000000
1692972062003509545 176.548210 0.000000
1692972062180373122 176.903499 0.000000
1692972062269063268 176.542932 0.000000
1692972062357007204 176.824972 0.000000
1692972062357051552 176.766696 0.000000
1692972062534474339 176.467302 0.000000
1692972062710625144 176.651668 0.000000
1692972062710684086 176.595769 0.000000
1692972062800031465 176.917201 0.000000
1692972062888459307 176.682902 0.000000
1692972063153169825 176.644117 0.000000
1692972063241856893 176.787530 0.000000
1692972063418368587 176.644387 0.000000
1692972063507479541 176.633046 0.000000
1692972063595007244 176.661810 0.000000
1692972063683870745 176.701003 0.000000
1692972063684044253 176.552142 0.000000
1692972063772817026 176.663648 0.000000
1692972063861163364 176.787841 0.000000
1692972063949068079 176.737679 0.000000
1692972064214247226 176.712942 0.000000
1692972064391068725 176.571031 0.000000
1692972064392235471 176.620396 0.000000
1692972064479618122 176.534206 0.000000
1692972064744775145 176.763815 0.000000
1692972064834330567 176.638253 0.000000
1692972065010338259 176.770917 0.000000
1692972065187911275 176.695651 0.000000
1692972065363331722 176.628594 0.000000
1692972065363633603 176.557335 0.000000
1692972065364462274 176.530167 0.000000
1692972065805618326 176.620141 0.000000
1692972065806687271 176.481594 0.000000
1692972065893801053 176.689752 0.000000
1692972065982564510 176.633451 0.000000
1692972065983250986 176.598180 0.000000
1692972066336158553 176.652906 0.000000
1692972066336515738 176.586432 0.000000
1692972066424705907 176.792391 0.000000
1692972066513231586 176.398607 0.000000
1692972066601482326 176.631657 0.000000
1692972066601727415 176.686665 0.000000
1692972066778304706 176.539092 0.000000
1692972066866932798 176.632094 0.000000
1692972066955700394 176.630404 0.000000
1692972066955727246 176.539069 0.000000
1692972067043210899 176.587319 0.000000
1692972067132565418 176.796125 0.000000
1692972067220992313 176.696929 0.000000
1692972067308630268 177.014307 0.000000
1692972067573976714 176.857186 0.000000
1692972068193891842 176.596670 0.000000
1692972068281993045 176.465150 0.000000
1692972068723884205 176.732867 0.000000
1692972068812516260 176.532545 0.000000
1692972068989486925 176.763294 0.000000
1692972069077388013 176.546589 0.000000
1692972069165526521 176.716750 0.000000
1692972069342705365 176.468323 0.000000
1692972069430887410 176.639861 0.000000
1692972069519222065 176.755594 0.000000
1692972069607565971 176.657558 0.000000
1692972069607841837 176.742234 0.000000
1692972069696702690 176.524523 0.000000
1692972069784957720 176.826174 0.000000
1692972069784988461 176.756381 0.000000
1692972069785033351 176.571317 0.000000
1692972069872823690 176.673846 0.000000
1692972070139305419 176.973296 0.000000
1692972070226801935 176.694888 0.000000
1692972070227601724 176.823618 0.000000
1692972070227643952 176.816340 0.000000
1692972070404457743 176.845233 0.000000
1692972070669821653 176.884635 0.000000
1692972070845595135 176.607075 0.000000
1692972070846654913 176.647158 0.000000
1692972071023421018 176.636303 0.000000
1692972071110902144 176.609515 0.000000
1692972071111654302 176.559990 0.000000
1692972071287783947 176.796245 0.000000
1692972071376339695 176.822991 0.000000
1692972071554041890 176.808874 0.000000
1692972071554071600 177.065050 0.000000
1692972071642488370 176.929108 0.000000
1692972071730469452 176.489496 0.000000
1692972071731000396 176.670542 0.000000
1692972071906872919 176.577947 0.000000
1692972072084515305 176.589293 0.000000
1692972072172198983 176.716067 0.000000
1692972072172702790 176.520509 0.000000
1692972072349494551 176.635680 0.000000
1692972072349862637 176.518759 0.000000
1692972072350043397 176.500069 0.000000
1692972072350102985 176.537178 0.000000
1692972072437405005 176.726857 0.000000
1692972072437407906 176.805110 0.000000
1692972072437740940 176.763398 0.000000
1692972072526022662 176.739969 0.000000
1692972072702986767 176.638232 0.000000
1692972072703360285 176.612252 0.000000
1692972072791301174 176.533313 0.000000
1692972072968515235 176.870257 0.000000
1692972072968547424 176.859442 0.000000
1692972072968634447 176.795433 0.000000
1692972073056535794 176.594256 0.000000
1692972073057011685 176.422587 0.000000
1692972073321797070 176.835425 0.000000
1692972073410569688 176.502331 0.000000
1692972073498481921 176.693426 0.000000
1692972073675530882 176.648010 0.000000
1692972073676018736 176.558601 0.000000
1692972073676135086 176.523285 0.000000
1692972073676368123 176.500561 0.000000
1692972073852493703 176.983133 0.000000
1692972074118241641 176.501921 0.000000
1692972074118450542 176.501825 0.000000
1692972074119028184 176.566410 0.000000
1692972074559560034 176.628791 0.000000
1692972074825090048 176.594649 0.000000
1692972074913539025 176.523489 0.000000
1692972075621790873 176.701481 0.000000
1692972075710253718 176.629541 0.000000
1692972075710290699 176.694693 0.000000
1692972075798643340 176.726768 0.000000
1692972075886831644 176.572113 0.000000
1692972076152106011 176.541106 0.000000
1692972076240359391 176.649182 0.000000
1692972076328913777 176.625116 0.000000
1692972076417004399 176.605005 0.000000
1692972076505447149 176.564996 0.000000
1692972076682430654 176.389188 0.000000
1692972076771488468 176.792830 0.000000
1692972076948077336 176.453949 0.000000
1692972077125016663 176.992495 0.000000
1692972077125083177 177.078344 0.000000
1692972077213014433 176.838878 0.000000
1692972077390457475 176.484926 0.000000
1692972077478692608 176.834568 0.000000
1692972077654938895 176.637270 0.000000
1692972077655356595 176.694012 0.000000
1692972077832400450 176.697294 0.000000
1692972077832752628 176.665444 0.000000
1692972077832929344 176.817102 0.000000
1692972078451005616 176.554873 0.000000
1692972078716058737 176.715756 0.000000
1692972078805551438 176.739838 0.000000
1692972078893092969 176.738590 0.000000
1692972079159008095 176.806814 0.000000
1692972079335164161 176.770920 0.000000
1692972079423757401 176.641715 0.000000
1692972079424542095 176.711101 0.000000
1692972079600636317 176.508510 0.000000
1692972079600888839 176.796539 0.000000
1692972079601210516 176.524326 0.000000
1692972079865755653 176.598659 0.000000
1692972079866462049 176.730621 0.000000
1692972080042495149 176.736831 0.000000
1692972080042850064 176.403315 0.000000
1692972080043115521 176.568559 0.000000
1692972080220072784 176.625422 0.000000
1692972080485624049 176.730596 0.000000
1692972080573764977 176.617969 0.000000
1692972080573941462 176.494247 0.000000
1692972080661999223 176.582702 0.000000
1692972080662297552 176.571962 0.000000
1692972080750818850 176.763212 0.000000
1692972080838584657 176.569632 0.000000
1692972080839846184 176.928781 0.000000
1692972081015456015 176.619683 0.000000
1692972081192548351 176.539922 0.000000
1692972081370376433 176.655637 0.000000
1692972081547571739 176.723579 0.000000
1692972081634527027 176.602814 0.000000
1692972081635914467 176.853892 0.000000
1692972081722630725 176.600874 0.000000
1692972081813828919 177.337908 0.000000
1692972081987739652 176.637590 0.000000
1692972082166284749 176.443193 0.000000
1692972082166790134 176.458949 0.000000
1692972082167353719 176.554787 0.000000
1692972082343344681 176.455477 0.000000
1692972082344179727 176.810953 0.000000
1692972082430023717 176.625220 0.000000
1692972082431659197 176.457130 0.000000
1692972082520616855 176.631580 0.000000
1692972082696629502 176.740875 0.000000
1692972082785478061 176.481016 0.000000
1692972082873388489 176.651291 0.000000
1692972082873426747 176.501007 0.000000
1692972083049210097 176.646636 0.000000
1692972083050496021 176.666407 0.000000
1692972083051758771 176.636202 0.000000
1692972083227284912 176.777735 0.000000
1692972083315833944 176.745135 0.000000
1692972083316047851 176.684209 0.000000
1692972083316892780 176.555765 0.000000
1692972083404322566 176.712890 0.000000
1692972083491344009 176.661460 0.000000
1692972083668237487 176.627962 0.000000
1692972083757977253 176.500898 0.000000
1692972083846907751 176.515761 0.000000
1692972084023321927 176.674761 0.000000
1692972084111580954 176.609038 0.000000
1692972084111663707 176.674204 0.000000
1692972084199678187 176.522752 0.000000
1692972084288627304 176.633311 0.000000
1692972084375846401 176.637079 0.000000
1692972084375889621 176.611770 0.000000
1692972084465809715 176.711661 0.000000
1692972084641031419 176.711256 0.000000
1692972084642302493 176.523931 0.000000
1692972084819402863 176.590345 0.000000
1692972084907945611 176.650645 0.000000
1692972084995324027 176.624819 0.000000
1692972085083711268 176.609048 0.000000
1692972085084352348 176.531814 0.000000
1692972085259910298 176.530295 0.000000
1692972085525213947 176.731056 0.000000
1692972085613767806 176.723043 0.000000
1692972085878990812 176.610016 0.000000
1692972085879081277 176.569617 0.000000
1692972085880395451 176.741541 0.000000
1692972085967466674 176.823752 0.000000
1692972085968815674 176.742172 0.000000
1692972086056126253 176.742297 0.000000
1692972086322127749 176.484804 0.000000
1692972086676506567 176.789873 0.000000
1692972086852285024 176.632673 0.000000
1692972087028976294 176.563016 0.000000
1692972087118955009 176.753950 0.000000
1692972087207060444 176.570097 0.000000
1692972087295659954 176.695914 0.000000
1692972087384059910 176.780562 0.000000
1692972087384088928 176.619503 0.000000
1692972087470989889 176.656548 0.000000
1692972087472326566 176.702921 0.000000
1692972087825918601 176.637850 0.000000
1692972087826190257 176.524607 0.000000
1692972087913067484 176.611553 0.000000
1692972088090143171 176.475843 0.000000
1692972088267952178 176.633379 0.000000
1692972088443782982 176.565621 0.000000
1692972088531904721 176.644355 0.000000
1692972088533017377 176.497448 0.000000
1692972088620468272 176.703973 0.000000
1692972088798204731 176.693560 0.000000
1692972088973868059 176.564053 0.000000
1692972089062336149 176.495971 0.000000
1692972089063378461 176.610071 0.000000
1692972089327341604 176.619572 0.000000
1692972089327611050 176.649802 0.000000
1692972089327963564 176.637328 0.000000
1692972089416103019 176.686493 0.000000
1692972089416594922 176.523368 0.000000
1692972089592498961 176.698476 0.000000
1692972089681509802 176.586345 0.000000
1692972089857868268 176.543580 0.000000
1692972089857871615 176.677572 0.000000
1692972089947107919 176.571646 0.000000
1692972089947263862 176.467173 0.000000
1692972090035644769 176.573831 0.000000
1692972090124018247 176.512313 0.000000
1692972090300859339 176.608041 0.000000
1692972090388879547 176.842048 0.000000
1692972090389060949 176.647516 0.000000
1692972090831974951 176.910368 0.000000
1692972091009146070 176.985724 0.000000
1692972091096440256 176.649121 0.000000
1692972091096996745 176.608085 0.000000
1692972091097333031 176.783918 0.000000
1692972091451098994 176.497629 0.000000
1692972091538856597 176.803604 0.000000
1692972091627417001 176.818309 0.000000
1692972091627833409 176.627621 0.000000
1692972092158536752 176.583011 0.000000
1692972092158787886 176.610861 0.000000
1692972092246563380 176.659990 0.000000
1692972092334614265 176.590790 0.000000
1692972092335140037 176.588395 0.000000
1692972092335429199 176.804227 0.000000
1692972092335583623 176.778777 0.000000
1692972092335697888 176.732745 0.000000
1692972092424008014 176.552511 0.000000
1692972092599995613 176.666681 0.000000
1692972092600523560 176.534244 0.000000
1692972092777866633 176.742818 0.000000
1692972093042028061 176.615918 0.000000
1692972093131222640 176.994267 0.000000
1692972093308205073 176.565481 0.000000
1692972093396514760 176.580802 0.000000
1692972093396882975 176.586485 0.000000
1692972093484727149 176.544007 0.000000
1692972093572273615 176.601474 0.000000
1692972093572641460 176.504093 0.000000
1692972093661684982 176.590589 0.000000
1692972094014200900 176.561347 0.000000
1692972094104446154 176.508454 0.000000
1692972094191988210 176.483740 0.000000
1692972094545287674 176.982692 0.000000
1692972094545747452 176.577289 0.000000
1692972094546105795 176.399144 0.000000
1692972094633519820 176.742452 0.000000
1692972094634356038 176.416304 0.000000
1692972094898803616 176.692711 0.000000
1692972095164359399 176.730069 0.000000
1692972095164764671 176.694366 0.000000
1692972095341302783 176.670645 0.000000
1692972095518249862 176.608256 0.000000
1692972095518809597 176.608276 0.000000
1692972095694813282 176.605824 0.000000
1692972095695629720 176.734628 0.000000
1692972095783562559 176.670164 0.000000
1692972095871448982 176.604036 0.000000
1692972096137643264 176.703948 0.000000
1692972096403350774 176.538607 0.000000
1692972096667780751 176.670034 0.000000
1692972096756868570 176.465579 0.000000
1692972096932661401 176.680649 0.000000
1692972097287158006 176.558319 0.000000
1692972097375013972 176.618669 0.000000
1692972097375182058 176.475126 0.000000
1692972097376099154 177.158308 0.000000
1692972097463291217 176.417767 0.000000
1692972097464493451 176.948025 0.000000
1692972097551425060 176.626693 0.000000
1692972097906156089 176.500775 0.000000
1692972097993483798 176.527733 0.000000
1692972098259487812 176.859609 0.000000
1692972098259731223 176.476233 0.000000
1692972098347532802 176.705802 0.000000
1692972098436726634 176.493456 0.000000
1692972098612558158 176.662336 0.000000
1692972098613149633 176.538189 0.000000
1692972098613596436 176.458386 0.000000
1692972098701041056 176.426959 0.000000
1692972098701120772 176.677942 0.000000
1692972098701299898 176.496395 0.000000
1692972098701329106 176.544322 0.000000
1692972098701514687 176.452353 0.000000
1692972098701797655 176.519103 0.000000
1692972098966197300 176.628056 0.000000
1692972099054650204 176.724259 0.000000
1692972099231823512 176.705210 0.000000
1692972099231922841 176.555048 0.000000
1692972099319990205 176.662821 0.000000
1692972099320503493 176.557208 0.000000
1692972099496569177 176.556023 0.000000
1692972099497563182 176.452994 0.000000
1692972099585054250 176.404616 0.000000
1692972099674342971 176.623230 0.000000
1692972099761633262 176.563947 0.000000
1692972100027507541 176.648058 0.000000
1692972100028768952 176.856493 0.000000
1692972100205416483 176.638736 0.000000
1692972100292404993 176.501953 0.000000
1692972100294172185 176.930922 0.000000
1692972100382394633 176.810720 0.000000
1692972100470850388 176.520045 0.000000
1692972100558790028 176.557898 0.000000
