1692989468662327268 141.079219 711.844105 712 100 0.000000
1692989469670465415 140.204874 696.333130 702 100 0.000000
1692989470649215431 141.511584 712.132764 697 99 0.000000
1692989471662026479 140.885754 710.892766 720 100 0.000000
1692989472674660774 140.269185 711.016797 720 100 0.000000
1692989473687642293 141.918495 704.849984 714 100 0.000000
1692989474700540423 141.078958 709.844321 719 100 0.000000
1692989475679877387 140.411582 727.022507 712 100 0.000000
1692989476692644205 140.738999 711.911156 721 100 0.000000
1692989477706151986 141.176291 703.497253 713 100 0.000000
1692989478718818440 141.364097 707.044274 716 100 0.000000
1692989479732176836 142.025488 707.548310 717 100 0.000000
1692989480740286257 139.734819 701.312781 707 100 0.000000
1692989481717403140 141.369482 708.205938 692 99 0.000000
1692989482730374619 141.666792 707.818556 717 100 0.000000
1692989483742782334 141.025411 709.200451 718 100 0.000000
1692989484755383049 140.939063 709.065278 718 100 0.000000
1692989485767677119 140.031191 711.255772 720 100 0.000000
1692989486779845114 141.497048 707.392468 716 100 0.000000
1692989487761949082 139.856484 728.028806 715 100 0.000000
1692989488777633776 141.169649 709.865974 721 100 0.000000
1692989489789033631 141.348861 704.963511 713 100 0.000000
1692989490801841016 139.927333 713.857319 723 100 0.000000
1692989491811299795 140.395766 710.281646 717 100 0.000000
1692989492820835108 139.977638 686.454439 693 100 0.000000
1692989493791956667 140.967642 733.172871 712 100 0.000000
1692989494803938768 141.010921 710.486892 719 100 0.000000
1692989495816265322 140.985661 708.269478 717 100 0.000000
1692989496827941051 140.892820 708.725134 717 100 0.000000
1692989497839990651 141.005033 711.427551 720 100 0.000000
1692989498851959201 140.948861 715.437261 724 100 0.000000
1692989499863976563 140.653263 710.462123 719 100 0.000000
1692989500874887922 140.686955 710.250228 718 100 0.000000
1692989501873641883 140.583924 712.888267 712 100 0.000000
1692989502885258022 141.303875 699.870236 708 100 0.000000
1692989503892716414 141.129685 687.869574 693 100 0.000000
1692989504850118203 140.909638 739.501407 708 99 0.000000
1692989505862253073 140.690721 712.355685 721 100 0.000000
1692989506874191250 140.899215 708.541308 717 100 0.000000
1692989507885963179 141.024152 712.611171 721 100 0.000000
1692989508897406988 141.377459 705.921575 714 100 0.000000
1692989509908629666 140.430718 709.042649 717 100 0.000000
1692989510920114000 141.282086 707.870509 716 100 0.000000
1692989511932070819 141.696144 709.516408 718 100 0.000000
1692989512943165449 140.839594 712.099597 720 100 0.000000
1692989513955016261 141.151923 706.625934 715 100 0.000000
1692989514964704494 141.551617 691.302518 698 100 0.000000
1692989515908987088 140.956843 730.713415 690 100 0.000000
1692989516921631430 140.636678 708.047237 717 100 0.000000
1692989517933905468 141.678183 705.342598 714 100 0.000000
1692989518946465337 139.918301 719.957433 729 100 0.000000
1692989519959837164 141.828301 701.618081 711 100 0.000000
1692989520972044316 141.113263 707.365090 716 100 0.000000
1692989521984464705 140.684664 708.203780 717 100 0.000000
1692989522996770386 141.493644 704.332752 713 100 0.000000
1692989524010246130 141.025058 711.413185 721 100 0.000000
1692989525022503082 140.829714 711.281845 720 100 0.000000
1692989526033667502 140.232518 705.127662 713 100 0.000000
1692989527040340296 138.873006 684.432916 689 100 0.000000
1692989527988307326 140.502967 760.574952 721 100 0.000000
1692989529001201298 142.213148 700.961825 710 100 0.000000
1692989530014192404 141.037562 709.779218 719 100 0.000000
1692989531027387802 141.802838 705.688140 715 100 0.000000
1692989532040756353 140.319218 711.488433 721 100 0.000000
1692989533054938175 141.481934 704.015778 714 100 0.000000
1692989534067878839 141.040499 708.827258 718 100 0.000000
1692989535081619322 141.695270 707.281637 717 100 0.000000
1692989536093695741 141.381345 713.384884 722 100 0.000000
1692989537103860492 140.484184 699.885828 707 100 0.000000
1692989538047760844 140.841193 719.355576 679 100 0.000000
1692989539059827459 142.042437 702.522948 711 100 0.000000
1692989540073598452 141.073905 706.273941 716 100 0.000000
1692989541087159215 141.559064 709.380231 719 100 0.000000
1692989542099345202 141.466944 705.403960 714 100 0.000000
1692989543111947059 141.174346 707.089358 716 100 0.000000
1692989544125045153 140.859673 710.691302 720 100 0.000000
1692989545139252041 140.990344 709.914323 720 100 0.000000
1692989546151570071 140.456856 710.251109 719 100 0.000000
1692989547164515187 142.037505 701.913626 711 100 0.000000
1692989548173554881 140.022915 695.711011 702 100 0.000000
1692989549117467611 140.899231 734.178001 693 100 0.000000
1692989550131369172 140.222783 712.100707 722 100 0.000000
1692989551145729036 141.687674 706.849744 717 100 0.000000
1692989552158510189 142.126025 704.989405 714 100 0.000000
1692989553175006112 141.765655 706.348156 718 100 0.000000
1692989554187139283 140.683287 711.368822 720 100 0.000000
1692989555199574870 140.629429 707.205450 716 100 0.000000
1692989556211503219 140.411242 713.489305 722 100 0.000000
1692989557224907170 139.869539 711.463600 721 100 0.000000
1692989558236395641 141.109556 701.935808 710 100 0.000000
1692989559243124707 140.919362 684.394660 689 100 0.000000
1692989560190543714 140.880259 744.126937 705 100 0.000000
1692989561203694286 141.326674 705.719369 715 100 0.000000
1692989562216746293 142.405437 703.813803 713 100 0.000000
1692989563229116120 141.146145 707.251450 716 100 0.000000
1692989564242779984 140.023807 715.227275 725 100 0.000000
1692989565255086446 141.026822 708.283476 717 100 0.000000
1692989566268501052 141.217016 708.495856 718 100 0.000000
1692989567281275366 141.001445 706.968897 716 100 0.000000
1692989568292903468 140.794846 709.746990 718 100 0.000000
1692989569304148030 141.601998 665.516564 673 100 0.000000
1692989570255212337 141.283136 758.098014 721 100 0.000000
1692989571267558572 142.101113 705.292330 714 100 0.000000
1692989572280548878 142.086618 706.818211 716 100 0.000000
1692989573292561762 141.097781 703.548380 712 100 0.000000
1692989574304518482 141.611142 704.575590 713 100 0.000000
1692989575317583582 142.065943 704.791776 714 100 0.000000
1692989576329723093 141.032468 710.376427 719 100 0.000000
1692989577343016821 141.176896 704.632800 714 100 0.000000
1692989578355640546 140.157774 711.024226 720 100 0.000000
1692989579367971298 140.776898 709.254339 718 100 0.000000
1692989580375595658 142.926462 676.839556 682 100 0.000000
1692989581321104847 141.839116 731.880762 692 100 0.000000
1692989582333904863 141.127658 708.925725 718 100 0.000000
1692989583347031714 141.580315 704.748862 714 100 0.000000
1692989584359184491 141.580176 709.379079 718 100 0.000000
1692989585372585532 141.444217 707.518571 717 100 0.000000
1692989586385617046 140.860683 713.699384 723 100 0.000000
1692989587398954919 141.612230 704.602078 714 100 0.000000
1692989588411253780 140.955289 709.276763 718 100 0.000000
1692989589424354926 140.575037 709.702053 719 100 0.000000
1692989590437417973 141.107009 704.793262 714 100 0.000000
1692989591447907219 142.447771 690.754482 698 100 0.000000
1692989592390540467 140.847285 723.505164 682 100 0.000000
1692989593403322808 140.196978 714.862370 724 100 0.000000
1692989594417826120 141.258050 703.792703 714 100 0.000000
1692989595429697821 141.248163 708.587844 717 100 0.000000
1692989596442807004 141.961628 702.787008 712 100 0.000000
1692989597455778115 140.492569 711.767608 721 100 0.000000
1692989598469501806 141.132742 712.225640 722 100 0.000000
1692989599483566987 140.791669 711.985790 722 100 0.000000
1692989600496864424 140.751730 710.551456 720 100 0.000000
1692989601509905542 141.535886 704.808432 714 100 0.000000
1692989602521150814 140.578671 705.071376 713 100 0.000000
1692989603463552068 140.862082 718.377618 677 100 0.000000
1692989604477155680 140.727441 706.390560 716 100 0.000000
1692989605490271148 140.578305 711.666187 721 100 0.000000
1692989606503850315 141.471061 707.394139 717 100 0.000000
1692989607516648667 140.476652 712.876401 722 100 0.000000
1692989608530532213 142.497091 698.305045 708 100 0.000000
1692989609543497723 142.026941 705.848306 715 100 0.000000
1692989610555563014 141.307788 710.428466 719 100 0.000000
1692989611568659615 141.782008 706.744063 716 100 0.000000
1692989612581845198 141.239185 704.707954 714 100 0.000000
1692989613593235335 139.821785 704.970334 713 100 0.000000
1692989614536141349 141.347641 720.114209 679 100 0.000000
1692989615551420367 141.435595 707.194759 718 100 0.000000
1692989616564173020 140.590969 711.921128 721 100 0.000000
