1692987334315390335 176.649403 0.000000
1692987334321637747 176.627668 0.000000
1692987334322713125 176.666449 0.000000
1692987334513713442 176.498623 0.000000
1692987334586766247 176.601718 0.000000
1692987334764408411 176.603287 0.000000
1692987335043252691 176.566682 0.000000
1692987335339100789 176.647188 0.000000
1692987335602802067 176.557690 0.000000
1692987335647943549 176.577476 0.000000
1692987335676460977 176.496688 0.000000
1692987335838518983 176.565378 0.000000
1692987335912981970 176.569297 0.000000
1692987335927084049 176.542154 0.000000
1692987336383166503 176.544585 0.000000
1692987336427530601 176.545031 0.000000
1692987336442959378 176.513780 0.000000
1692987336559652867 176.470572 0.000000
1692987336644866082 176.610400 0.000000
1692987336710450047 176.490694 0.000000
1692987337046009994 176.574855 0.000000
1692987337062051222 176.756037 0.000000
1692987337083075800 176.531283 0.000000
1692987337233674326 176.534376 0.000000
1692987337540190251 176.625949 0.000000
1692987337548082631 176.501815 0.000000
1692987337636373494 176.545437 0.000000
1692987337724615814 176.509057 0.000000
1692987337878887296 176.672662 0.000000
1692987338225260012 176.584668 0.000000
1692987338352405093 176.695536 0.000000
1692987338382989061 176.614918 0.000000
1692987338504431112 176.590662 0.000000
1692987338510225384 176.860706 0.000000
1692987338548896200 176.552318 0.000000
1692987338608745813 176.590296 0.000000
1692987338970966572 176.565950 0.000000
1692987339178626051 176.572835 0.000000
1692987339305450836 176.521848 0.000000
1692987339355258415 176.606654 0.000000
1692987339360249622 176.479227 0.000000
1692987339385227331 176.812578 0.000000
1692987339589754629 176.663908 0.000000
1692987339757650097 176.667586 0.000000
1692987340095635751 176.585831 0.000000
1692987340244287497 176.591068 0.000000
1692987340473849952 176.637977 0.000000
1692987340656886558 176.567703 0.000000
1692987340827273214 176.547483 0.000000
1692987340900251525 176.752694 0.000000
1692987341040508621 176.751641 0.000000
1692987341244349702 176.456510 0.000000
1692987341509364717 176.623669 0.000000
1692987341572567189 176.563072 0.000000
1692987341629086756 176.527349 0.000000
1692987342012718923 176.637346 0.000000
1692987342064649713 176.501334 0.000000
1692987342086207056 176.619975 0.000000
1692987342216264004 176.648201 0.000000
1692987342537527150 176.486615 0.000000
1692987342579991681 176.490544 0.000000
1692987342881468712 176.633967 0.000000
1692987342918581787 176.495109 0.000000
1692987343011351571 176.548684 0.000000
1692987343027988079 176.511914 0.000000
1692987343066495134 176.557314 0.000000
1692987343426856591 176.589674 0.000000
1692987343448553693 176.487106 0.000000
1692987343541302332 176.486269 0.000000
1692987343983018778 176.609391 0.000000
1692987344187559312 176.591460 0.000000
1692987344247101514 176.602936 0.000000
1692987344348194049 177.018292 0.000000
1692987344399029881 176.647198 0.000000
1692987344768651131 176.615179 0.000000
1692987344914631739 176.561274 0.000000
1692987345071344904 176.611159 0.000000
1692987345209645842 176.660720 0.000000
1692987345210525535 176.605853 0.000000
1692987345304875110 176.544544 0.000000
1692987345356133605 176.698283 0.000000
1692987345484862518 176.593072 0.000000
1692987345548478627 176.537824 0.000000
1692987345573953488 176.535358 0.000000
1692987345621280523 176.713257 0.000000
1692987345945718092 176.682309 0.000000
1692987346343555564 176.640292 0.000000
1692987346514486798 176.581245 0.000000
1692987346574611040 176.457932 0.000000
1692987346640824395 176.521486 0.000000
1692987346770060911 176.537350 0.000000
1692987346905689086 176.525395 0.000000
1692987346917631217 176.531033 0.000000
1692987346961943390 176.584858 0.000000
1692987346983798460 176.548223 0.000000
1692987347117965035 176.760166 0.000000
1692987347193875576 176.563685 0.000000
1692987347251689039 176.548198 0.000000
1692987347403846801 176.577777 0.000000
1692987347477495492 176.558266 0.000000
1692987347605194066 176.574059 0.000000
1692987347742666175 176.549682 0.000000
1692987347985688475 176.590973 0.000000
1692987348127293489 176.641000 0.000000
1692987348164812249 176.549958 0.000000
1692987348184465854 176.587149 0.000000
1692987348229229066 176.520454 0.000000
1692987348304130930 176.813080 0.000000
1692987348312427852 176.623092 0.000000
1692987348342047020 176.507614 0.000000
1692987348518545762 176.485723 0.000000
1692987348636295906 176.674918 0.000000
1692987349048701597 176.688886 0.000000
1692987349113159040 176.615239 0.000000
1692987349431975074 176.650076 0.000000
1692987349550600350 176.612097 0.000000
1692987349599002246 176.661808 0.000000
1692987349659591785 176.606880 0.000000
1692987349924575223 176.566186 0.000000
1692987350019048076 176.579591 0.000000
1692987350249635457 176.589379 0.000000
1692987350262601487 176.606268 0.000000
1692987350426354122 176.689943 0.000000
1692987350523444717 176.669636 0.000000
1692987350603023888 176.645851 0.000000
1692987350700079322 176.610608 0.000000
1692987350868144013 176.649960 0.000000
1692987351054104685 177.026486 0.000000
1692987351082776517 176.604770 0.000000
1692987351338861738 176.624261 0.000000
1692987351780817786 176.599006 0.000000
1692987351819466351 176.587955 0.000000
1692987351840816772 176.670783 0.000000
1692987351878587849 176.515237 0.000000
1692987351947425878 176.672206 0.000000
1692987351957589791 176.540475 0.000000
1692987352141559142 176.565313 0.000000
1692987352380546746 176.581411 0.000000
1692987352601634340 176.686590 0.000000
1692987352615086597 176.544154 0.000000
1692987352850930574 176.512641 0.000000
1692987352968356022 176.543758 0.000000
1692987353284609416 176.497194 0.000000
1692987353320007715 176.564205 0.000000
1692987353477998052 176.537152 0.000000
1692987353549144861 176.599723 0.000000
1692987353710939478 176.557836 0.000000
1692987353725864884 176.690028 0.000000
1692987353761874751 176.634820 0.000000
1692987353831491313 176.675544 0.000000
1692987354020508594 176.556252 0.000000
1692987354049913197 176.637506 0.000000
1692987354226512790 176.568902 0.000000
1692987354285549265 176.635225 0.000000
1692987354491611451 176.596164 0.000000
1692987354668633662 176.553380 0.000000
1692987354683306821 176.573712 0.000000
1692987354823149808 176.577762 0.000000
1692987355081458378 176.508766 0.000000
1692987355169399417 176.565388 0.000000
1692987355434414494 176.571071 0.000000
1692987355473762476 176.547813 0.000000
1692987355510802587 176.544509 0.000000
1692987355920899479 176.717031 0.000000
1692987356171612996 176.621007 0.000000
1692987356476068284 176.644732 0.000000
1692987356503008952 176.532897 0.000000
1692987356652693652 176.606439 0.000000
1692987356887153177 176.589750 0.000000
1692987357201924486 176.699375 0.000000
1692987357241613091 176.530853 0.000000
1692987357290298213 176.579224 0.000000
1692987357537634439 176.563123 0.000000
1692987357631968433 176.562076 0.000000
1692987357808617927 176.626029 0.000000
1692987358036870263 176.651378 0.000000
1692987358323130520 176.556042 0.000000
1692987358360031542 176.666894 0.000000
1692987358401345430 176.547431 0.000000
1692987358499719373 176.564190 0.000000
1692987358744386752 176.594481 0.000000
1692987358834665582 176.578875 0.000000
1692987358853185720 176.595539 0.000000
1692987358863915816 176.607176 0.000000
1692987358869346587 176.524529 0.000000
1692987358970164157 176.603868 0.000000
1692987359188010567 176.548830 0.000000
1692987359323691787 176.619003 0.000000
1692987359399671455 176.537068 0.000000
1692987359826335965 176.712566 0.000000
1692987359893782110 176.677489 0.000000
1692987359933382856 176.568525 0.000000
1692987360216763731 176.605055 0.000000
1692987360283167534 176.528061 0.000000
1692987360724011870 176.607532 0.000000
1692987360767223475 176.851274 0.000000
1692987360778907371 176.554557 0.000000
1692987361100495693 176.573608 0.000000
1692987361219689066 176.586949 0.000000
1692987361347819280 176.814357 0.000000
1692987361357184794 176.715107 0.000000
1692987361889190250 176.529931 0.000000
1692987361984577145 176.579079 0.000000
1692987362463957142 176.638824 0.000000
1692987362545896787 176.644778 0.000000
1692987362581947364 176.610298 0.000000
1692987362811313789 176.619444 0.000000
1692987362861611162 176.617715 0.000000
1692987362889443626 176.626034 0.000000
1692987363037267395 176.656887 0.000000
1692987363377316045 176.488570 0.000000
1692987363539298119 176.566441 0.000000
1692987363597838610 176.518424 0.000000
1692987363684972941 176.551912 0.000000
1692987364048685934 176.505123 0.000000
1692987364110861350 176.501771 0.000000
1692987364246248486 176.535172 0.000000
1692987364319931377 176.614968 0.000000
1692987364490636886 176.512400 0.000000
1692987364490692821 176.506616 0.000000
1692987364511307961 176.619865 0.000000
1692987364614621887 176.613260 0.000000
1692987364994503639 176.615320 0.000000
1692987365010704620 176.582183 0.000000
1692987365056763743 176.542350 0.000000
1692987365109310317 176.523195 0.000000
1692987365179051739 176.458710 0.000000
1692987365321882130 176.507955 0.000000
1692987365347695097 176.542635 0.000000
1692987365463008288 176.683062 0.000000
1692987365718621816 176.456726 0.000000
1692987365728048107 176.648988 0.000000
1692987365934989680 176.610553 0.000000
1692987365954566543 176.615436 0.000000
1692987366176000834 176.570064 0.000000
1692987366219749108 176.622230 0.000000
1692987366319816679 176.605446 0.000000
1692987366382637818 176.567764 0.000000
1692987366661674566 176.648751 0.000000
1692987366673109061 176.592687 0.000000
1692987366788792073 176.563265 0.000000
1692987366819004186 176.710292 0.000000
1692987366935428548 176.704422 0.000000
1692987366986697233 176.582909 0.000000
1692987367230826028 176.649449 0.000000
1692987367532095030 176.619696 0.000000
1692987367574921930 176.676713 0.000000
1692987367885629145 176.555731 0.000000
1692987368114795629 176.585982 0.000000
1692987368291462809 176.699996 0.000000
1692987368415949358 176.556729 0.000000
1692987368468532231 176.782655 0.000000
1692987368479312142 176.491321 0.000000
1692987368644868346 176.561921 0.000000
1692987368664762317 176.473439 0.000000
1692987368706900584 176.575622 0.000000
1692987368744116283 176.501048 0.000000
1692987369181384188 176.491179 0.000000
1692987369705685327 176.633177 0.000000
1692987369882684996 176.631998 0.000000
1692987370006658665 176.599031 0.000000
1692987370138891805 176.524723 0.000000
1692987370139611074 176.513642 0.000000
1692987370212657263 176.585074 0.000000
1692987370315590779 176.678531 0.000000
1692987370315594212 176.546183 0.000000
1692987370418593296 176.566210 0.000000
1692987370589759948 176.627668 0.000000
1692987370698971647 176.513458 0.000000
1692987370740382466 176.627227 0.000000
1692987371270717212 176.677329 0.000000
1692987371739333882 176.654711 0.000000
1692987371778677449 176.578088 0.000000
1692987371862939089 176.652827 0.000000
1692987371916194618 176.598144 0.000000
1692987372004671178 176.722665 0.000000
1692987372261011598 176.632500 0.000000
1692987372446816954 176.695662 0.000000
1692987372466975851 176.635551 0.000000
1692987372614995556 176.537945 0.000000
1692987372865450211 176.578939 0.000000
1692987372880017884 176.518108 0.000000
1692987372977506796 176.792422 0.000000
1692987373066049736 176.740271 0.000000
1692987373189526490 176.603187 0.000000
1692987373247596470 176.610428 0.000000
1692987373322276101 176.661526 0.000000
1692987373587517118 176.706342 0.000000
1692987373880973941 176.641150 0.000000
1692987374166551314 176.536712 0.000000
1692987374383443418 176.536753 0.000000
1692987374657997773 176.713123 0.000000
1692987374825302691 176.563193 0.000000
1692987374869386567 176.588547 0.000000
1692987375100236955 176.989015 0.000000
1692987375188423642 176.703079 0.000000
1692987375315719153 176.643730 0.000000
1692987375385108927 176.790553 0.000000
1692987375807222364 176.619825 0.000000
1692987375930333416 176.721467 0.000000
1692987376072572611 176.775193 0.000000
1692987376251813912 176.629959 0.000000
1692987376337639788 176.637737 0.000000
1692987376417828964 176.681980 0.000000
1692987376426101875 176.604244 0.000000
1692987376506391459 176.697722 0.000000
1692987376514546010 176.641089 0.000000
1692987376635843450 176.620933 0.000000
1692987376691194697 176.632900 0.000000
1692987376691261868 176.629443 0.000000
1692987376740779863 176.650716 0.000000
1692987376784696129 176.465005 0.000000
1692987376870527081 176.539493 0.000000
1692987377005894721 176.567779 0.000000
1692987377036865400 176.627819 0.000000
1692987377044591719 176.562551 0.000000
1692987377133207729 176.639526 0.000000
1692987377137810337 176.447053 0.000000
1692987377342859309 176.550158 0.000000
1692987377535997774 176.597247 0.000000
1692987377801012073 176.555450 0.000000
1692987377844500252 176.539543 0.000000
1692987377928438058 176.522032 0.000000
1692987377963490347 176.623233 0.000000
1692987378016891595 176.581987 0.000000
1692987378019410228 176.460279 0.000000
1692987378038583335 176.562211 0.000000
1692987378066092587 176.649820 0.000000
1692987378193462862 176.555937 0.000000
1692987378215272427 176.622342 0.000000
1692987378274783451 176.662590 0.000000
1692987378451409691 176.601668 0.000000
1692987378551377649 176.533394 0.000000
1692987378582162881 176.624391 0.000000
1692987378774213864 176.551261 0.000000
1692987378891654326 176.940842 0.000000
1692987379081629142 176.583591 0.000000
1692987379169926089 176.501159 0.000000
1692987379228896812 176.686606 0.000000
1692987379303951360 176.567693 0.000000
1692987379393004609 176.465596 0.000000
1692987379431274244 176.621681 0.000000
1692987379434883221 176.548144 0.000000
1692987379434915481 176.487999 0.000000
1692987379470298675 176.507910 0.000000
1692987379807342758 176.626360 0.000000
1692987379895896548 176.728228 0.000000
1692987380049897340 176.575683 0.000000
1692987380661151857 176.511332 0.000000
1692987380691277834 176.616588 0.000000
1692987381160825371 176.715964 0.000000
1692987381467482891 176.507098 0.000000
1692987381494298858 176.496864 0.000000
1692987381552645808 176.537464 0.000000
1692987381905951643 176.470067 0.000000
1692987382466194409 176.614689 0.000000
1692987382486152153 176.492479 0.000000
1692987382500328576 176.727345 0.000000
1692987382703922291 176.534848 0.000000
1692987383145403765 176.494980 0.000000
1692987383211988535 176.578153 0.000000
1692987383231182005 176.477744 0.000000
1692987383458506642 176.603422 0.000000
1692987383498867492 176.500171 0.000000
1692987383584489849 176.519503 0.000000
1692987383968691122 176.564576 0.000000
1692987384061562607 176.520820 0.000000
1692987384371941834 176.509007 0.000000
1692987385167401623 176.573312 0.000000
1692987385206169986 176.605622 0.000000
1692987385345213122 176.609621 0.000000
1692987385441365113 176.752649 0.000000
1692987385520868487 176.659146 0.000000
1692987385593494804 176.573512 0.000000
1692987385706256802 176.546134 0.000000
1692987385848490343 176.742626 0.000000
1692987386415721035 176.553777 0.000000
1692987386443795397 176.594706 0.000000
1692987386680684111 176.541082 0.000000
1692987386713022392 176.559560 0.000000
1692987386936372904 176.549606 0.000000
1692987387112753322 176.661863 0.000000
1692987387120915576 176.517933 0.000000
1692987387378049097 176.549221 0.000000
1692987387465939568 176.430154 0.000000
1692987387505862664 176.476356 0.000000
1692987387589649569 176.536687 0.000000
1692987387631282736 176.456610 0.000000
1692987387916529178 176.626817 0.000000
1692987387947032965 176.691627 0.000000
1692987388084838820 176.642113 0.000000
1692987388124340425 176.657503 0.000000
1692987388437989398 176.559170 0.000000
1692987388536027500 176.476915 0.000000
1692987388968113679 176.547894 0.000000
1692987389056568641 176.582138 0.000000
1692987389214282309 176.585134 0.000000
1692987389321492790 176.690996 0.000000
1692987389361703581 176.627494 0.000000
1692987389474083364 176.631718 0.000000
1692987389498333675 176.631222 0.000000
1692987389538342621 176.526167 0.000000
1692987389831948947 176.534742 0.000000
1692987389836933926 176.532652 0.000000
1692987389970887028 176.611286 0.000000
1692987390117041933 176.675515 0.000000
1692987390686757608 176.535303 0.000000
1692987390765220145 176.591049 0.000000
1692987390981031043 176.600470 0.000000
1692987391065913232 176.535228 0.000000
1692987391108769816 176.624667 0.000000
1692987391128789795 176.505579 0.000000
1692987391285515740 176.721662 0.000000
1692987391482459637 176.683744 0.000000
1692987391516168667 176.473747 0.000000
1692987391560872407 176.557851 0.000000
1692987391597178168 176.455091 0.000000
1692987391680043585 176.577962 0.000000
1692987391747408570 176.491381 0.000000
1692987392121978679 176.573999 0.000000
1692987392127176578 176.507799 0.000000
1692987392130880183 176.531425 0.000000
1692987392135431147 176.723788 0.000000
1692987392277842337 176.548294 0.000000
1692987392454549605 176.684515 0.000000
1692987392454596770 176.686004 0.000000
1692987392480226136 176.596065 0.000000
1692987392788163499 176.503950 0.000000
1692987392798168377 176.625328 0.000000
1692987392886711141 176.719076 0.000000
1692987392984859018 176.522163 0.000000
1692987393426565697 176.631748 0.000000
1692987393505351536 176.544029 0.000000
1692987393830777632 176.684130 0.000000
1692987393868715026 176.702057 0.000000
1692987393895296688 176.537122 0.000000
1692987394507676596 176.734587 0.000000
1692987394596102187 176.549025 0.000000
1692987394753208518 176.600646 0.000000
1692987394816744722 176.466969 0.000000
1692987394988802268 176.592130 0.000000
1692987395164778550 176.567228 0.000000
1692987395214911441 176.613215 0.000000
1692987395303380268 176.736592 0.000000
1692987395312206342 176.579817 0.000000
1692987395347023268 176.572339 0.000000
1692987395372783337 176.635872 0.000000
1692987395479912579 176.516509 0.000000
1692987395487222710 176.615370 0.000000
1692987395569714661 176.670478 0.000000
1692987395794030434 176.622616 0.000000
1692987395928962671 176.601754 0.000000
1692987395930787333 176.602034 0.000000
1692987396113397762 176.557420 0.000000
1692987396129529115 176.690911 0.000000
1692987396194028501 176.550474 0.000000
1692987396412519281 176.564370 0.000000
1692987396491133345 176.514139 0.000000
1692987396547339588 176.539087 0.000000
1692987396555353491 176.880392 0.000000
1692987396667702718 176.542100 0.000000
1692987396698821987 176.599458 0.000000
1692987396875366026 176.515513 0.000000
1692987396905406640 176.737364 0.000000
1692987397051994656 176.612896 0.000000
1692987397052197714 176.489041 0.000000
1692987397286240915 176.611205 0.000000
1692987397551553695 176.668669 0.000000
1692987397602491048 176.626019 0.000000
1692987397867554096 176.534542 0.000000
1692987397965375092 176.508686 0.000000
1692987398050604203 176.572430 0.000000
1692987398058330839 176.599688 0.000000
1692987398584536329 176.473526 0.000000
1692987398799486589 176.690791 0.000000
1692987398820256202 176.615411 0.000000
1692987398966373198 176.557144 0.000000
1692987399241209520 176.510405 0.000000
1692987399288049281 176.590437 0.000000
1692987399495987769 176.592627 0.000000
1692987399594670606 176.660982 0.000000
1692987399642716544 176.572270 0.000000
1692987399674446790 176.506326 0.000000
1692987399989915018 176.647014 0.000000
1692987400083612637 176.569829 0.000000
1692987400114744525 176.653764 0.000000
1692987400440694350 176.540561 0.000000
1692987400445016104 176.617505 0.000000
1692987400549499558 176.626931 0.000000
1692987400702419213 176.520219 0.000000
1692987400832503867 176.568516 0.000000
1692987400882324676 176.504336 0.000000
1692987400911879283 176.573253 0.000000
1692987400967325356 176.603728 0.000000
1692987401088471394 176.567609 0.000000
1692987401329089664 176.620828 0.000000
1692987401792603547 176.577166 0.000000
1692987401883648225 177.023576 0.000000
1692987402052653614 176.736137 0.000000
1692987402148977964 176.643144 0.000000
1692987402206288652 176.498132 0.000000
1692987402502363514 176.507714 0.000000
1692987402679390763 176.635372 0.000000
1692987402852973073 176.552639 0.000000
1692987403261935926 176.681228 0.000000
1692987403267049599 176.504242 0.000000
1692987403562968363 176.623579 0.000000
1692987403708391018 176.666900 0.000000
1692987403938685663 176.634510 0.000000
1692987404152629249 176.606555 0.000000
1692987404329240404 176.586362 0.000000
1692987404513585732 176.509002 0.000000
1692987404621515272 176.700758 0.000000
1692987404623794347 176.763335 0.000000
1692987404809925300 176.494248 0.000000
1692987404822346908 176.547141 0.000000
1692987405033994751 176.468082 0.000000
1692987405153876942 176.542566 0.000000
1692987405308853835 176.593474 0.000000
1692987405323058795 176.514045 0.000000
1692987405387224610 176.514949 0.000000
1692987405419269517 176.536982 0.000000
1692987405472132522 176.626175 0.000000
1692987405499881121 176.538345 0.000000
1692987405772762498 176.601042 0.000000
1692987405772834240 176.614073 0.000000
1692987405776928630 176.508446 0.000000
1692987405861308444 176.586041 0.000000
1692987406029953217 176.603622 0.000000
1692987406179319722 176.625925 0.000000
1692987406185122980 176.583616 0.000000
1692987406359323498 176.523496 0.000000
1692987406483676426 176.516640 0.000000
1692987406532740454 176.625934 0.000000
1692987406772134494 176.616824 0.000000
1692987406837083697 176.737836 0.000000
1692987406886373390 176.778249 0.000000
1692987406921784133 176.614843 0.000000
1692987406978275188 176.511007 0.000000
1692987407416271566 176.518375 0.000000
1692987407508559062 176.622050 0.000000
1692987407709876018 176.586929 0.000000
1692987408063508964 176.506742 0.000000
1692987408159784298 176.599142 0.000000
1692987408217869689 176.550319 0.000000
1692987408328563473 176.602966 0.000000
1692987408446499304 176.535409 0.000000
1692987408461949551 176.494388 0.000000
1692987408601589666 176.617972 0.000000
1692987408746245847 176.586142 0.000000
1692987408785177185 176.729500 0.000000
1692987408955048392 176.558704 0.000000
1692987408984572328 176.671064 0.000000
1692987409043579339 176.659853 0.000000
1692987409153652874 176.612338 0.000000
1692987409253049673 176.541416 0.000000
1692987409364870871 176.626426 0.000000
1692987409366870230 176.579081 0.000000
1692987409477734270 176.534838 0.000000
1692987409541570618 176.546465 0.000000
1692987409573835127 176.566847 0.000000
1692987409689536578 176.609016 0.000000
1692987409718010540 176.425318 0.000000
1692987410015706099 176.585841 0.000000
1692987410022344827 176.500052 0.000000
1692987410422357834 176.527142 0.000000
1692987410424304425 176.515226 0.000000
1692987410515693023 176.736692 0.000000
1692987410692562233 176.582684 0.000000
1692987410696667474 176.619871 0.000000
1692987410832710432 176.613852 0.000000
1692987410906287552 176.764648 0.000000
1692987411599062660 176.588873 0.000000
1692987411628016298 176.628565 0.000000
1692987411841271157 176.664274 0.000000
1692987411845120632 176.602400 0.000000
1692987412137144289 176.564852 0.000000
1692987412232497045 176.526714 0.000000
1692987412246836412 176.594627 0.000000
1692987412279827888 176.567864 0.000000
1692987412423345049 176.493436 0.000000
1692987413165316357 176.559108 0.000000
1692987413256124856 176.737849 0.000000
1692987413518473326 176.459402 0.000000
1692987413721587480 176.572610 0.000000
1692987413783234281 176.543948 0.000000
1692987413788859815 176.458820 0.000000
1692987413871748584 176.627598 0.000000
1692987413941341461 176.633894 0.000000
1692987413987302376 176.584743 0.000000
1692987414051526822 176.550169 0.000000
1692987414435135359 176.652712 0.000000
1692987414579231166 176.581141 0.000000
1692987414667604010 176.487147 0.000000
1692987414736740775 176.515047 0.000000
1692987414758665252 176.584254 0.000000
1692987414760615301 176.543770 0.000000
1692987414958943526 176.633096 0.000000
1692987415002331050 176.492379 0.000000
1692987415178897567 176.544085 0.000000
1692987415266577588 176.535674 0.000000
1692987415286182336 176.628841 0.000000
1692987415430839194 176.411170 0.000000
1692987415437092764 176.794321 0.000000
1692987415639378516 176.496368 0.000000
1692987415815955657 176.543237 0.000000
1692987415820620750 176.432998 0.000000
1692987416025568493 176.518430 0.000000
1692987416049284004 176.604134 0.000000
1692987416055406660 176.537524 0.000000
1692987416224401713 176.612985 0.000000
1692987416497030947 176.522609 0.000000
1692987416555768837 176.546680 0.000000
1692987416700115437 176.548131 0.000000
1692987416754604999 176.644653 0.000000
1692987416756136048 176.586001 0.000000
1692987416768187249 176.569483 0.000000
1692987416850440358 176.570471 0.000000
1692987416909222561 176.633883 0.000000
1692987416933007759 176.604971 0.000000
1692987417083713396 176.685308 0.000000
1692987417285055827 176.565243 0.000000
1692987417411250326 176.520349 0.000000
1692987417525424320 176.541814 0.000000
1692987417584178152 176.638002 0.000000
1692987417734136761 176.554178 0.000000
1692987417764697108 176.528021 0.000000
1692987417905276099 176.685158 0.000000
1692987418081796293 176.499746 0.000000
1692987418389209883 176.606133 0.000000
1692987418409590075 176.706046 0.000000
1692987418587622318 176.541809 0.000000
1692987418883273990 176.572274 0.000000
1692987419028351066 176.659306 0.000000
1692987419205204776 176.609537 0.000000
1692987419236902487 176.641110 0.000000
1692987419381744725 176.524163 0.000000
1692987419442750259 176.580814 0.000000
1692987419450065611 176.563078 0.000000
1692987419501970637 176.559314 0.000000
1692987419952402891 176.628652 0.000000
1692987419967480736 176.612367 0.000000
1692987419971397293 176.672473 0.000000
1692987420177299031 176.682080 0.000000
1692987420328553230 176.482130 0.000000
1692987420386340216 176.615435 0.000000
1692987420530717237 176.547146 0.000000
1692987420651458147 176.630971 0.000000
1692987420681868206 176.551015 0.000000
1692987420687531733 176.524533 0.000000
1692987420734428867 176.614378 0.000000
1692987420916622787 176.602319 0.000000
1692987420916674031 176.731821 0.000000
1692987421123540179 176.539523 0.000000
1692987421176587328 176.560854 0.000000
1692987421353257937 176.646131 0.000000
1692987421388528168 176.498218 0.000000
1692987421442140036 176.439135 0.000000
1692987421535516001 176.510786 0.000000
1692987421808702984 176.475825 0.000000
1692987421830185467 176.569138 0.000000
1692987421830235574 176.482831 0.000000
1692987421925074795 176.707835 0.000000
1692987421972020802 176.597754 0.000000
1692987421977448216 176.585731 0.000000
1692987422005796786 176.564883 0.000000
1692987422210465198 176.537539 0.000000
1692987422325632153 176.720284 0.000000
1692987422476110409 176.623525 0.000000
1692987422536902142 176.488765 0.000000
1692987422884642983 176.672705 0.000000
1692987422944202554 176.573578 0.000000
1692987422949923951 176.573617 0.000000
1692987422957365039 176.573683 0.000000
1692987423003190749 176.513598 0.000000
1692987423182881342 176.762167 0.000000
1692987423444782095 176.620988 0.000000
1692987423650815890 176.459387 0.000000
1692987423869677529 176.681685 0.000000
1692987423949814017 176.586593 0.000000
1692987423979870537 176.515791 0.000000
1692987424098919444 176.518776 0.000000
1692987424269448547 176.596739 0.000000
1692987424333933810 176.766807 0.000000
1692987424363984151 176.469310 0.000000
1692987424391617541 176.564582 0.000000
1692987424593460582 176.671596 0.000000
1692987424805879299 176.590477 0.000000
1692987425070761567 176.581997 0.000000
1692987425277092213 176.480836 0.000000
1692987425565983009 176.625714 0.000000
1692987425689223026 176.468794 0.000000
1692987425830874102 176.537849 0.000000
1692987425863636982 176.687668 0.000000
1692987426042519389 176.559726 0.000000
1692987426099447346 176.560212 0.000000
1692987426364532290 176.693541 0.000000
1692987426426355196 176.656200 0.000000
1692987426484467170 176.554930 0.000000
1692987426805981857 176.606424 0.000000
1692987426807629206 176.533039 0.000000
1692987426837519966 176.513548 0.000000
1692987426935536983 176.580991 0.000000
1692987427013993686 176.457317 0.000000
1692987427072765480 176.565841 0.000000
1692987427101226682 176.642163 0.000000
1692987427161105102 176.578660 0.000000
1692987427337604622 176.477314 0.000000
1692987427377570969 176.611330 0.000000
1692987427819585961 176.567053 0.000000
1692987427866224985 176.496464 0.000000
1692987427897938382 176.501154 0.000000
1692987428074466594 176.514947 0.000000
1692987428161256449 176.563359 0.000000
1692987428163009369 176.483643 0.000000
1692987428172963353 176.629492 0.000000
1692987428249364226 176.622036 0.000000
1692987428308346585 176.727326 0.000000
1692987428336354592 176.525635 0.000000
1692987428339585482 176.668409 0.000000
1692987428339675662 176.649309 0.000000
1692987428367221394 176.565474 0.000000
1692987428426142976 176.535920 0.000000
1692987428689763791 176.531758 0.000000
1692987428693037669 176.500628 0.000000
1692987428791636681 176.641707 0.000000
1692987428838618832 176.614468 0.000000
1692987429043238521 176.582924 0.000000
1692987429219937686 176.674037 0.000000
1692987429486801692 176.621139 0.000000
1692987429927631289 176.684290 0.000000
1692987430017655889 176.962879 0.000000
1692987430254107155 176.725617 0.000000
1692987430401244961 176.530315 0.000000
1692987430461461834 176.491968 0.000000
1692987430548199463 176.524399 0.000000
1692987431080214422 176.565509 0.000000
1692987431088974908 176.635662 0.000000
1692987431343812480 176.529139 0.000000
1692987431608727163 176.512275 0.000000
1692987431696758838 176.576710 0.000000
1692987431726916930 176.705706 0.000000
1692987431990839579 176.563595 0.000000
1692987432024890432 176.674247 0.000000
1692987432581547619 176.584593 0.000000
1692987432583938022 176.592386 0.000000
1692987432643737559 176.636751 0.000000
1692987432997395869 176.562622 0.000000
1692987433023090191 176.627122 0.000000
1692987433287910440 176.507083 0.000000
1692987433319390484 176.531089 0.000000
1692987433583738583 176.568176 0.000000
1692987433654539371 176.514525 0.000000
1692987433793086713 176.555265 0.000000
1692987433831077747 176.516946 0.000000
1692987433906974627 176.662921 0.000000
1692987433969708859 176.600766 0.000000
1692987434201716252 176.612183 0.000000
1692987434272769773 176.511789 0.000000
1692987434349571328 177.262647 0.000000
1692987434351829509 177.099692 0.000000
1692987434471110461 179.137075 0.000000
1692987434648206205 176.721808 0.000000
1692987434705376260 176.534658 0.000000
1692987434824708517 176.566256 0.000000
1692987434913152712 176.722815 0.000000
1692987434983303171 176.586918 0.000000
1692987435117752690 176.682392 0.000000
1692987435417141867 180.744602 0.000000
1692987435473772502 179.112282 0.000000
1692987435532364784 176.823034 0.000000
1692987435532477877 176.712782 0.000000
1692987435601915116 176.596426 0.000000
1692987435915674321 176.647901 0.000000
1692987436004045957 176.622808 0.000000
1692987436004092982 176.664785 0.000000
1692987436064411937 176.605708 0.000000
1692987436574553603 176.494874 0.000000
1692987436831901739 176.606019 0.000000
1692987436976429241 176.619911 0.000000
1692987437037087766 176.576254 0.000000
1692987437185420651 176.601327 0.000000
1692987437213709261 176.723733 0.000000
1692987437330020270 176.637101 0.000000
1692987437744122788 176.633518 0.000000
1692987437948893878 176.653383 0.000000
1692987438009480752 176.536061 0.000000
1692987438069827487 176.666580 0.000000
1692987438097656397 176.692460 0.000000
1692987438165704659 176.743879 0.000000
1692987438302369203 176.515087 0.000000
1692987438304364934 176.581662 0.000000
1692987438627938012 176.723992 0.000000
1692987438628543461 176.578624 0.000000
1692987438655809538 176.492915 0.000000
1692987438657532001 176.524829 0.000000
1692987438804730605 176.640494 0.000000
1692987438804975931 176.441081 0.000000
1692987438814051520 176.578841 0.000000
1692987438814074174 176.554928 0.000000
1692987438954056681 176.425727 0.000000
1692987439070066674 176.493907 0.000000
1692987439158238555 176.693848 0.000000
1692987439450944306 176.609021 0.000000
1692987439539235439 176.501479 0.000000
1692987439834631327 176.710066 0.000000
1692987440069426504 176.580912 0.000000
1692987440139310653 176.576851 0.000000
1692987440227779085 176.641436 0.000000
1692987440307971778 176.832645 0.000000
1692987440396296160 176.755461 0.000000
1692987440581230724 176.640293 0.000000
1692987440838531150 176.862806 0.000000
1692987440865135546 176.588868 0.000000
1692987440898582242 176.595915 0.000000
1692987441130380387 176.603187 0.000000
1692987441458706498 176.549707 0.000000
1692987441517402391 176.580919 0.000000
1692987441692557437 176.514250 0.000000
1692987441811523506 176.649285 0.000000
1692987442045890847 176.471299 0.000000
1692987442047664069 176.490338 0.000000
1692987442133775088 176.504487 0.000000
1692987442312418600 176.614307 0.000000
1692987442577825033 176.435838 0.000000
1692987442665711555 176.507590 0.000000
1692987442842267557 176.525682 0.000000
1692987442872820132 176.654407 0.000000
1692987442880055513 176.604781 0.000000
1692987443196275657 176.549176 0.000000
1692987443343781667 176.519171 0.000000
1692987443580322095 176.751553 0.000000
1692987443668747962 176.588116 0.000000
1692987443668831206 176.687554 0.000000
1692987443726253143 176.517773 0.000000
1692987443735193323 176.493211 0.000000
1692987443845777041 176.957692 0.000000
1692987443989102835 176.609411 0.000000
1692987443990352885 176.626641 0.000000
1692987443991954558 176.444107 0.000000
1692987444022568321 176.527887 0.000000
1692987444050849003 176.579396 0.000000
1692987444293901454 176.523687 0.000000
1692987444343919422 176.563053 0.000000
1692987444345148358 176.480762 0.000000
1692987444552685803 176.581160 0.000000
1692987444912806310 176.521446 0.000000
1692987444934568625 176.667011 0.000000
1692987444994360333 176.525900 0.000000
1692987445052045127 176.653030 0.000000
1692987445228908970 176.703440 0.000000
1692987445347383881 176.593659 0.000000
1692987445354716539 176.562006 0.000000
1692987445934581600 176.608384 0.000000
1692987446142112065 176.818102 0.000000
1692987446349222421 176.635055 0.000000
1692987446350455786 176.584232 0.000000
1692987446407152415 176.649725 0.000000
1692987446495669645 176.641545 0.000000
1692987446583713956 176.593099 0.000000
1692987446614221876 176.484836 0.000000
1692987446673760510 176.579387 0.000000
1692987446730569145 176.554664 0.000000
1692987446760567631 176.584539 0.000000
1692987447113947628 176.602235 0.000000
1692987447203679822 176.532582 0.000000
1692987447290527451 176.563549 0.000000
1692987447292149567 176.463788 0.000000
1692987447527179489 176.525345 0.000000
1692987447527329192 176.453919 0.000000
1692987447624833462 176.575502 0.000000
1692987448056393925 176.651815 0.000000
1692987448174362076 176.534472 0.000000
1692987448300477511 176.608088 0.000000
1692987448351302182 176.574535 0.000000
1692987448441004125 176.555461 0.000000
1692987448498413257 176.706988 0.000000
1692987448508698573 176.577838 0.000000
1692987448528129170 176.655439 0.000000
1692987448565429517 176.574615 0.000000
1692987448704872353 176.727611 0.000000
1692987448882327859 177.184014 0.000000
1692987449502309417 176.704478 0.000000
1692987449795777678 176.558849 0.000000
1692987449824742447 176.604379 0.000000
1692987449854883804 176.685373 0.000000
1692987450003081223 176.556985 0.000000
1692987450061239960 176.565855 0.000000
1692987450414800879 176.611837 0.000000
1692987450474528441 176.610951 0.000000
1692987450591589793 176.510947 0.000000
1692987450651274057 176.529735 0.000000
1692987450798585974 176.577051 0.000000
1692987450856747162 176.717608 0.000000
1692987450856791540 176.805292 0.000000
1692987450976771610 176.582413 0.000000
1692987451033403633 176.640730 0.000000
1692987451033493532 176.580229 0.000000
1692987451035583066 176.578123 0.000000
1692987451300794681 176.700493 0.000000
1692987451417048461 176.618132 0.000000
1692987451477613800 176.570466 0.000000
1692987451535292705 176.552745 0.000000
1692987452006599022 176.646463 0.000000
1692987452095024975 176.606034 0.000000
1692987452184533067 176.495076 0.000000
1692987452271768664 176.680231 0.000000
1692987452389849022 176.562657 0.000000
1692987452478167349 176.557455 0.000000
1692987452507438266 176.872684 0.000000
1692987452683978612 176.559420 0.000000
1692987452684037103 176.589425 0.000000
1692987452959253074 176.569954 0.000000
1692987453067168691 176.574365 0.000000
1692987453127720990 176.569820 0.000000
1692987453362940794 176.660330 0.000000
1692987453362988335 176.749533 0.000000
1692987453597697497 176.575031 0.000000
1692987453862648620 176.561384 0.000000
1692987454128738904 176.514316 0.000000
1692987454158445616 176.579638 0.000000
1692987454196503586 176.600119 0.000000
1692987454600254403 176.497657 0.000000
1692987454658495492 176.613998 0.000000
1692987454726713962 176.559591 0.000000
1692987454805901096 176.463287 0.000000
1692987454865255378 176.543007 0.000000
1692987455012019767 176.599609 0.000000
1692987455071965818 176.529994 0.000000
1692987455159465962 176.640013 0.000000
1692987455227156450 176.558363 0.000000
1692987455248495710 176.513082 0.000000
1692987455453981976 176.553517 0.000000
1692987455492201116 176.660370 0.000000
1692987455601317479 176.568050 0.000000
1692987455630362058 176.579206 0.000000
1692987455807794020 176.471501 0.000000
1692987456102954244 176.536257 0.000000
1692987456103047286 176.582835 0.000000
1692987456110738648 176.543215 0.000000
1692987456160692462 176.553257 0.000000
1692987456161015264 176.560122 0.000000
1692987456279081949 176.657634 0.000000
1692987456514101050 176.639695 0.000000
1692987456671747609 176.666755 0.000000
1692987456751034390 176.625809 0.000000
1692987456810006605 176.504439 0.000000
1692987457192914669 176.584429 0.000000
1692987457251568879 176.644213 0.000000
1692987457281426637 176.678107 0.000000
1692987457486836430 176.511439 0.000000
1692987457546285140 176.534036 0.000000
1692987457662783635 176.598842 0.000000
1692987458016265877 176.602330 0.000000
1692987458261375341 176.557020 0.000000
1692987458371167442 176.528794 0.000000
1692987458519028282 176.705405 0.000000
1692987458636059913 176.596935 0.000000
1692987458723273219 176.578374 0.000000
1692987458872591171 176.572065 0.000000
1692987459225278236 176.543383 0.000000
1692987459403014691 176.553125 0.000000
1692987459430425894 176.628049 0.000000
1692987459462129644 176.614473 0.000000
1692987459607172845 176.561465 0.000000
1692987459755687683 176.595189 0.000000
1692987459764492192 176.740001 0.000000
1692987459785371286 176.685413 0.000000
1692987459961972019 176.575549 0.000000
1692987460227829259 176.484972 0.000000
1692987460413324499 176.500934 0.000000
1692987460552627168 176.520041 0.000000
1692987460611450208 176.587962 0.000000
1692987460611532088 176.495210 0.000000
1692987460845336268 176.800275 0.000000
1692987460845973361 176.591961 0.000000
1692987460994495139 176.506878 0.000000
1692987461031780351 176.477886 0.000000
1692987461111161260 176.485664 0.000000
1692987461178885327 176.516776 0.000000
1692987461287618748 176.449208 0.000000
1692987461318416328 176.497794 0.000000
1692987461406886986 176.575989 0.000000
1692987461464025779 176.638629 0.000000
1692987461532308160 176.538837 0.000000
1692987461729398177 176.776556 0.000000
1692987461818010249 176.705730 0.000000
1692987462143554200 176.737229 0.000000
1692987462232143884 176.715910 0.000000
1692987462239424250 176.729256 0.000000
1692987462556245673 176.658892 0.000000
1692987462585755742 176.561285 0.000000
1692987462674121104 176.528639 0.000000
1692987462887917257 176.644448 0.000000
1692987463027915481 176.810801 0.000000
1692987463174771388 176.534963 0.000000
1692987463418183015 176.574069 0.000000
1692987463594741388 176.533720 0.000000
1692987463704832294 176.569253 0.000000
1692987464118453191 176.718892 0.000000
1692987464295400259 176.794632 0.000000
1692987464323985570 176.662671 0.000000
1692987464443875514 176.746085 0.000000
1692987464709390795 176.881084 0.000000
1692987464885972087 176.643355 0.000000
1692987464914514177 176.591540 0.000000
1692987465003009997 176.580925 0.000000
1692987465416152019 176.570858 0.000000
1692987465445069163 176.489129 0.000000
1692987465473659797 176.528124 0.000000
1692987465621541361 176.553722 0.000000
1692987465650262448 176.554549 0.000000
1692987465716147549 176.576439 0.000000
1692987465952410406 176.644183 0.000000
1692987466063405647 176.657263 0.000000
1692987466152721261 176.526318 0.000000
1692987466300390095 176.503561 0.000000
1692987466357512891 176.695568 0.000000
1692987466388757968 176.530924 0.000000
1692987466482470411 176.516956 0.000000
1692987466505829743 176.451053 0.000000
1692987466534128753 176.591640 0.000000
1692987466565623856 176.609943 0.000000
1692987466711309329 176.556954 0.000000
1692987467007656816 176.546541 0.000000
1692987467036445148 176.930284 0.000000
1692987467095845161 176.501751 0.000000
1692987467329829796 176.603432 0.000000
1692987467395506176 176.535093 0.000000
1692987467507086464 177.088096 0.000000
1692987467572209140 176.512926 0.000000
1692987467595304614 177.052551 0.000000
1692987467626121799 176.588382 0.000000
1692987467743255584 176.597639 0.000000
1692987467948940572 176.692790 0.000000
1692987468245058280 176.645366 0.000000
1692987468302390618 176.645450 0.000000
1692987468632614537 176.444959 0.000000
1692987468686940359 176.610582 0.000000
1692987468687030411 176.515202 0.000000
1692987468897435537 176.509976 0.000000
1692987468920980653 176.493049 0.000000
1692987468980754064 176.499826 0.000000
1692987469097356631 176.715474 0.000000
1692987469394375461 176.585436 0.000000
1692987469427494521 176.500874 0.000000
1692987469515769988 176.546726 0.000000
1692987469805573659 176.509218 0.000000
1692987469953223093 176.536572 0.000000
1692987470222933264 176.498573 0.000000
1692987470307036074 176.617189 0.000000
1692987471545599748 176.656987 0.000000
1692987471662797923 176.669336 0.000000
1692987471750945763 176.622863 0.000000
1692987471750945753 176.525652 0.000000
1692987472046286036 176.686561 0.000000
1692987472164631567 176.524866 0.000000
1692987472518021143 176.610000 0.000000
1692987472518246356 176.523982 0.000000
1692987472635744423 176.656912 0.000000
1692987472783025534 176.611336 0.000000
1692987472900566959 176.519190 0.000000
1692987472931878359 176.477650 0.000000
1692987472960138824 176.582208 0.000000
1692987472963636220 176.617054 0.000000
1692987473106966234 176.714542 0.000000
1692987473108541516 176.633593 0.000000
1692987473108646460 176.507103 0.000000
1692987473136812861 176.632951 0.000000
1692987473166137904 176.582789 0.000000
1692987473493834175 176.612991 0.000000
1692987473696502357 176.628325 0.000000
1692987473785012461 176.760458 0.000000
1692987473844579280 176.831183 0.000000
1692987473844650381 176.985823 0.000000
1692987473992529178 176.880322 0.000000
1692987474226706652 176.566141 0.000000
1692987474256828775 177.001866 0.000000
1692987474256909679 177.000923 0.000000
1692987474463471083 176.517287 0.000000
1692987475082122445 176.622121 0.000000
1692987475641493976 176.752570 0.000000
1692987475906830752 176.779192 0.000000
1692987476025599982 176.537213 0.000000
1692987476083449981 176.600216 0.000000
1692987476143277688 176.722706 0.000000
1692987476202629237 176.629773 0.000000
1692987476202732432 176.702539 0.000000
1692987476260429038 176.797911 0.000000
1692987476644595712 176.638699 0.000000
1692987476702413861 176.625249 0.000000
1692987476821599858 176.561373 0.000000
1692987476939365527 176.842976 0.000000
1692987477057032643 176.522191 0.000000
1692987477117693293 176.521587 0.000000
1692987477204549448 176.631874 0.000000
1692987477204584504 176.615019 0.000000
1692987477351955264 176.796437 0.000000
1692987477409575067 176.566782 0.000000
1692987477410536560 176.603152 0.000000
1692987477498808975 176.593364 0.000000
1692987477586195604 176.604420 0.000000
1692987477647775469 176.532417 0.000000
1692987477675357490 176.525827 0.000000
1692987477763200728 176.492585 0.000000
1692987478028779010 176.587210 0.000000
1692987478089311718 176.745507 0.000000
1692987478147552732 176.587566 0.000000
1692987478323138030 176.761606 0.000000
1692987478324187172 176.627709 0.000000
1692987478324275592 176.636971 0.000000
1692987478355111923 176.971265 0.000000
1692987478647568208 176.583812 0.000000
1692987478708712620 176.617921 0.000000
1692987478974141541 176.757878 0.000000
1692987478974169241 176.902976 0.000000
1692987479355231021 176.714085 0.000000
1692987479416418358 176.698579 0.000000
1692987479916032040 176.782685 0.000000
1692987480003395886 176.470438 0.000000
1692987480388980370 176.668228 0.000000
1692987480534772891 176.623113 0.000000
1692987480565884362 176.647234 0.000000
1692987480887993332 176.522665 0.000000
1692987481241696499 176.545443 0.000000
1692987481360217412 176.665622 0.000000
1692987481626413979 176.543258 0.000000
1692987481744849619 176.596010 0.000000
1692987481802073550 176.661753 0.000000
1692987481860653547 176.713038 0.000000
1692987482186590303 176.548304 0.000000
1692987482568283244 176.687403 0.000000
1692987483010395308 176.818809 0.000000
1692987483187051925 176.673902 0.000000
1692987483188141436 176.544804 0.000000
1692987483188314228 176.503676 0.000000
1692987483275552371 176.683349 0.000000
1692987483452782593 176.544225 0.000000
