1692987334355636197 294.648301 0.000000
1692987334881488993 294.705184 0.000000
1692987335700569708 294.672156 0.000000
1692987336162517445 294.640633 0.000000
1692987337282324711 294.661291 0.000000
1692987338240755033 294.793093 0.000000
1692987338623772966 294.622532 0.000000
1692987339168809617 294.591228 0.000000
1692987340396049090 294.742846 0.000000
1692987340553918917 294.602394 0.000000
1692987340936930751 294.713691 0.000000
1692987342293114704 295.201659 0.000000
1692987342447988332 294.840073 0.000000
1692987343362570131 294.611625 0.000000
1692987343411071864 294.605030 0.000000
1692987343745686948 294.749547 0.000000
1692987343812178481 294.689843 0.000000
1692987343961627933 294.777456 0.000000
1692987344060122106 294.572950 0.000000
1692987344963470257 294.681714 0.000000
1692987345018449237 294.900006 0.000000
1692987346221445347 294.772380 0.000000
1692987346726672121 294.695842 0.000000
1692987346852671310 294.840053 0.000000
1692987346928888074 294.775703 0.000000
1692987347488506933 294.599283 0.000000
1692987347720749662 294.724859 0.000000
1692987347963954276 294.845109 0.000000
1692987348687358636 294.715286 0.000000
1692987349197376892 294.826766 0.000000
1692987351928392851 294.703274 0.000000
1692987351975538804 294.685819 0.000000
1692987352075579712 294.737413 0.000000
1692987352149269168 294.549421 0.000000
1692987352613175534 294.801368 0.000000
1692987352635538782 294.651198 0.000000
1692987353019736331 294.658575 0.000000
1692987353322922941 294.838539 0.000000
1692987354324688015 294.643315 0.000000
1692987354443805286 294.587825 0.000000
1692987354816612236 294.612432 0.000000
1692987355003436287 294.535779 0.000000
1692987355582024896 294.564814 0.000000
1692987356091606275 294.627056 0.000000
1692987356963703727 294.623323 0.000000
1692987359138112709 294.645284 0.000000
1692987360651413819 294.628289 0.000000
1692987361359016333 294.628234 0.000000
1692987361918334482 294.749071 0.000000
1692987361989775825 295.336493 0.000000
1692987362743587116 294.761625 0.000000
1692987362881395528 295.310237 0.000000
1692987362900583921 294.588723 0.000000
1692987363548636456 294.621413 0.000000
1692987365719255301 294.936397 0.000000
1692987367772470920 294.657503 0.000000
1692987367781342350 294.682641 0.000000
1692987368114733495 294.721131 0.000000
1692987368813804852 294.866384 0.000000
1692987369127309635 294.765299 0.000000
1692987369152542848 294.617214 0.000000
1692987369678106213 294.898349 0.000000
1692987369697939578 294.816087 0.000000
1692987370964113734 294.830119 0.000000
1692987374395320287 294.732482 0.000000
1692987374706316521 294.758037 0.000000
1692987374928905425 294.545498 0.000000
1692987374955250151 294.735229 0.000000
1692987374972636154 294.666574 0.000000
1692987375367900361 294.661276 0.000000
1692987376367409647 294.820687 0.000000
1692987376977979660 294.681478 0.000000
1692987377360350022 294.754554 0.000000
1692987377508523048 294.703539 0.000000
1692987378167931630 294.805052 0.000000
1692987378360984956 294.877350 0.000000
1692987379549534301 294.933400 0.000000
1692987380256685521 294.894960 0.000000
1692987381621301799 294.787351 0.000000
1692987382380700050 294.679995 0.000000
1692987382490028671 294.765981 0.000000
1692987384107064358 294.992001 0.000000
1692987384351788720 294.723316 0.000000
1692987385344299090 295.091213 0.000000
1692987386003357291 294.919207 0.000000
1692987386738904642 295.089929 0.000000
1692987387210649343 294.932257 0.000000
1692987387947835548 294.911639 0.000000
1692987388157358514 294.757631 0.000000
1692987388644829581 294.773107 0.000000
1692987388945508068 294.696861 0.000000
1692987388949277717 294.603863 0.000000
1692987389007361790 294.719713 0.000000
1692987389075248896 294.863948 0.000000
1692987390146659626 294.699155 0.000000
1692987390146707678 294.675801 0.000000
1692987390275156158 294.892946 0.000000
1692987390598471592 294.900849 0.000000
1692987390619193104 294.719953 0.000000
1692987392430156593 294.774635 0.000000
1692987392955479134 294.685471 0.000000
1692987393623393378 294.594762 0.000000
1692987393888510638 294.698013 0.000000
1692987394369447004 294.727371 0.000000
1692987396463344598 294.720961 0.000000
1692987396551813015 294.755928 0.000000
1692987397278171457 294.769115 0.000000
1692987397498457416 294.767279 0.000000
1692987397788842094 294.929056 0.000000
1692987398259914219 294.524153 0.000000
1692987399409562688 294.920400 0.000000
1692987399694802039 294.873178 0.000000
1692987399822234881 294.763701 0.000000
1692987401439215110 294.951799 0.000000
1692987402053455573 294.710281 0.000000
1692987402238555472 295.212099 0.000000
1692987404337047532 294.677810 0.000000
1692987404451492572 294.819842 0.000000
1692987405713743438 294.795765 0.000000
1692987405800199105 294.717422 0.000000
1692987406575821816 294.736612 0.000000
1692987407308433164 294.626391 0.000000
1692987407422595441 294.632159 0.000000
1692987408020239609 294.795474 0.000000
1692987408631227071 294.661923 0.000000
1692987410078063353 294.667487 0.000000
1692987411247253930 294.632069 0.000000
1692987412166793938 294.566282 0.000000
1692987412811921049 294.721015 0.000000
1692987412814156372 294.725141 0.000000
1692987414169867219 294.873661 0.000000
1692987414818402879 294.842257 0.000000
1692987414825813142 294.669276 0.000000
1692987414989173841 294.957166 0.000000
1692987415784279556 294.721440 0.000000
1692987416579601401 294.755366 0.000000
1692987416641686256 294.943394 0.000000
1692987417615914077 294.631113 0.000000
1692987418212579172 294.711630 0.000000
1692987418530026110 294.897026 0.000000
1692987418675061865 294.918310 0.000000
1692987419348870286 294.676593 0.000000
1692987420386481585 294.731345 0.000000
1692987420858399244 295.203088 0.000000
1692987421946089639 294.909900 0.000000
1692987422178547265 294.603618 0.000000
1692987422473195186 294.620011 0.000000
1692987422831551556 294.630420 0.000000
1692987424096082210 294.941675 0.000000
1692987424717462528 294.884061 0.000000
1692987424774697074 294.597940 0.000000
1692987424923949628 294.587150 0.000000
1692987425747536845 294.862965 0.000000
1692987427365858021 294.787305 0.000000
1692987427451772488 294.860034 0.000000
1692987428229825612 294.623635 0.000000
1692987428337922617 294.643380 0.000000
1692987429408647643 294.795284 0.000000
1692987430753502166 294.777734 0.000000
1692987430902493788 294.678728 0.000000
1692987431021310169 294.612299 0.000000
1692987431108115886 294.626763 0.000000
1692987431196694930 294.639321 0.000000
1692987431434640659 294.657238 0.000000
1692987431848190190 294.734072 0.000000
1692987433054836585 294.693638 0.000000
1692987433612868677 295.592290 0.000000
1692987433936854120 294.968292 0.000000
1692987434025079897 294.813983 0.000000
1692987436515900811 294.691106 0.000000
1692987437862675469 295.338574 0.000000
1692987438460560720 294.831378 0.000000
1692987438685505209 294.684203 0.000000
1692987438895524279 294.709018 0.000000
1692987438952291873 294.731531 0.000000
1692987440964429770 294.819921 0.000000
1692987441425184748 294.785537 0.000000
1692987441664182340 294.621325 0.000000
1692987441664235509 294.676719 0.000000
1692987441867559056 294.879315 0.000000
1692987441929798286 294.854914 0.000000
1692987443402831172 294.640253 0.000000
1692987443462276654 295.007444 0.000000
1692987443558673821 294.754730 0.000000
1692987444140748996 294.723417 0.000000
1692987444727090718 294.738341 0.000000
1692987444816413295 294.736429 0.000000
1692987444904049237 294.877381 0.000000
1692987446849016236 294.909079 0.000000
1692987447240349024 294.538527 0.000000
1692987449442330944 294.770146 0.000000
1692987449619390904 294.758129 0.000000
1692987449884645784 294.757055 0.000000
1692987450711769427 294.717824 0.000000
1692987450945989500 294.682672 0.000000
1692987451799837317 294.983102 0.000000
1692987452037661659 294.685900 0.000000
1692987452044037816 294.650077 0.000000
1692987452272153780 294.727632 0.000000
1692987452605967355 294.726810 0.000000
1692987452951125075 294.844560 0.000000
1692987453039766103 295.166975 0.000000
1692987453332432658 294.705872 0.000000
1692987455395556152 294.998437 0.000000
1692987455631292649 294.862271 0.000000
1692987455837239678 294.768031 0.000000
1692987457193024856 294.626307 0.000000
1692987457604554404 294.527116 0.000000
1692987458017961925 294.625544 0.000000
1692987458084794391 294.782405 0.000000
1692987458960327473 294.756444 0.000000
1692987459794804197 294.666675 0.000000
1692987460317133407 294.886126 0.000000
1692987462997572329 294.723818 0.000000
1692987464590271961 294.676954 0.000000
1692987464884605606 294.865442 0.000000
1692987467042296093 294.614619 0.000000
1692987467155152667 294.650934 0.000000
1692987467508067599 294.832673 0.000000
1692987467508070545 294.712021 0.000000
1692987468097996124 294.982044 0.000000
1692987469777576923 294.721318 0.000000
1692987471781047294 294.889539 0.000000
1692987471812304223 294.791336 0.000000
1692987473284353346 294.805493 0.000000
1692987473814700423 294.792308 0.000000
1692987473902965943 294.630927 0.000000
1692987474139938252 294.726284 0.000000
1692987476703664823 295.008783 0.000000
1692987476762898722 294.821962 0.000000
1692987476997105675 294.666955 0.000000
1692987479534617307 294.957723 0.000000
1692987479622971012 294.747679 0.000000
1692987479650022638 294.722646 0.000000
1692987480064797311 294.632030 0.000000
1692987480387741065 294.735852 0.000000
1692987480445836760 294.810546 0.000000
1692987480534245694 294.674268 0.000000
1692987480741255571 294.692109 0.000000
1692987480801571986 294.791716 0.000000
1692987480861332110 295.476810 0.000000
1692987481774606071 294.618117 0.000000
1692987482774621148 294.595601 0.000000
1692987482923174575 294.735160 0.000000
1692987483453594372 294.860947 0.000000
