1692987335208600443 95.544813 169.597755 168 16 0.000000
1692987336214742821 95.408541 169.956067 171 16 0.000000
1692987337202965027 93.118666 168.990339 167 16 0.000000
1692987338213205072 93.207961 169.266699 171 16 0.000000
1692987339219977531 96.754865 167.863130 169 16 0.000000
1692987340215068691 92.498985 172.848513 172 16 0.000000
1692987341219243800 95.151751 169.293156 170 16 0.000000
1692987342226510635 92.477940 170.759122 172 16 0.000000
1692987343224842693 95.599164 167.279017 167 16 0.000000
1692987344226777617 99.901928 160.689098 161 16 0.000000
1692987345232438690 95.460203 170.037380 171 16 0.000000
1692987346221445347 93.757325 170.878550 169 16 0.000000
1692987347227243709 98.174446 161.066057 162 16 0.000000
1692987348233708433 98.679012 161.953019 163 16 0.000000
1692987349240064368 94.454845 168.926315 170 15 0.000000
1692987350227793968 92.536692 173.124305 171 16 0.000000
1692987351240060260 92.942490 173.867293 176 16 0.000000
1692987352248041980 98.887362 161.709282 163 16 0.000000
1692987353233494779 95.472119 164.391454 162 16 0.000000
1692987354246077489 95.359673 166.899928 169 16 0.000000
1692987355254306139 98.074377 165.637034 167 16 0.000000
1692987356240932017 95.043804 170.277333 168 16 0.000000
1692987357251713086 92.633630 171.154742 173 16 0.000000
1692987358250635258 90.906413 176.189902 176 16 0.000000
1692987359246915596 95.453852 167.623502 167 15 0.000000
1692987360253874205 91.391584 174.783749 176 16 0.000000
1692987361255929125 92.690276 170.649348 171 16 0.000000
1692987362254997081 95.126142 171.159509 171 16 0.000000
1692987363259568698 96.285579 167.235485 168 16 0.000000
1692987364261251638 93.240655 168.716066 169 16 0.000000
1692987365267520090 93.543494 169.934745 171 16 0.000000
1692987366264371598 94.730496 171.540111 171 16 0.000000
1692987367267067946 93.019242 171.537484 172 16 0.000000
1692987368265120129 95.322134 166.323960 166 16 0.000000
1692987369269731971 97.890849 166.233370 167 16 0.000000
1692987370276173876 93.977993 166.924657 168 16 0.000000
1692987371273681903 93.178959 172.429691 172 16 0.000000
1692987372275066783 91.377597 177.753832 178 16 0.000000
1692987373282300452 93.078645 169.771926 171 16 0.000000
1692987374280749309 90.456775 174.270317 174 16 0.000000
1692987375282446356 98.396857 164.720462 165 16 0.000000
1692987376288475968 92.691280 170.969124 172 16 0.000000
1692987377271145386 99.938771 160.786523 158 16 0.000000
1692987378286489378 100.278444 160.536722 163 16 0.000000
1692987379293767025 95.371631 167.778844 169 16 0.000000
1692987380289903555 95.612407 167.647849 167 16 0.000000
1692987381290952368 89.874905 178.812311 179 16 0.000000
1692987382294783207 92.117761 171.343754 172 16 0.000000
1692987383300382483 94.899020 170.047855 171 16 0.000000
1692987384294073280 92.158332 171.079377 170 16 0.000000
1692987385298759185 91.553956 175.179099 176 16 0.000000
1692987386305740276 93.856765 171.800644 173 16 0.000000
1692987387299430166 94.451346 171.079530 170 16 0.000000
1692987388301214668 96.698123 165.704328 166 16 0.000000
1692987389306987407 99.234276 159.081658 160 16 0.000000
1692987390312990333 96.882443 165.009455 166 16 0.000000
1692987391305764296 94.446614 171.237367 170 16 0.000000
1692987392312116284 94.042753 169.920675 171 16 0.000000
1692987393318578348 95.039415 166.921317 168 16 0.000000
1692987394311275086 93.461095 170.243355 169 16 0.000000
1692987395318113000 94.230726 170.831846 172 16 0.000000
1692987396319292754 94.639629 168.800876 169 16 0.000000
1692987397317350682 98.217107 162.315226 162 16 0.000000
1692987398323600016 95.055429 170.931777 172 16 0.000000
1692987399329619501 91.404738 172.958886 174 16 0.000000
1692987400327524813 96.422200 165.346336 165 16 0.000000
1692987401329089664 93.525722 171.731266 172 16 0.000000
1692987402335397069 95.079690 170.921926 172 16 0.000000
1692987403334983930 90.923944 173.071503 173 16 0.000000
1692987404337047532 92.134250 171.645783 172 16 0.000000
1692987405340002102 94.656699 172.490401 173 16 0.000000
1692987406332391185 96.855565 164.250067 163 16 0.000000
1692987407333719545 95.113507 165.779805 166 16 0.000000
1692987408343125738 94.810714 172.378553 174 16 0.000000
1692987409345905136 94.945300 165.539899 166 16 0.000000
1692987410343277479 94.795406 169.445245 169 16 0.000000
1692987411348405934 93.070028 174.107099 175 16 0.000000
1692987412350383687 93.772791 168.666440 169 16 0.000000
1692987413347307109 92.783341 174.536979 174 16 0.000000
1692987414354308414 93.726275 169.811078 171 16 0.000000
1692987415355496538 99.471499 158.811340 159 16 0.000000
1692987416350889083 94.121809 173.800777 173 16 0.000000
1692987417351300931 97.516231 160.933719 161 16 0.000000
1692987418360200886 94.999202 167.509150 169 16 0.000000
1692987419356526226 95.797366 167.615932 167 16 0.000000
1692987420355675395 93.104017 169.143913 169 16 0.000000
1692987421367206118 98.273997 165.096343 167 16 0.000000
1692987422367207500 97.872344 163.999750 164 16 0.000000
1692987423361676440 96.117453 167.928852 167 16 0.000000
1692987424372000184 94.761207 168.262870 170 16 0.000000
1692987425372452717 95.204291 167.924032 168 16 0.000000
1692987426366118422 93.746368 171.083690 170 16 0.000000
1692987427377570969 95.881763 166.097764 168 16 0.000000
1692987428370769377 99.414712 161.095709 160 16 0.000000
1692987429371273600 92.000876 170.913784 171 16 0.000000
1692987430383366372 91.530712 178.837371 181 16 0.000000
1692987431376708324 98.629927 162.079154 161 16 0.000000
1692987432378539591 94.530350 167.692870 168 16 0.000000
1692987433389598357 93.633483 172.096837 174 16 0.000000
1692987434382959338 97.726446 165.096103 164 16 0.000000
1692987435385673576 92.069224 170.537094 171 16 0.000000
1692987436398032472 93.745461 169.900221 172 16 0.000000
1692987437400182947 93.072959 175.622329 176 16 0.000000
1692987438392630002 94.430158 167.263356 166 16 0.000000
1692987439395958003 99.518083 160.465971 161 16 0.000000
1692987440404576875 92.358339 176.478950 178 16 0.000000
1692987441406687172 93.423380 164.652508 165 16 0.000000
1692987442401378690 101.212014 163.869927 163 16 0.000000
1692987443403651892 93.303386 167.618966 168 16 0.000000
1692987444405758761 102.357263 157.667792 158 16 0.000000
1692987445415085781 96.898159 164.466023 166 16 0.000000
1692987446415604569 90.875804 177.907704 178 16 0.000000
1692987447417021327 96.157829 165.765177 166 16 0.000000
1692987448411372304 92.010795 170.965763 170 16 0.000000
1692987449414000426 91.973024 174.541310 175 16 0.000000
1692987450422567347 95.628684 169.547497 171 16 0.000000
1692987451426945719 97.966895 162.289415 163 16 0.000000
1692987452419026947 97.299268 163.293107 162 16 0.000000
1692987453422011775 98.037242 167.500014 168 16 0.000000
1692987454431576288 90.913718 172.351541 174 16 0.000000
1692987455434179674 94.894794 166.566355 167 16 0.000000
1692987456426529613 96.621114 169.295154 168 16 0.000000
1692987457436529234 93.768096 167.326795 169 16 0.000000
1692987458438215134 95.221122 167.717219 168 16 0.000000
1692987459431950583 93.638441 175.096932 174 16 0.000000
1692987460435026127 95.638841 166.487959 167 16 0.000000
1692987461436489635 94.698264 166.755950 167 16 0.000000
1692987462446049908 91.874311 177.304878 179 16 0.000000
1692987463440084725 93.268206 171.020196 170 16 0.000000
1692987464449423683 91.489774 172.390013 174 16 0.000000
1692987465451159319 93.880183 171.702015 172 16 0.000000
1692987466446322018 93.649192 168.816645 168 16 0.000000
1692987467449542921 96.275538 163.473469 164 16 0.000000
1692987468456157206 97.235544 168.882957 170 16 0.000000
1692987469452366904 92.947572 173.658218 173 16 0.000000
1692987470455879782 92.149079 172.394372 173 16 0.000000
1692987471460619436 88.446940 180.146161 181 16 0.000000
1692987472459074992 93.941546 171.264538 171 16 0.000000
1692987473462103327 96.578680 164.501813 165 16 0.000000
1692987474466405157 97.991328 165.288981 166 16 0.000000
1692987475466355187 88.891009 179.008940 179 16 0.000000
1692987476468084559 92.469600 173.699607 174 16 0.000000
1692987477471237344 98.153052 162.487718 163 16 0.000000
1692987478471091390 94.691442 169.024670 169 16 0.000000
1692987479474319907 92.046901 170.449711 171 16 0.000000
1692987480477505458 98.761674 161.485568 162 16 0.000000
1692987481479972227 96.426684 168.584145 169 16 0.000000
1692987482481602714 92.078576 175.713499 176 16 0.000000
1692987483482154805 96.367115 165.908405 166 16 0.000000
