1692972530021270019 144.734232 0.000000
1692972530021302685 145.022682 0.000000
1692972530093712308 144.652095 0.000000
1692972530125411616 144.707282 0.000000
1692972530166075115 144.908534 0.000000
1692972530238473867 144.743070 0.000000
1692972530528546912 144.592687 0.000000
1692972530559525551 144.578550 0.000000
1692972530600638102 144.704362 0.000000
1692972530673156858 144.566476 0.000000
1692972530673295149 144.508496 0.000000
1692972530776647053 144.623855 0.000000
1692972530848900980 144.524689 0.000000
1692972531035363842 144.751060 0.000000
1692972531035610640 144.465130 0.000000
1692972531035987781 144.473490 0.000000
1692972531180558024 144.556065 0.000000
1692972531469476641 144.632959 0.000000
1692972531759056920 144.544655 0.000000
1692972531759358280 144.577997 0.000000
1692972531977283954 144.650309 0.000000
1692972532048890878 144.459912 0.000000
1692972532049364909 144.555424 0.000000
1692972532121143145 144.689519 0.000000
1692972532121861032 144.561562 0.000000
1692972532151918813 144.468812 0.000000
1692972532193456655 144.555979 0.000000
1692972532266451898 144.576833 0.000000
1692972532338080578 144.593697 0.000000
1692972532700263756 144.663248 0.000000
1692972532918552803 144.960248 0.000000
1692972533020731400 144.638527 0.000000
1692972533063113709 144.577735 0.000000
1692972533165316657 144.560855 0.000000
1692972533207780470 144.644705 0.000000
1692972533352313290 144.678158 0.000000
1692972533497572157 144.633730 0.000000
1692972533497598743 144.638125 0.000000
1692972533498574269 144.624327 0.000000
1692972533569483602 144.600833 0.000000
1692972533643143419 144.559106 0.000000
1692972533714096403 144.587286 0.000000
1692972533715379282 144.571340 0.000000
1692972533744418481 144.574021 0.000000
1692972533786734806 144.573313 0.000000
1692972533787137777 144.580355 0.000000
1692972533889657933 144.458272 0.000000
1692972534003814574 144.639513 0.000000
1692972534149356786 144.606570 0.000000
1692972534149558365 144.876958 0.000000
1692972534222349859 144.577207 0.000000
1692972534438945074 144.614148 0.000000
1692972534511614078 144.546922 0.000000
1692972534583123996 144.569590 0.000000
1692972534728386164 144.576135 0.000000
1692972535090759665 144.732242 0.000000
1692972535163177792 144.869165 0.000000
1692972535307977861 144.705760 0.000000
1692972535308559352 144.700598 0.000000
1692972535381110863 144.662715 0.000000
1692972535381146766 144.861491 0.000000
1692972535453079556 144.716665 0.000000
1692972535525959440 144.777262 0.000000
1692972535743615708 144.876647 0.000000
1692972535960698354 144.567503 0.000000
1692972536033145918 144.614493 0.000000
1692972536206580716 144.520369 0.000000
1692972536250511566 144.717716 0.000000
1692972536394345665 144.565494 0.000000
1692972536466891253 144.586412 0.000000
1692972536612677787 144.503931 0.000000
1692972536902103769 144.512881 0.000000
1692972536902422309 144.388587 0.000000
1692972537047375282 144.528041 0.000000
1692972537336952569 144.546324 0.000000
1692972537481724010 144.659445 0.000000
1692972537481974557 144.862262 0.000000
1692972537843076430 144.660703 0.000000
1692972537916000190 144.506506 0.000000
1692972537944145888 144.606492 0.000000
1692972537989554910 144.944828 0.000000
1692972537989649119 144.973405 0.000000
1692972537989675680 144.951675 0.000000
1692972538060804723 144.557719 0.000000
1692972538132645592 144.539748 0.000000
1692972538133585826 144.557980 0.000000
1692972538278246960 144.644926 0.000000
1692972538278994186 144.452670 0.000000
1692972538350467561 144.776727 0.000000
1692972538351624273 144.538404 0.000000
1692972538422624966 144.434747 0.000000
1692972538423505802 144.557362 0.000000
1692972538494607801 144.707497 0.000000
1692972538567114121 144.607651 0.000000
1692972538567471416 144.638462 0.000000
1692972538668083466 144.577255 0.000000
1692972538784325643 144.511041 0.000000
1692972538784605934 144.484950 0.000000
1692972539002646962 144.529173 0.000000
1692972539073695926 144.616756 0.000000
1692972539146563380 144.544978 0.000000
1692972539435709909 144.504025 0.000000
1692972539509189319 144.570423 0.000000
1692972539797845483 144.513289 0.000000
1692972539869820075 144.482966 0.000000
1692972539870831963 144.654984 0.000000
1692972540014678589 144.581599 0.000000
1692972540159737250 144.594659 0.000000
1692972540376916183 144.624492 0.000000
1692972540378228421 144.497342 0.000000
1692972540405299433 144.501822 0.000000
1692972540449361255 144.807933 0.000000
1692972540666844516 144.804139 0.000000
1692972540739751435 144.526505 0.000000
1692972540884403201 144.496099 0.000000
1692972540912258690 144.706337 0.000000
1692972540957069843 144.651214 0.000000
1692972540984730359 144.667111 0.000000
1692972541101762744 144.596467 0.000000
1692972541391588511 144.619525 0.000000
1692972541535525085 144.604996 0.000000
1692972541535647550 144.644809 0.000000
1692972541608563725 144.446413 0.000000
1692972541752791796 144.566692 0.000000
1692972541825853540 144.786983 0.000000
1692972542043129162 144.737915 0.000000
1692972542043215132 144.690034 0.000000
1692972542188212368 145.133848 0.000000
1692972542405653262 144.535108 0.000000
1692972542477664888 144.693456 0.000000
1692972542695813631 144.876772 0.000000
1692972542766923711 144.816582 0.000000
1692972542766966867 144.748313 0.000000
1692972542911700983 144.698618 0.000000
1692972542984525029 144.485352 0.000000
1692972543130288780 144.548364 0.000000
1692972543274054455 144.654209 0.000000
1692972543274779143 144.452460 0.000000
1692972543419501290 144.707487 0.000000
1692972543564128351 144.885893 0.000000
1692972543564164645 144.715512 0.000000
1692972543564885299 144.574770 0.000000
1692972543636565529 144.654039 0.000000
1692972543781898799 144.421880 0.000000
1692972543854151914 144.726241 0.000000
1692972543998492510 144.521150 0.000000
1692972544025867277 144.594771 0.000000
1692972544071997588 144.742383 0.000000
1692972544144579171 144.715009 0.000000
1692972544216570798 144.564144 0.000000
1692972544360588909 144.591107 0.000000
1692972544433136483 144.585850 0.000000
1692972544578989790 144.574137 0.000000
1692972544650580968 144.932971 0.000000
1692972544868492894 144.586472 0.000000
1692972544941143176 144.694947 0.000000
1692972545085290086 144.553238 0.000000
1692972545111627829 144.584721 0.000000
1692972545159022025 145.084266 0.000000
1692972545183946771 144.506271 0.000000
1692972545229870687 144.574558 0.000000
1692972545229912835 144.606703 0.000000
1692972545231225208 144.610000 0.000000
1692972545519643017 144.761924 0.000000
1692972545520412752 144.463449 0.000000
1692972545593456598 144.616049 0.000000
1692972546098605070 144.612325 0.000000
1692972546099225216 144.566869 0.000000
1692972546171714167 144.410165 0.000000
1692972546243485513 144.668229 0.000000
1692972546316159158 144.668940 0.000000
1692972546389069604 144.614900 0.000000
1692972546460956933 144.587803 0.000000
1692972546461665319 144.558941 0.000000
1692972546533810582 144.939855 0.000000
1692972546534120717 144.553358 0.000000
1692972546606507978 144.852728 0.000000
1692972546606738774 144.888430 0.000000
1692972546678478300 144.520136 0.000000
1692972546678524212 144.652121 0.000000
1692972546679051156 144.430958 0.000000
1692972546750634198 144.507130 0.000000
1692972546776131269 144.675957 0.000000
1692972546895226591 144.660496 0.000000
1692972546968870861 144.611993 0.000000
1692972547113307101 144.483625 0.000000
1692972547138172319 144.615571 0.000000
1692972547329753299 144.580540 0.000000
1692972547547196062 144.589154 0.000000
1692972547619417893 144.652000 0.000000
1692972547836529408 144.622742 0.000000
1692972547836768988 144.488269 0.000000
1692972547837078954 144.459682 0.000000
1692972547909454352 144.496423 0.000000
1692972547981445561 144.727862 0.000000
1692972547981626226 144.543715 0.000000
1692972547981785686 144.685376 0.000000
1692972548054065216 144.634738 0.000000
1692972548126264178 144.489382 0.000000
1692972548198719170 144.714777 0.000000
1692972548512609413 144.581533 0.000000
1692972548561008730 144.524043 0.000000
1692972548777515460 144.636591 0.000000
1692972548777582620 144.611325 0.000000
1692972548874236521 144.460268 0.000000
1692972548922473062 144.494156 0.000000
1692972548995596948 144.466881 0.000000
1692972549068313962 144.530362 0.000000
1692972549140769606 144.485362 0.000000
1692972549163599936 144.579288 0.000000
1692972549212162446 144.433763 0.000000
1692972549284497434 144.709673 0.000000
1692972549429225996 144.719451 0.000000
1692972549501640048 144.589454 0.000000
1692972549574719785 144.430419 0.000000
1692972549646228739 144.593809 0.000000
1692972549718544496 144.589040 0.000000
1692972549863876096 144.526438 0.000000
1692972549935517101 144.531469 0.000000
1692972550008160621 144.473238 0.000000
1692972550080386325 144.644661 0.000000
1692972550394185510 144.500772 0.000000
1692972550443117486 144.632318 0.000000
1692972550659670138 144.548328 0.000000
1692972550659907179 144.582026 0.000000
1692972550949325521 144.563694 0.000000
1692972551021813654 144.596028 0.000000
1692972551022595685 144.576542 0.000000
1692972551166962540 144.479828 0.000000
1692972551239196273 144.777609 0.000000
1692972551311856089 144.391723 0.000000
1692972551312131198 144.645167 0.000000
1692972551456766372 144.595752 0.000000
1692972551528727626 144.621993 0.000000
1692972551601369175 144.587804 0.000000
1692972551697046318 144.555688 0.000000
1692972551746338535 144.570894 0.000000
1692972551842098324 144.784856 0.000000
1692972551963403421 144.742674 0.000000
1692972551964061299 144.527959 0.000000
1692972552108361063 144.825555 0.000000
1692972552203767230 144.498962 0.000000
1692972552253248151 144.808681 0.000000
1692972552348463816 144.577148 0.000000
1692972552470404809 144.739385 0.000000
1692972552471121874 144.638316 0.000000
1692972552615233270 144.693869 0.000000
1692972552615323675 144.747153 0.000000
1692972552637876667 144.582360 0.000000
1692972552687708953 144.807628 0.000000
1692972552832357512 144.682909 0.000000
1692972552904875880 144.612079 0.000000
1692972552905242266 144.534063 0.000000
1692972553122541334 145.062244 0.000000
1692972553362086747 144.618418 0.000000
1692972553412282597 144.465809 0.000000
1692972553484741436 144.441447 0.000000
1692972553557303760 144.728033 0.000000
1692972553651480718 144.583231 0.000000
1692972553702507674 144.696074 0.000000
1692972553774658813 144.751989 0.000000
1692972553846752313 144.757361 0.000000
1692972553846803457 144.693608 0.000000
1692972553868528887 144.607017 0.000000
1692972553919255149 144.632931 0.000000
1692972554065052385 144.606635 0.000000
1692972554136216046 144.657578 0.000000
1692972554137163376 144.589114 0.000000
1692972554137485810 144.856019 0.000000
1692972554281245333 144.665682 0.000000
1692972554715984442 144.650888 0.000000
1692972554788837662 144.564843 0.000000
1692972554933284396 144.739533 0.000000
1692972554933559204 144.686109 0.000000
1692972554933697230 144.632866 0.000000
1692972555006219254 144.732046 0.000000
1692972555006594882 144.893907 0.000000
1692972555150888509 144.631377 0.000000
1692972555172633675 144.561820 0.000000
1692972555440710757 144.914925 0.000000
1692972555513648112 144.600420 0.000000
1692972555513686892 144.615866 0.000000
1692972555658850780 144.621890 0.000000
1692972555803310183 144.700196 0.000000
1692972555803491013 144.613741 0.000000
1692972555804061167 144.571834 0.000000
1692972555824279276 144.549863 0.000000
1692972556093644139 144.799913 0.000000
1692972556166551433 144.965407 0.000000
1692972556166735005 144.984251 0.000000
1692972556238859080 144.623051 0.000000
1692972556311383480 145.362655 0.000000
1692972556455555389 144.564075 0.000000
1692972556475856003 144.494658 0.000000
1692972556528477137 144.755759 0.000000
1692972556600424562 144.653663 0.000000
1692972556673308512 144.471315 0.000000
1692972556692874006 144.436208 0.000000
1692972556745419563 144.499359 0.000000
1692972556891393481 145.215498 0.000000
1692972557108809076 144.921986 0.000000
1692972557253396760 144.572192 0.000000
1692972557325967152 144.531660 0.000000
1692972557326043259 144.589854 0.000000
1692972557470325137 144.504951 0.000000
1692972557614417455 144.594770 0.000000
1692972557778949483 144.550273 0.000000
1692972557832848136 144.426009 0.000000
1692972557905302087 144.774338 0.000000
1692972558048805032 144.579434 0.000000
1692972558050220855 144.526827 0.000000
1692972558195117941 144.698085 0.000000
1692972558195150838 144.749378 0.000000
1692972558339955996 144.692968 0.000000
1692972558358248894 144.624569 0.000000
1692972558412577656 144.657230 0.000000
1692972558557284371 144.497704 0.000000
1692972558629646593 144.515461 0.000000
1692972558773514640 144.432563 0.000000
1692972558846252982 144.507682 0.000000
1692972558919296562 144.490417 0.000000
1692972558919469704 144.544518 0.000000
1692972559063229664 144.640004 0.000000
1692972559136509117 144.737952 0.000000
1692972559281094524 144.615812 0.000000
1692972559353711112 144.539205 0.000000
1692972559353783330 144.581823 0.000000
1692972559497695293 144.542196 0.000000
1692972559497785653 144.579112 0.000000
1692972559643425995 144.684633 0.000000
1692972559733679653 144.604341 0.000000
1692972559860733249 144.790142 0.000000
1692972560077292697 144.464085 0.000000
1692972560077702118 144.394047 0.000000
1692972560222481850 144.739961 0.000000
1692972560295238032 144.940063 0.000000
1692972561018846281 144.654948 0.000000
1692972561019128471 144.693813 0.000000
1692972561091763807 144.760196 0.000000
1692972561164248488 144.487267 0.000000
1692972561181262521 144.554053 0.000000
1692972561235639133 144.770355 0.000000
1692972561308667196 144.794953 0.000000
1692972561743682417 144.584578 0.000000
1692972561815108389 144.667812 0.000000
1692972561961011009 144.839776 0.000000
1692972561961048526 144.862614 0.000000
1692972561977976133 144.601202 0.000000
1692972562105556947 144.599959 0.000000
1692972562106105150 144.707294 0.000000
1692972562177207817 144.551396 0.000000
1692972562250683649 144.537348 0.000000
1692972562468026648 144.430375 0.000000
1692972562540144888 144.817674 0.000000
1692972562829389509 144.515111 0.000000
1692972562846499866 144.638419 0.000000
1692972562974928303 144.654059 0.000000
1692972563047249960 144.541217 0.000000
1692972563119338631 144.558612 0.000000
1692972563119654599 144.445284 0.000000
1692972563191100231 144.627491 0.000000
1692972563264260627 144.807395 0.000000
1692972563408317553 144.794294 0.000000
1692972563409356260 144.441094 0.000000
1692972563481859178 144.851753 0.000000
1692972563699383584 144.581129 0.000000
1692972563770481673 144.479809 0.000000
1692972563844001146 144.862856 0.000000
1692972563931745059 144.605264 0.000000
1692972564132283365 144.593673 0.000000
1692972564133266428 144.556366 0.000000
1692972564133621493 144.512720 0.000000
1692972564205328261 144.459356 0.000000
1692972564350831191 144.602949 0.000000
1692972564494784957 144.532866 0.000000
1692972564639594822 144.502491 0.000000
1692972564639754713 144.498447 0.000000
1692972564639962080 144.453753 0.000000
1692972564655272741 144.544765 0.000000
1692972564712069543 144.785097 0.000000
1692972564712931811 144.553443 0.000000
1692972564784282798 144.730660 0.000000
1692972564784393776 144.791351 0.000000
1692972564785087798 144.576929 0.000000
1692972564928910324 144.609895 0.000000
1692972564929788609 144.449061 0.000000
1692972565074226565 144.778687 0.000000
1692972565089017986 144.514390 0.000000
1692972565147113242 144.874724 0.000000
1692972565147146154 144.641583 0.000000
1692972565363731200 144.672641 0.000000
1692972565364633786 144.627345 0.000000
1692972565509472968 144.832060 0.000000
1692972565509647834 144.785602 0.000000
1692972565799032466 144.505352 0.000000
1692972565799177001 144.491163 0.000000
1692972565871339212 145.030767 0.000000
1692972566088466778 144.548015 0.000000
1692972566088878173 144.687874 0.000000
1692972566161895830 144.752676 0.000000
1692972566175164840 144.606869 0.000000
1692972566305994798 144.721498 0.000000
1692972566450434771 144.543128 0.000000
1692972566464410262 144.503812 0.000000
1692972566609271315 144.615442 0.000000
1692972566667855091 144.423060 0.000000
1692972566740753511 144.415267 0.000000
1692972566741239094 144.640440 0.000000
1692972566813921532 144.654848 0.000000
1692972566826373636 144.669722 0.000000
1692972566957405867 144.597881 0.000000
1692972567029815011 144.575133 0.000000
1692972567103076399 144.468249 0.000000
1692972567248485754 144.557943 0.000000
1692972567319753216 144.948394 0.000000
1692972567393187089 144.519098 0.000000
1692972567405415883 144.526163 0.000000
1692972567537221671 144.593585 0.000000
1692972567682030927 144.768556 0.000000
1692972567682647830 144.456497 0.000000
1692972567755256356 144.661768 0.000000
1692972567827684013 144.513248 0.000000
1692972567839653866 144.615530 0.000000
1692972567984219446 144.593250 0.000000
1692972568116586431 144.720684 0.000000
1692972568188915177 144.747948 0.000000
1692972568261553984 144.888745 0.000000
1692972568261699678 144.664103 0.000000
1692972568406590162 144.624772 0.000000
1692972568406861767 144.695051 0.000000
1692972568623777698 144.463989 0.000000
1692972568695550854 144.646378 0.000000
1692972568695711387 144.465532 0.000000
1692972568913463370 144.732692 0.000000
1692972568914089344 144.579391 0.000000
1692972568924852955 144.481784 0.000000
1692972568986493410 144.535354 0.000000
1692972569131256252 144.519607 0.000000
1692972569203053523 144.925404 0.000000
1692972569203084230 144.759790 0.000000
1692972569275767765 144.809971 0.000000
1692972569275904452 144.641971 0.000000
1692972569275929651 144.702762 0.000000
1692972569420095170 144.644562 0.000000
1692972569420217946 144.513102 0.000000
1692972569431549010 144.627453 0.000000
1692972569576147916 144.575186 0.000000
1692972569783028095 144.742385 0.000000
1692972570000509974 144.527305 0.000000
1692972570218284282 144.606909 0.000000
1692972570289628661 144.489301 0.000000
1692972570371699983 144.405732 0.000000
1692972570435006992 144.688934 0.000000
1692972570435284201 144.637680 0.000000
1692972570435426085 144.580342 0.000000
1692972570507844810 144.517963 0.000000
1692972570588837291 144.478306 0.000000
1692972570725302792 144.628249 0.000000
1692972570795681259 144.640186 0.000000
1692972570941877434 144.452165 0.000000
1692972571014654510 144.564881 0.000000
1692972571087054527 144.524462 0.000000
1692972571230550244 144.474671 0.000000
1692972571230642894 144.474185 0.000000
1692972571375312724 144.736635 0.000000
1692972571520235220 144.604181 0.000000
1692972571521695761 144.696466 0.000000
1692972571521730096 144.690913 0.000000
1692972571529706425 144.577606 0.000000
1692972571594108498 144.586651 0.000000
1692972571737373294 144.543886 0.000000
1692972571811499719 144.670387 0.000000
1692972571884105087 144.612091 0.000000
1692972571955909419 144.444060 0.000000
1692972571963873349 144.587573 0.000000
1692972572027039185 144.545445 0.000000
1692972572099517412 144.518663 0.000000
1692972572173614148 144.513426 0.000000
1692972572180784846 144.526466 0.000000
1692972572390456885 144.537546 0.000000
1692972572462428300 144.616029 0.000000
1692972572533480145 144.526491 0.000000
1692972572542306858 144.420675 0.000000
1692972572678568816 144.407074 0.000000
1692972572823096905 144.511084 0.000000
1692972572895814674 144.434577 0.000000
1692972572969695243 144.607078 0.000000
1692972573040287595 144.628523 0.000000
1692972573048917942 144.617762 0.000000
1692972573114009586 144.544006 0.000000
1692972573266254362 144.531921 0.000000
1692972573330004262 144.688747 0.000000
1692972573474803911 144.650303 0.000000
1692972573547112239 144.658717 0.000000
1692972573619588345 144.584570 0.000000
1692972573691756151 144.507882 0.000000
1692972573693723380 144.772912 0.000000
1692972573693965868 144.474313 0.000000
1692972573836506917 144.497938 0.000000
1692972573908862234 144.628918 0.000000
1692972573910679559 144.455886 0.000000
1692972573981254766 144.587086 0.000000
1692972574125964091 144.609257 0.000000
1692972574127870949 144.628777 0.000000
1692972574134745935 144.529521 0.000000
1692972574198275895 144.503552 0.000000
1692972574200602907 144.736849 0.000000
1692972574273131845 144.644572 0.000000
1692972574489842993 144.570988 0.000000
1692972574560310991 144.628326 0.000000
1692972574563151172 144.560357 0.000000
1692972574568888977 144.569880 0.000000
1692972574635128752 144.609812 0.000000
1692972574641293323 144.552745 0.000000
1692972574706754532 144.511239 0.000000
1692972574779709707 144.565599 0.000000
1692972574849752177 144.540666 0.000000
1692972574922285777 144.646412 0.000000
1692972574924178753 144.449876 0.000000
1692972574994242998 144.517087 0.000000
1692972574994481823 144.523101 0.000000
1692972575285946180 144.580740 0.000000
1692972575577162888 144.705455 0.000000
1692972575654704578 144.495933 0.000000
1692972575790516784 144.519467 0.000000
1692972575790850825 144.582087 0.000000
1692972575871555355 144.544400 0.000000
1692972575935195998 144.658706 0.000000
1692972575943977050 144.536076 0.000000
1692972576009677115 144.631253 0.000000
1692972576226599301 144.486446 0.000000
1692972576300258436 144.438183 0.000000
1692972576305365894 144.427074 0.000000
1692972576445534394 144.510851 0.000000
1692972576514432520 144.595240 0.000000
1692972576660745587 144.550690 0.000000
1692972576731786630 144.590652 0.000000
1692972576733326488 144.424616 0.000000
1692972577024458566 144.522138 0.000000
1692972577028600058 144.484105 0.000000
1692972577173091685 144.398415 0.000000
1692972577311308447 144.681871 0.000000
1692972577311307401 144.652450 0.000000
1692972577312253278 144.606253 0.000000
1692972577313051788 144.528808 0.000000
1692972577601118377 144.771927 0.000000
1692972577673264195 144.790400 0.000000
1692972577746437485 144.605641 0.000000
1692972577824439914 144.695624 0.000000
1692972577962955001 144.702977 0.000000
1692972578258666744 144.486995 0.000000
1692972578548019639 144.592831 0.000000
1692972578615406073 144.472025 0.000000
1692972578687405346 144.545931 0.000000
1692972578832568481 144.558079 0.000000
1692972578905191162 144.659565 0.000000
1692972578977067735 144.609440 0.000000
1692972579122132922 144.587413 0.000000
1692972579339648143 144.684814 0.000000
1692972579411907845 144.514803 0.000000
1692972579484186657 144.523409 0.000000
1692972579556774526 144.570905 0.000000
1692972579776509903 144.628578 0.000000
1692972579918628899 144.641594 0.000000
1692972579995499884 144.643993 0.000000
1692972580063352472 144.688757 0.000000
1692972580207993292 144.629234 0.000000
1692972580280773152 144.536333 0.000000
1692972580497818372 144.698620 0.000000
1692972580570535366 144.457310 0.000000
1692972580647160405 144.496947 0.000000
1692972580717121188 144.571154 0.000000
1692972580719507931 144.463288 0.000000
1692972580789450412 144.500484 0.000000
1692972581008808220 144.491092 0.000000
1692972581077297931 144.479714 0.000000
1692972581078710446 144.475921 0.000000
1692972581151142273 144.540071 0.000000
1692972581442913129 144.538318 0.000000
1692972581656719024 144.564539 0.000000
1692972581728944791 144.748550 0.000000
1692972581802442042 144.678859 0.000000
1692972581804533098 144.506513 0.000000
1692972581873692250 144.546862 0.000000
1692972581874620531 144.555643 0.000000
1692972581949070693 144.521273 0.000000
1692972582019466011 144.738993 0.000000
1692972582164139325 144.718233 0.000000
1692972582235904955 144.508502 0.000000
1692972582236418502 144.816167 0.000000
1692972582236750929 144.472799 0.000000
1692972582309058342 144.452824 0.000000
1692972582310473202 144.431609 0.000000
1692972582381664176 144.744916 0.000000
1692972582598250802 144.480437 0.000000
1692972582670563683 144.612398 0.000000
1692972582742730027 144.581097 0.000000
1692972582742816899 144.443096 0.000000
1692972582817016941 144.501821 0.000000
1692972582887511743 144.686901 0.000000
1692972582960711819 144.680016 0.000000
1692972583105018151 144.728246 0.000000
1692972583105282455 144.853157 0.000000
1692972583106576189 144.536452 0.000000
1692972583322236865 144.706667 0.000000
1692972583467175435 144.647645 0.000000
1692972583539409025 144.632209 0.000000
1692972583539694734 144.546735 0.000000
1692972583756764596 144.692379 0.000000
1692972583757505346 144.477299 0.000000
1692972583829515006 144.447034 0.000000
1692972583901582651 144.729731 0.000000
1692972583973703044 144.555896 0.000000
1692972583973923135 144.522764 0.000000
1692972583974343877 144.460402 0.000000
1692972584119057199 144.725726 0.000000
1692972584190872307 144.594314 0.000000
1692972584481427771 144.531164 0.000000
1692972584553042228 144.433556 0.000000
1692972584625453226 144.726742 0.000000
1692972584698080705 144.506366 0.000000
1692972584698512823 144.473629 0.000000
1692972584842417056 144.630353 0.000000
1692972584987906225 144.437617 0.000000
1692972585059613923 144.552162 0.000000
1692972585421945874 144.812891 0.000000
1692972585422140636 144.767020 0.000000
1692972585566661039 144.564787 0.000000
1692972585639303829 144.482278 0.000000
1692972585639420179 144.574457 0.000000
1692972585711531750 144.568564 0.000000
1692972585784236027 144.503995 0.000000
1692972585856113446 144.625207 0.000000
1692972586001764258 144.621176 0.000000
1692972586146508525 144.726752 0.000000
1692972586218566652 144.609594 0.000000
1692972586291414593 144.689665 0.000000
1692972586363821134 144.657270 0.000000
1692972586434847650 144.513370 0.000000
1692972586435303939 144.417282 0.000000
1692972586436125567 144.442580 0.000000
1692972586507581360 144.460332 0.000000
1692972586507953244 144.585061 0.000000
1692972586508293304 144.620629 0.000000
1692972586580771922 144.626769 0.000000
1692972586651792640 144.499970 0.000000
1692972586796339273 144.522337 0.000000
1692972586869275531 144.590340 0.000000
1692972586942614345 144.601010 0.000000
1692972587013387142 144.593643 0.000000
1692972587014892769 144.380212 0.000000
1692972587086229169 144.542157 0.000000
1692972587230300156 144.504314 0.000000
1692972587231188199 144.570267 0.000000
1692972587376724354 144.754469 0.000000
1692972587449059058 144.509206 0.000000
1692972587666086558 144.530225 0.000000
1692972587739081285 144.457641 0.000000
1692972587810911943 144.588374 0.000000
1692972587883411525 144.668355 0.000000
1692972587883512043 144.415332 0.000000
1692972587883752877 144.448911 0.000000
1692972587955451424 144.532976 0.000000
1692972588099694190 144.492105 0.000000
1692972588099747804 144.496761 0.000000
1692972588172227334 144.646168 0.000000
1692972588316795476 144.528636 0.000000
1692972588317598927 144.407334 0.000000
1692972588389377233 144.562177 0.000000
1692972588389453480 144.537596 0.000000
1692972588606874864 144.699552 0.000000
1692972588678478550 144.496672 0.000000
1692972588678652124 144.413839 0.000000
1692972588823540504 144.408466 0.000000
1692972588896956292 144.457289 0.000000
1692972588897013646 144.485229 0.000000
1692972589257666005 144.841682 0.000000
1692972589330137897 144.946910 0.000000
1692972589402586244 144.896548 0.000000
1692972589475416739 144.408591 0.000000
1692972589547266400 144.439261 0.000000
1692972589691744793 144.491363 0.000000
1692972590054726646 144.936651 0.000000
1692972590127022584 144.471612 0.000000
1692972590271407574 144.603291 0.000000
1692972590271421487 144.580203 0.000000
1692972590271794738 144.508633 0.000000
1692972590343112234 144.537735 0.000000
1692972590415964228 144.535555 0.000000
1692972590488453755 144.785623 0.000000
1692972590488615526 144.726243 0.000000
1692972590560620543 144.355862 0.000000
1692972590704886541 144.574615 0.000000
1692972590705197529 144.449801 0.000000
1692972590777204971 144.482471 0.000000
1692972590778150627 144.505525 0.000000
1692972591140417574 144.495070 0.000000
1692972591283854942 144.605616 0.000000
1692972591356622785 144.492043 0.000000
1692972591428600379 144.577693 0.000000
1692972591501131573 144.637928 0.000000
1692972591501210100 144.766301 0.000000
1692972591501361828 144.660946 0.000000
1692972591573910011 144.528187 0.000000
1692972591574431321 144.486556 0.000000
1692972591790501384 144.607456 0.000000
1692972591791344181 144.578944 0.000000
1692972591936058160 144.521693 0.000000
1692972591936193023 144.686525 0.000000
1692972591936229588 144.613660 0.000000
1692972592007896836 144.805181 0.000000
1692972592080224316 144.577982 0.000000
1692972592080531058 144.375046 0.000000
1692972592080728923 144.566887 0.000000
1692972592152876400 144.499675 0.000000
1692972592225645736 144.667043 0.000000
1692972592515842582 144.659380 0.000000
1692972592586908387 144.542960 0.000000
1692972592731574675 144.642477 0.000000
1692972592732979542 144.625403 0.000000
1692972592804086719 144.521546 0.000000
1692972592804538744 144.812627 0.000000
1692972592877059888 144.484966 0.000000
1692972593021343971 144.481621 0.000000
1692972593095227190 144.582576 0.000000
1692972593166372242 144.523585 0.000000
1692972593238133442 144.495253 0.000000
1692972593310696968 144.609805 0.000000
1692972593382641302 144.484344 0.000000
1692972593383457245 144.629567 0.000000
1692972593384630839 144.484007 0.000000
1692972593455893902 144.637339 0.000000
1692972593456202582 144.373864 0.000000
1692972593528194520 144.448885 0.000000
1692972593529576172 144.424782 0.000000
1692972593601560412 144.381672 0.000000
1692972593745891947 144.929361 0.000000
1692972593746435089 144.454843 0.000000
1692972593818095094 144.833803 0.000000
1692972593890569952 144.668401 0.000000
1692972594106443662 144.521058 0.000000
1692972594252517777 144.477903 0.000000
1692972594252679659 144.572834 0.000000
1692972594324573900 144.516303 0.000000
1692972594395379907 144.521896 0.000000
1692972594397183103 144.658801 0.000000
1692972594614540485 144.509793 0.000000
1692972594757305344 144.507476 0.000000
1692972594759010050 144.452384 0.000000
1692972594759199983 144.454991 0.000000
1692972595119242713 144.566686 0.000000
1692972595120947228 144.658350 0.000000
1692972595338298924 144.581290 0.000000
1692972595483241402 144.755456 0.000000
1692972595483454293 144.786729 0.000000
1692972595555420519 144.610583 0.000000
1692972595772997585 144.626996 0.000000
1692972595845358466 144.970331 0.000000
1692972595845387769 144.911719 0.000000
1692972595990073984 144.697331 0.000000
1692972596062398247 144.464200 0.000000
1692972596062526492 144.384665 0.000000
1692972596278254136 144.577916 0.000000
1692972596278259504 144.657822 0.000000
1692972596422858249 144.582467 0.000000
1692972596424822845 144.816648 0.000000
1692972596784605732 144.533107 0.000000
1692972596785064916 144.434179 0.000000
1692972596786740040 144.603135 0.000000
1692972596859307760 144.586786 0.000000
1692972596929851942 144.390576 0.000000
1692972596931912222 144.556927 0.000000
1692972597002005502 144.541666 0.000000
1692972597076322700 144.594081 0.000000
1692972597148642289 144.408696 0.000000
1692972597218803149 144.500455 0.000000
1692972597220782415 144.472119 0.000000
1692972597437185672 144.479801 0.000000
1692972597509773111 144.482849 0.000000
1692972597582373625 144.410626 0.000000
1692972597654091657 144.492441 0.000000
1692972597727131441 144.445256 0.000000
1692972597799754888 144.419385 0.000000
1692972597871450161 144.518351 0.000000
1692972598016038927 144.566449 0.000000
1692972598016146478 144.420077 0.000000
1692972598087204503 144.583567 0.000000
1692972598160034064 144.494277 0.000000
1692972598160118280 144.618826 0.000000
1692972598160946802 144.670106 0.000000
1692972598161228038 144.501698 0.000000
1692972598233329170 144.679867 0.000000
1692972598233825588 144.417160 0.000000
1692972598378034643 144.517991 0.000000
1692972598521434079 144.459369 0.000000
1692972598522608328 144.377377 0.000000
1692972598522704627 144.447015 0.000000
1692972598593925857 144.488597 0.000000
1692972598740398796 144.531624 0.000000
1692972598884652395 144.549284 0.000000
1692972598956203911 144.873660 0.000000
1692972599029440254 144.568446 0.000000
1692972599173486930 144.606517 0.000000
1692972599247035189 144.790751 0.000000
1692972599318690939 144.854474 0.000000
1692972599318700155 144.990807 0.000000
1692972599319703034 144.755925 0.000000
1692972599391873887 144.785995 0.000000
1692972599464866971 144.696597 0.000000
1692972599535970543 144.769917 0.000000
1692972599536541244 144.516410 0.000000
1692972599537212615 144.428355 0.000000
1692972599609906191 144.734770 0.000000
1692972599753645199 144.803405 0.000000
1692972599826304409 145.057217 0.000000
1692972599971197125 144.878055 0.000000
1692972600043684833 144.597945 0.000000
1692972600116570524 144.629463 0.000000
1692972600117249452 144.789641 0.000000
1692972600189584951 144.776974 0.000000
1692972600333619883 144.769354 0.000000
1692972600697174415 144.592136 0.000000
1692972600697586200 144.718623 0.000000
1692972600697668121 144.594959 0.000000
1692972600986998512 144.584904 0.000000
1692972601060075015 145.025562 0.000000
1692972601132243440 144.614733 0.000000
1692972601348450399 144.703357 0.000000
1692972601350044359 144.797434 0.000000
1692972601494419595 144.633440 0.000000
1692972601565677783 144.705772 0.000000
1692972601565829572 144.619245 0.000000
1692972601566369776 144.562849 0.000000
1692972601567139471 144.624207 0.000000
1692972601785009777 144.794368 0.000000
1692972601929882899 144.858212 0.000000
1692972602002066835 144.547257 0.000000
1692972602074583501 144.693851 0.000000
1692972602074756780 144.820501 0.000000
1692972602074907010 144.662102 0.000000
1692972602145048627 144.615020 0.000000
1692972602362135086 144.662997 0.000000
1692972602363659807 144.455598 0.000000
1692972602580770487 144.549547 0.000000
1692972602798071416 144.394530 0.000000
1692972602798801434 144.466949 0.000000
1692972602869559207 144.902365 0.000000
1692972602942387303 144.803595 0.000000
1692972602943812537 144.813637 0.000000
1692972603087590672 144.417767 0.000000
1692972603159570828 144.780725 0.000000
1692972603233324565 144.462689 0.000000
1692972603376753684 144.660160 0.000000
1692972603377605871 144.391177 0.000000
1692972603449566176 144.574013 0.000000
1692972603521715542 144.689884 0.000000
1692972603523005215 144.634425 0.000000
1692972603595787216 145.127705 0.000000
1692972603595812917 144.825300 0.000000
1692972603739449638 144.731896 0.000000
1692972603884122683 144.709785 0.000000
1692972603957793215 144.718867 0.000000
1692972604029379137 144.633296 0.000000
1692972604030495260 144.774952 0.000000
1692972604102966359 144.793904 0.000000
1692972604175199521 144.611812 0.000000
1692972604248025182 144.846548 0.000000
1692972604320616766 144.955849 0.000000
1692972604393183458 145.135583 0.000000
1692972604682727021 144.684505 0.000000
1692972604683376866 144.616055 0.000000
1692972604754042890 144.837096 0.000000
1692972604828233839 144.650492 0.000000
1692972604972207337 144.646311 0.000000
1692972605045042388 144.498606 0.000000
1692972605116761244 144.570335 0.000000
1692972605190254092 145.020529 0.000000
1692972605190485928 144.717792 0.000000
1692972605262963819 145.037263 0.000000
1692972605408282223 144.796000 0.000000
1692972605625579499 144.813872 0.000000
1692972605696964823 144.592240 0.000000
1692972605697549421 144.787135 0.000000
1692972605697758048 144.684209 0.000000
1692972605842425082 144.531333 0.000000
1692972605842953149 144.563187 0.000000
1692972605915089018 144.737760 0.000000
1692972605915483047 144.665286 0.000000
1692972606277771529 144.462878 0.000000
1692972606278133292 144.612653 0.000000
1692972606348525838 144.739318 0.000000
1692972606350258779 144.637326 0.000000
1692972606421470961 144.670833 0.000000
1692972606422883350 144.686584 0.000000
1692972606423137242 144.806504 0.000000
1692972606567840516 144.688474 0.000000
1692972606638489861 144.815897 0.000000
1692972606639040329 144.709694 0.000000
1692972606712354022 144.470566 0.000000
1692972606783586657 144.559635 0.000000
1692972606855931766 144.823209 0.000000
1692972606856255366 144.517110 0.000000
1692972606857044546 144.676662 0.000000
1692972606930131084 144.884922 0.000000
1692972606930306653 144.956338 0.000000
1692972607073937623 144.502953 0.000000
1692972607074284477 144.627328 0.000000
1692972607074311650 144.613581 0.000000
1692972607147365585 144.559939 0.000000
1692972607218892608 144.572579 0.000000
1692972607219267693 144.580577 0.000000
1692972607292479681 144.992268 0.000000
1692972607364222202 145.013026 0.000000
1692972607436614895 144.938892 0.000000
1692972607437328975 144.940952 0.000000
1692972607582496060 144.581981 0.000000
1692972607655061009 144.554847 0.000000
1692972607725539674 144.794581 0.000000
1692972607871115111 144.717617 0.000000
1692972607944684747 144.604302 0.000000
1692972608015470332 144.586876 0.000000
1692972608087717227 144.638008 0.000000
1692972608305547457 144.537537 0.000000
1692972608306299310 144.670291 0.000000
1692972608379242879 144.693831 0.000000
1692972608595982520 144.506589 0.000000
1692972608667605676 144.925400 0.000000
1692972608667714039 144.832514 0.000000
1692972609030212890 144.521453 0.000000
1692972609030533853 144.543445 0.000000
1692972609031664274 145.120668 0.000000
1692972609031668720 145.254437 0.000000
1692972609101946581 144.579596 0.000000
1692972609248472879 144.489736 0.000000
1692972609248755909 144.616967 0.000000
1692972609320420459 144.644296 0.000000
1692972609391458813 144.617623 0.000000
1692972609536664016 144.519449 0.000000
1692972609537995936 144.590631 0.000000
1692972609753400522 144.523857 0.000000
1692972609827236179 144.555643 0.000000
1692972610117459445 144.605215 0.000000
1692972610188398304 144.545440 0.000000
1692972610260943580 144.543670 0.000000
1692972610334520911 144.782281 0.000000
1692972610334547458 144.769491 0.000000
1692972610480073940 145.643244 0.000000
1692972610480354860 145.798431 0.000000
1692972610551689066 144.603064 0.000000
1692972610552920828 144.967905 0.000000
1692972610768072186 145.019530 0.000000
1692972610915150462 144.671690 0.000000
1692972610985232839 144.759168 0.000000
1692972610986355788 144.508549 0.000000
1692972611130578350 144.669445 0.000000
1692972611131319032 144.693666 0.000000
1692972611132463846 144.864971 0.000000
1692972611347410522 144.726352 0.000000
1692972611419937910 144.640580 0.000000
1692972611421553562 144.517413 0.000000
1692972611492344905 144.876232 0.000000
1692972611494209693 144.708705 0.000000
1692972611564471978 144.511681 0.000000
1692972611566259540 144.687389 0.000000
1692972611637213688 144.647256 0.000000
1692972611782860294 144.592088 0.000000
1692972611854152431 144.649597 0.000000
1692972611999130384 144.609684 0.000000
1692972612143787909 144.650383 0.000000
1692972612288841512 144.643678 0.000000
1692972612290700512 144.698285 0.000000
1692972612362997052 144.660330 0.000000
1692972612507843312 144.438003 0.000000
1692972612579397146 144.567370 0.000000
1692972612651415072 144.897030 0.000000
1692972612868447414 144.773845 0.000000
1692972612940891257 144.651977 0.000000
1692972612940955813 144.674229 0.000000
1692972613014310449 144.686336 0.000000
1692972613085613621 144.648545 0.000000
1692972613086693763 144.526338 0.000000
1692972613087317810 144.511025 0.000000
1692972613375209496 144.583998 0.000000
1692972613521722752 144.579041 0.000000
1692972613738892628 144.797807 0.000000
1692972613811341145 144.594278 0.000000
1692972613811682826 144.489800 0.000000
1692972613882285469 144.794790 0.000000
1692972613954519917 144.615387 0.000000
1692972613956164502 144.602487 0.000000
1692972614099282047 144.737026 0.000000
1692972614172223630 144.652051 0.000000
1692972614316720129 144.590323 0.000000
1692972614389171951 144.596092 0.000000
1692972614390039093 144.572015 0.000000
1692972614463021662 144.814044 0.000000
1692972614533904256 144.716283 0.000000
1692972614534171023 144.635288 0.000000
1692972614535491682 144.595666 0.000000
1692972614825294804 144.750236 0.000000
1692972614825510512 144.966479 0.000000
1692972614896543716 144.662697 0.000000
1692972614896743597 144.463523 0.000000
1692972615115210430 144.611273 0.000000
1692972615115390585 144.732796 0.000000
1692972615187320395 144.633683 0.000000
1692972615332632152 144.977562 0.000000
1692972615404196147 144.565004 0.000000
1692972615477357455 144.584203 0.000000
1692972615622007853 144.636385 0.000000
1692972615768059403 145.234650 0.000000
1692972615911771869 144.666336 0.000000
1692972615912766759 144.697553 0.000000
1692972616056747383 144.533790 0.000000
1692972616130060799 144.665559 0.000000
1692972616201554858 144.770924 0.000000
1692972616201843255 144.547212 0.000000
1692972616345968312 144.742540 0.000000
1692972616491445668 144.812872 0.000000
1692972616999087181 144.723559 0.000000
1692972617000069557 144.566668 0.000000
1692972617072775419 144.815752 0.000000
1692972617072978643 145.035404 0.000000
1692972617216819648 144.876089 0.000000
1692972617289906573 144.529721 0.000000
1692972617433942428 144.650693 0.000000
1692972617578864554 144.551111 0.000000
1692972617651409510 144.573664 0.000000
1692972617652937121 144.708877 0.000000
1692972617652965792 144.970410 0.000000
1692972617723617877 144.728645 0.000000
1692972617724489163 144.688281 0.000000
1692972617796245776 144.718271 0.000000
1692972617797703154 144.790850 0.000000
1692972617868372923 144.732935 0.000000
1692972617868727390 144.596723 0.000000
1692972617868905400 144.453173 0.000000
1692972617870260970 144.837369 0.000000
1692972618015025078 144.718993 0.000000
1692972618159945891 144.564336 0.000000
1692972618232269904 144.547302 0.000000
1692972618304609635 144.728756 0.000000
1692972618448195029 144.703852 0.000000
1692972618593127399 144.802663 0.000000
1692972618667746378 144.611347 0.000000
1692972618738894866 144.607649 0.000000
1692972618740127841 144.735075 0.000000
1692972618882904750 144.685854 0.000000
1692972618885009723 144.608164 0.000000
1692972618956666235 144.698765 0.000000
1692972619101434574 144.634592 0.000000
1692972619102059215 144.649968 0.000000
1692972619172489507 144.715855 0.000000
1692972619245521793 144.814475 0.000000
1692972619390402478 144.527818 0.000000
1692972619535923009 144.675104 0.000000
1692972619609684802 144.554143 0.000000
1692972619679955396 144.635457 0.000000
1692972619753199181 144.579412 0.000000
1692972619753855812 144.491532 0.000000
1692972619826481626 144.513242 0.000000
1692972619970683964 144.745741 0.000000
1692972619972094097 144.842892 0.000000
1692972620042169187 144.636533 0.000000
1692972620188988271 144.429048 0.000000
1692972620259419356 144.708292 0.000000
1692972620259487019 144.851471 0.000000
1692972620331974103 144.796037 0.000000
1692972620404473931 144.681395 0.000000
1692972620476730076 144.747103 0.000000
1692972620622056329 144.721728 0.000000
1692972620694645771 144.835439 0.000000
1692972620694911847 144.590192 0.000000
1692972620766695215 144.563339 0.000000
1692972620840351960 144.358086 0.000000
1692972620983775847 144.751738 0.000000
1692972621273847911 144.700308 0.000000
1692972621274009447 144.874900 0.000000
1692972621418454015 144.647381 0.000000
1692972621419888369 144.602275 0.000000
1692972621564281251 144.727291 0.000000
1692972621635583079 144.701076 0.000000
1692972621636984546 144.624017 0.000000
1692972621782143950 145.034863 0.000000
1692972621852647101 144.612875 0.000000
1692972621999083261 144.663412 0.000000
1692972621999659434 144.518314 0.000000
1692972622143780228 144.821802 0.000000
1692972622144431977 144.586945 0.000000
1692972622216902406 144.753222 0.000000
1692972622288405737 144.601132 0.000000
1692972622433653637 144.662175 0.000000
1692972622433732751 144.699992 0.000000
1692972622434245070 144.582183 0.000000
1692972622434411579 144.534001 0.000000
1692972622505549046 144.599794 0.000000
1692972622506805661 144.721839 0.000000
1692972622722733211 144.528413 0.000000
1692972622723170169 144.437707 0.000000
1692972622867467584 144.698895 0.000000
1692972622939622418 144.734899 0.000000
1692972622941094344 144.670399 0.000000
1692972623012324552 144.748330 0.000000
1692972623302096475 144.855009 0.000000
1692972623304124307 145.029115 0.000000
1692972623375345467 144.714045 0.000000
1692972623447778432 144.647711 0.000000
1692972623519916264 144.677796 0.000000
1692972623593747508 144.812059 0.000000
1692972623664323359 144.715328 0.000000
1692972623881855567 144.590082 0.000000
1692972623954919021 144.391809 0.000000
1692972624100116366 144.508931 0.000000
1692972624100223857 144.508088 0.000000
1692972624171526444 144.777098 0.000000
1692972624172602057 144.612820 0.000000
1692972624317305072 144.916713 0.000000
1692972624389643238 144.660346 0.000000
1692972624462765276 144.606369 0.000000
1692972624535152863 144.756034 0.000000
1692972624535242718 144.739204 0.000000
1692972624606534880 145.071615 0.000000
1692972624607355323 144.573388 0.000000
1692972624680095006 144.838015 0.000000
1692972624968868646 144.842531 0.000000
1692972625187077969 144.627899 0.000000
1692972625187446408 144.831564 0.000000
1692972625331222738 144.676143 0.000000
1692972625332839236 145.074476 0.000000
1692972625403423736 144.692289 0.000000
1692972625476121904 144.574475 0.000000
1692972625549609698 144.660732 0.000000
1692972625693187320 144.754495 0.000000
1692972625693559132 144.570857 0.000000
1692972625839903994 144.864606 0.000000
1692972625839982792 144.927111 0.000000
1692972626128794513 144.766228 0.000000
1692972626273136596 144.753056 0.000000
1692972626345314504 144.660857 0.000000
1692972626419516069 145.077218 0.000000
1692972626490451536 144.648137 0.000000
1692972626491557303 144.675546 0.000000
1692972626997511344 144.779287 0.000000
1692972626999628565 144.682587 0.000000
1692972627143259310 144.550810 0.000000
1692972627144337995 144.671045 0.000000
1692972627360495483 144.963331 0.000000
1692972627433250439 144.707676 0.000000
1692972627650484312 144.874295 0.000000
1692972627868437356 144.744782 0.000000
1692972627941681958 144.942342 0.000000
1692972628086133093 144.648931 0.000000
1692972628522180597 144.690060 0.000000
1692972628665196153 144.506091 0.000000
1692972628665982942 144.577958 0.000000
1692972628810210078 144.775023 0.000000
1692972628810719796 144.721337 0.000000
1692972628811279731 144.681395 0.000000
1692972628811860034 144.579267 0.000000
1692972628883259437 144.598657 0.000000
1692972628955217127 144.633684 0.000000
1692972628955429236 144.683960 0.000000
1692972629027970405 144.591073 0.000000
1692972629173664775 144.707315 0.000000
1692972629245796253 144.442132 0.000000
1692972629246063245 144.491176 0.000000
1692972629462821720 144.651580 0.000000
1692972629608792585 144.797420 0.000000
1692972629897464013 144.577352 0.000000
1692972629897522750 144.502803 0.000000
1692972629898516216 144.681145 0.000000
1692972629970131264 144.666063 0.000000
1692972629971081389 144.536150 0.000000
1692972630042135289 144.605973 0.000000
1692972630114074830 144.508558 0.000000
1692972630114790624 144.725930 0.000000
1692972630187571116 144.605377 0.000000
1692972630259082045 144.584203 0.000000
1692972630332184984 144.597836 0.000000
1692972630621659289 144.650547 0.000000
1692972630623395506 144.565094 0.000000
1692972630694885320 145.050811 0.000000
1692972630839696727 145.307524 0.000000
1692972631132706690 147.615531 0.000000
1692972631132915692 146.665421 0.000000
1692972631133135926 146.778399 0.000000
1692972631205426462 144.891144 0.000000
1692972631205463370 145.037730 0.000000
1692972631278354102 145.095175 0.000000
1692972631422541590 144.619014 0.000000
1692972631422886604 144.514951 0.000000
1692972631423257724 144.576165 0.000000
1692972631567894130 144.974123 0.000000
1692972631639699918 144.647886 0.000000
1692972631713417246 144.681400 0.000000
1692972631784685301 144.430681 0.000000
1692972631785411633 144.518682 0.000000
1692972631930590449 144.776060 0.000000
1692972631930666952 144.804800 0.000000
1692972632075399529 144.792967 0.000000
1692972632147751378 144.715530 0.000000
1692972632436178747 144.662015 0.000000
1692972632437453574 144.387856 0.000000
1692972632438256225 144.637212 0.000000
1692972632508532781 144.565153 0.000000
1692972632510741990 144.484606 0.000000
1692972632728233021 144.667513 0.000000
1692972632872915072 144.499777 0.000000
1692972632872971348 144.537099 0.000000
1692972632943087717 144.672810 0.000000
1692972633234681083 144.704975 0.000000
1692972633235279132 144.779086 0.000000
1692972633595223663 144.765251 0.000000
1692972633595268112 144.873618 0.000000
1692972633596947105 144.794147 0.000000
1692972633741791775 144.680483 0.000000
1692972633886490537 144.682298 0.000000
1692972634030157184 144.763118 0.000000
1692972634103473391 144.650439 0.000000
1692972634175190756 144.522480 0.000000
1692972634248748029 144.684864 0.000000
1692972634465276396 144.453374 0.000000
1692972634609777091 144.693600 0.000000
1692972634754865219 144.549222 0.000000
1692972634755959229 144.616032 0.000000
1692972634756654921 144.785147 0.000000
1692972634827723864 144.444103 0.000000
1692972634971929015 144.517303 0.000000
1692972634972142232 144.583928 0.000000
1692972634972172963 144.462464 0.000000
1692972634972472581 144.508232 0.000000
1692972635044325366 144.627519 0.000000
1692972635046026280 144.497240 0.000000
1692972635116841195 144.676601 0.000000
1692972635334399876 144.611732 0.000000
1692972635334838238 144.711811 0.000000
1692972635407087229 144.523547 0.000000
1692972635624066922 144.806102 0.000000
1692972635625051156 144.671759 0.000000
1692972635768879698 144.805148 0.000000
1692972635769194552 144.869323 0.000000
1692972635913824858 144.941657 0.000000
1692972635914150031 144.834697 0.000000
1692972636058474068 144.685063 0.000000
1692972636059265167 145.072426 0.000000
1692972636059538489 144.817422 0.000000
1692972636131605313 144.607705 0.000000
1692972636349231339 144.573799 0.000000
1692972636422487571 144.473934 0.000000
1692972636565503771 144.779820 0.000000
1692972636566244808 144.689981 0.000000
1692972636710767779 144.492330 0.000000
1692972636782927355 144.707913 0.000000
1692972636784452926 144.507521 0.000000
1692972637145863443 144.725980 0.000000
1692972637218736479 144.528750 0.000000
1692972637580426551 144.470109 0.000000
1692972637725128916 144.691821 0.000000
1692972637797527296 144.694055 0.000000
1692972637797968935 144.591872 0.000000
1692972637798902727 144.568338 0.000000
1692972637871248148 144.504343 0.000000
1692972638088215400 144.972718 0.000000
1692972638088402606 145.130537 0.000000
1692972638088655501 145.305715 0.000000
1692972638233796708 144.668882 0.000000
1692972638234045563 144.800639 0.000000
1692972638304764883 144.813781 0.000000
1692972638305596311 144.575399 0.000000
1692972638450420479 144.562800 0.000000
1692972638668014201 144.522692 0.000000
1692972638740721123 144.880972 0.000000
1692972638740745194 144.955054 0.000000
1692972638813375432 144.609209 0.000000
1692972638886084148 144.859035 0.000000
1692972639029929049 144.534969 0.000000
1692972639248917404 144.500440 0.000000
1692972639321202981 144.438846 0.000000
1692972639392612477 144.601942 0.000000
1692972639610529360 144.603354 0.000000
1692972639681469416 144.582591 0.000000
1692972639681969973 144.489013 0.000000
1692972639682649787 144.403760 0.000000
1692972639755156185 144.536810 0.000000
1692972639900823890 144.790575 0.000000
1692972640044078510 144.779323 0.000000
1692972640118086895 144.683499 0.000000
1692972640261946862 144.815428 0.000000
1692972640333580814 144.638988 0.000000
1692972640334577241 144.567005 0.000000
1692972640335064241 144.630929 0.000000
1692972640478438857 144.626453 0.000000
1692972640478526135 144.920198 0.000000
1692972640623265352 144.731389 0.000000
1692972640695771752 144.706511 0.000000
1692972640697435785 144.573937 0.000000
1692972640913836061 144.663686 0.000000
1692972640987331386 144.613709 0.000000
1692972641130525663 144.739297 0.000000
1692972641566893083 145.543746 0.000000
1692972641711624097 144.715076 0.000000
1692972641855060432 144.754026 0.000000
1692972641855151780 144.795653 0.000000
1692972641928142687 144.762487 0.000000
1692972642000886267 144.481757 0.000000
1692972642147158170 144.574538 0.000000
1692972642289882937 144.702607 0.000000
1692972642364093689 144.482575 0.000000
1692972642436732679 144.518478 0.000000
1692972642581255065 144.667766 0.000000
1692972642652817029 144.526420 0.000000
1692972642653736517 144.483927 0.000000
1692972642724687452 144.626614 0.000000
1692972642870480511 144.877009 0.000000
1692972642870636254 144.908452 0.000000
1692972642870690645 145.106364 0.000000
1692972642943462047 144.999479 0.000000
1692972643160145510 144.386907 0.000000
1692972643450521336 144.603130 0.000000
1692972643522234356 144.656331 0.000000
1692972643666923626 144.673945 0.000000
1692972643740506974 144.596918 0.000000
1692972644030711761 144.457215 0.000000
1692972644246883799 145.048178 0.000000
1692972644319120439 144.601683 0.000000
1692972644392152580 144.769122 0.000000
1692972644464316958 145.051882 0.000000
1692972644536526026 144.545742 0.000000
1692972644609352216 144.585495 0.000000
1692972644610043878 144.736943 0.000000
1692972644972510251 144.736972 0.000000
1692972645116776694 144.852384 0.000000
1692972645190198892 144.812224 0.000000
1692972645262335142 144.578448 0.000000
1692972645262852242 144.882282 0.000000
1692972645334931675 144.503880 0.000000
1692972645406893754 144.974125 0.000000
1692972645406934489 144.859528 0.000000
1692972645408031426 144.658039 0.000000
1692972645553019193 145.526449 0.000000
1692972645915540489 144.573214 0.000000
1692972646131995979 144.563395 0.000000
1692972646132392092 144.906575 0.000000
1692972646132562500 144.518565 0.000000
1692972646203590445 144.476025 0.000000
1692972646204368553 144.769128 0.000000
1692972646277267018 144.481052 0.000000
1692972646277294712 144.498303 0.000000
1692972646493382739 144.624397 0.000000
1692972646565586971 144.587896 0.000000
1692972646637973988 144.575633 0.000000
1692972646638026355 144.522349 0.000000
1692972646639431359 144.962935 0.000000
1692972646710604257 144.732793 0.000000
1692972646783183086 144.910959 0.000000
1692972646783730627 144.559289 0.000000
1692972646928307503 145.101840 0.000000
1692972646929481895 144.549171 0.000000
1692972647435338888 144.772567 0.000000
1692972647508077076 144.431562 0.000000
1692972647580971178 144.470597 0.000000
1692972647581517747 144.522403 0.000000
1692972647652797748 144.702750 0.000000
1692972647725701733 144.713770 0.000000
1692972648016942477 145.354001 0.000000
1692972648232553935 144.579632 0.000000
1692972648232610842 144.664996 0.000000
1692972648304735925 144.680263 0.000000
1692972648306454265 144.499246 0.000000
1692972648449936459 144.555290 0.000000
1692972648450457870 144.680031 0.000000
1692972648522187261 144.609112 0.000000
1692972648523060826 144.671757 0.000000
1692972648667031249 144.599132 0.000000
1692972648812516357 144.469201 0.000000
1692972648957417248 144.695016 0.000000
1692972648958464905 144.688161 0.000000
1692972649030345741 145.107260 0.000000
1692972649175896427 144.876070 0.000000
1692972649246533049 144.520766 0.000000
1692972649246667096 144.578055 0.000000
1692972649392191070 144.562990 0.000000
1692972649463571786 144.614350 0.000000
1692972649465132097 144.613062 0.000000
1692972649465850476 144.426787 0.000000
1692972649466139595 144.591812 0.000000
1692972649536669728 144.460736 0.000000
1692972649537185014 144.576657 0.000000
1692972649537889115 144.816159 0.000000
1692972649754812979 144.533355 0.000000
1692972649755768325 144.663218 0.000000
1692972650045263107 144.760244 0.000000
1692972650190158802 144.636075 0.000000
1692972650190206358 144.883427 0.000000
1692972650262616370 144.889726 0.000000
1692972650405631493 144.762976 0.000000
1692972650407519197 144.815278 0.000000
1692972650478647913 144.701653 0.000000
1692972650480183777 144.549183 0.000000
1692972650697459665 144.528304 0.000000
1692972650769503999 144.551263 0.000000
1692972650840628210 144.551964 0.000000
1692972650841927326 144.518420 0.000000
1692972650914276548 144.397209 0.000000
1692972650985330910 144.537997 0.000000
1692972651057535051 144.625135 0.000000
1692972651131404502 144.597376 0.000000
1692972651131443482 144.660654 0.000000
1692972651275364542 144.761714 0.000000
1692972651275660317 144.527438 0.000000
1692972651276257263 144.669685 0.000000
1692972651276286912 144.599686 0.000000
1692972651420516736 144.841905 0.000000
1692972651420560262 144.609959 0.000000
1692972651493574299 144.577634 0.000000
1692972651782727674 144.953782 0.000000
1692972651927988047 144.749376 0.000000
1692972651999372173 144.654348 0.000000
1692972652217644321 144.798684 0.000000
1692972652289081445 144.541952 0.000000
1692972652289672683 144.708746 0.000000
1692972652651253762 144.727635 0.000000
1692972652651943810 144.982644 0.000000
1692972652724186873 144.667861 0.000000
1692972652797167009 144.686899 0.000000
1692972652941530856 144.974761 0.000000
1692972653013296101 144.636753 0.000000
1692972653014362336 144.545941 0.000000
1692972653086806395 144.516209 0.000000
1692972653230605411 144.877109 0.000000
1692972653231816032 144.586686 0.000000
1692972653302847611 144.619954 0.000000
1692972653520113560 144.469077 0.000000
1692972653665317254 144.491073 0.000000
1692972653666256623 144.475988 0.000000
1692972653737201294 144.649310 0.000000
1692972653737610422 144.489811 0.000000
1692972653737941153 144.524469 0.000000
1692972653809796455 144.926524 0.000000
1692972653882304328 144.670532 0.000000
1692972653882845695 144.539356 0.000000
1692972653954484433 144.662318 0.000000
1692972654027288104 144.430282 0.000000
1692972654099506602 144.721864 0.000000
1692972654099757754 144.433631 0.000000
1692972654316608988 144.655171 0.000000
1692972654316794049 144.705995 0.000000
1692972654606641254 144.693506 0.000000
1692972654751223305 144.685226 0.000000
1692972654824013680 144.708682 0.000000
1692972655186427246 144.685197 0.000000
1692972655187176577 144.519807 0.000000
1692972655332205120 145.087149 0.000000
1692972655332229281 145.042650 0.000000
1692972655695040182 144.600425 0.000000
1692972655695864718 144.689453 0.000000
1692972655838292180 144.548294 0.000000
1692972655839853438 144.796642 0.000000
1692972655910633164 144.543497 0.000000
1692972656056830504 144.594510 0.000000
1692972656202681083 144.530553 0.000000
1692972656272640115 144.666093 0.000000
1692972656345154653 144.664541 0.000000
1692972656346137182 144.617851 0.000000
1692972656489933208 144.616705 0.000000
1692972656562214631 144.552754 0.000000
1692972656563536591 144.440593 0.000000
1692972656706856307 144.619540 0.000000
1692972656781249733 144.533233 0.000000
1692972656998669336 144.697006 0.000000
1692972657070865989 144.490657 0.000000
1692972657141192164 144.576835 0.000000
1692972657286277897 144.629745 0.000000
1692972657358447543 144.719137 0.000000
1692972657503143190 144.674392 0.000000
1692972657937974920 144.490189 0.000000
1692972658082837219 144.964597 0.000000
1692972658082993633 144.643664 0.000000
1692972658083380098 144.731544 0.000000
1692972658083514291 144.710049 0.000000
1692972658155955538 144.605819 0.000000
1692972658227864379 144.558949 0.000000
1692972658228746364 145.216541 0.000000
1692972658374730515 144.878264 0.000000
1692972658445907691 144.543394 0.000000
1692972658663222637 144.372701 0.000000
1692972658736641507 144.531260 0.000000
1692972658736730464 144.539434 0.000000
1692972658880278202 144.605387 0.000000
1692972658880834298 144.455142 0.000000
1692972659025762368 144.758194 0.000000
1692972659025991046 144.836000 0.000000
1692972659026018029 144.634000 0.000000
1692972659097354709 144.710706 0.000000
1692972659097988516 144.697690 0.000000
1692972659170127231 144.972303 0.000000
1692972659170307496 144.609629 0.000000
1692972659388288276 144.450200 0.000000
1692972659459685839 144.623425 0.000000
1692972659605608517 144.613357 0.000000
1692972659750157309 144.606907 0.000000
1692972659750481163 144.787027 0.000000
1692972659895042320 144.578612 0.000000
1692972659895987377 144.469072 0.000000
1692972660039279419 144.692821 0.000000
1692972660039540001 144.709530 0.000000
1692972660041010227 144.582499 0.000000
1692972660111795336 144.652776 0.000000
1692972660112794123 144.427201 0.000000
1692972660329347896 144.668331 0.000000
1692972660402640422 144.736876 0.000000
1692972660474025253 144.732430 0.000000
1692972660619044467 144.773968 0.000000
1692972660691155349 144.717280 0.000000
1692972660692228951 144.694657 0.000000
1692972660764376640 144.733152 0.000000
1692972660765527987 144.647012 0.000000
1692972661127647951 145.099518 0.000000
1692972661272083858 144.936816 0.000000
1692972661415778546 144.715154 0.000000
1692972661633774470 144.727282 0.000000
1692972661779985974 144.968174 0.000000
1692972661923344848 144.814560 0.000000
1692972661923550833 144.758535 0.000000
1692972661997151105 144.487898 0.000000
1692972662068725451 144.574011 0.000000
1692972662068752098 144.577946 0.000000
1692972662069222095 144.410960 0.000000
1692972662140856381 144.760750 0.000000
1692972662213171576 144.611390 0.000000
1692972662285110658 144.693456 0.000000
1692972662285200778 144.574078 0.000000
1692972662357905161 144.641545 0.000000
1692972662358204765 144.478239 0.000000
1692972662358877375 144.763651 0.000000
1692972662429891222 144.756278 0.000000
1692972662431293008 144.633245 0.000000
1692972662575404066 144.609436 0.000000
1692972662647005900 144.594669 0.000000
1692972662647473588 144.665404 0.000000
1692972662719648870 144.523139 0.000000
1692972662720895419 144.527770 0.000000
1692972662792615315 144.474527 0.000000
1692972663010018238 144.461403 0.000000
1692972663299104489 144.717977 0.000000
1692972663443853148 144.649143 0.000000
1692972663445253807 144.473488 0.000000
1692972663734774303 144.595767 0.000000
1692972663806662771 144.501185 0.000000
1692972663951080577 144.760524 0.000000
1692972664023629202 144.698296 0.000000
1692972664024034243 144.842392 0.000000
1692972664025294202 144.443586 0.000000
1692972664169357280 144.625389 0.000000
1692972664241379670 144.655019 0.000000
1692972664314481725 144.608962 0.000000
1692972664458965224 144.778342 0.000000
1692972664531084506 144.741618 0.000000
1692972664531115218 144.811359 0.000000
1692972664604179233 144.798149 0.000000
1692972664675678583 144.625536 0.000000
1692972664676249786 144.561882 0.000000
1692972664748188922 144.661520 0.000000
1692972664749730854 144.521828 0.000000
1692972664820352361 144.648995 0.000000
1692972664965789144 144.547424 0.000000
1692972664966502173 144.483534 0.000000
1692972664966657260 144.588138 0.000000
1692972665111758341 144.522136 0.000000
1692972665255320464 144.645055 0.000000
1692972665256322057 144.627965 0.000000
1692972665545116866 144.485689 0.000000
1692972665545454770 144.546415 0.000000
1692972665619016257 144.997502 0.000000
1692972665690963309 144.812495 0.000000
1692972665763082502 144.910470 0.000000
1692972665835201018 144.620819 0.000000
1692972665835423969 144.647295 0.000000
1692972665836316311 144.644985 0.000000
1692972665908160071 144.491642 0.000000
1692972665980607245 144.906275 0.000000
1692972666125414403 144.823647 0.000000
1692972666269885351 144.606525 0.000000
1692972666271509265 144.937346 0.000000
1692972666344098231 144.786489 0.000000
1692972666488409747 144.616041 0.000000
1692972666560982590 144.503429 0.000000
1692972666632497515 144.673766 0.000000
1692972666633658444 144.562427 0.000000
1692972666633975444 144.664745 0.000000
1692972666705022222 144.597017 0.000000
1692972666995200171 144.874229 0.000000
1692972667358567249 144.644940 0.000000
1692972667430702126 144.792708 0.000000
1692972667574306004 145.045922 0.000000
1692972667575249896 144.890490 0.000000
1692972667791752395 144.696623 0.000000
1692972667865795221 144.571204 0.000000
1692972667938147346 144.556150 0.000000
1692972668010289437 144.714816 0.000000
1692972668081423903 144.761437 0.000000
1692972668081493576 144.880093 0.000000
1692972668082874759 144.687271 0.000000
1692972668154106587 144.767242 0.000000
1692972668227445893 144.635344 0.000000
1692972668300261471 144.574577 0.000000
1692972668300334580 144.570013 0.000000
1692972668444272929 144.576578 0.000000
1692972668588894392 144.634648 0.000000
1692972668734511747 144.574086 0.000000
1692972668878473559 144.685079 0.000000
1692972668878538516 144.668987 0.000000
1692972668879350530 145.094095 0.000000
1692972668879566464 145.038985 0.000000
1692972668880165522 144.700541 0.000000
1692972668952052514 144.767412 0.000000
1692972669603235136 144.762465 0.000000
1692972669603729034 144.689023 0.000000
1692972669604351301 144.675632 0.000000
1692972669676106302 144.632677 0.000000
1692972669676701420 144.770679 0.000000
1692972669748635986 144.947812 0.000000
1692972669893434655 144.811629 0.000000
1692972669894417298 144.832994 0.000000
1692972669967148857 145.107540 0.000000
1692972670039236759 144.698254 0.000000
1692972670039581604 144.890157 0.000000
1692972670182488914 144.596691 0.000000
1692972670256960901 144.576264 0.000000
1692972670328195711 144.440433 0.000000
1692972670546557340 144.797576 0.000000
1692972670547136356 144.939281 0.000000
1692972670619498636 144.727447 0.000000
1692972670689628107 144.618173 0.000000
1692972670691317985 144.785488 0.000000
1692972670764234693 144.728855 0.000000
1692972670909180640 144.689163 0.000000
1692972670979315909 144.459708 0.000000
1692972671126348078 144.471098 0.000000
1692972671126653807 144.603528 0.000000
1692972671343401782 144.622059 0.000000
1692972671631850947 144.503548 0.000000
1692972671705507725 144.576744 0.000000
1692972671778178346 144.535332 0.000000
1692972671921668300 145.020660 0.000000
1692972671923067369 144.435384 0.000000
1692972672211291321 144.891930 0.000000
1692972672720193495 144.964849 0.000000
1692972672791109740 144.654589 0.000000
1692972672792630298 144.810794 0.000000
1692972672864562624 144.403875 0.000000
1692972672935149726 144.635210 0.000000
1692972672936127923 144.675379 0.000000
1692972672936422982 144.460998 0.000000
1692972672937077358 144.430808 0.000000
1692972673225156886 144.508052 0.000000
1692972673369733174 144.672556 0.000000
1692972673371509198 144.436885 0.000000
1692972673515159356 144.634583 0.000000
1692972673587108894 144.746073 0.000000
1692972673587468288 144.685706 0.000000
1692972673731879504 144.748589 0.000000
1692972673949359339 144.914951 0.000000
1692972673949566968 144.519098 0.000000
1692972673950748871 144.635399 0.000000
1692972674021551779 144.542918 0.000000
1692972674094303279 144.721050 0.000000
1692972674167179397 144.853993 0.000000
1692972674239003590 144.896858 0.000000
1692972674312453039 144.852599 0.000000
1692972674384632977 144.561987 0.000000
1692972674385208018 144.877634 0.000000
1692972674529728298 144.503410 0.000000
1692972674746870627 144.611713 0.000000
1692972674820427817 144.603739 0.000000
1692972674892022054 144.804522 0.000000
1692972674892466205 144.461567 0.000000
1692972674963579595 144.864799 0.000000
1692972674964855892 144.405994 0.000000
1692972675036200890 144.738618 0.000000
1692972675036983300 144.605412 0.000000
1692972675037125527 144.449970 0.000000
1692972675182660809 144.591695 0.000000
1692972675325990245 144.614354 0.000000
1692972675398508524 144.592127 0.000000
1692972675399823983 144.672409 0.000000
1692972675689267886 144.422495 0.000000
1692972675760969440 144.983731 0.000000
1692972675832839667 144.646729 0.000000
1692972676050056329 144.600851 0.000000
1692972676051555126 145.217404 0.000000
1692972676125004759 144.744352 0.000000
1692972676194680615 144.604274 0.000000
1692972676196044577 144.545361 0.000000
1692972676197583637 144.861183 0.000000
1692972676197727598 144.953118 0.000000
1692972676414453693 144.581672 0.000000
1692972676559331535 144.510239 0.000000
1692972676559839876 144.675359 0.000000
1692972676632066071 144.518980 0.000000
1692972676702567106 144.620877 0.000000
1692972676774304485 144.770677 0.000000
1692972676846723558 144.629293 0.000000
1692972677064537962 144.728461 0.000000
1692972677136190370 144.612879 0.000000
1692972677282856072 144.454304 0.000000
1692972677426181076 144.419634 0.000000
1692972677427718096 144.671941 0.000000
1692972677428583615 144.721842 0.000000
1692972677643367641 144.721341 0.000000
1692972677790604060 144.451857 0.000000
1692972677860958716 144.677739 0.000000
1692972677933031309 144.669079 0.000000
1692972677934352106 144.411639 0.000000
1692972678006183572 144.668267 0.000000
1692972678150735767 144.530300 0.000000
1692972678222625898 144.647398 0.000000
1692972678440099689 144.650430 0.000000
1692972678441295078 144.856290 0.000000
1692972678441527680 144.727911 0.000000
1692972678875622976 144.678681 0.000000
1692972678948157650 144.575971 0.000000
1692972679165398321 144.644655 0.000000
