1692972530921306479 79.380605 207.137926 199 15 0.000000
1692972531935078766 82.348826 193.337292 196 16 0.000000
1692972532948729058 76.495752 209.145108 212 16 0.000000
1692972533962096472 81.584772 194.401346 197 16 0.000000
1692972534946710896 75.781579 218.359636 215 16 0.000000
1692972535961074142 76.172221 208.998110 212 16 0.000000
1692972536974158657 75.629290 201.365222 204 16 0.000000
1692972537944379405 77.367837 211.292123 205 16 0.000000
1692972538957646449 78.627209 205.276596 208 16 0.000000
1692972539971324425 75.391911 212.098888 215 16 0.000000
1692972540957286902 76.176556 214.004118 211 16 0.000000
1692972541971261922 79.135220 201.188385 204 16 0.000000
1692972542985731791 75.789989 212.919088 216 16 0.000000
1692972543953658991 76.093568 204.560808 198 16 0.000000
1692972544967056028 76.481774 211.170967 214 16 0.000000
1692972545980053501 75.757632 211.254201 214 16 0.000000
1692972546993540460 79.494196 201.285278 204 16 0.000000
1692972547982029111 78.541305 201.317459 199 16 0.000000
1692972548996325620 77.464004 210.983671 214 16 0.000000
1692972549960001214 76.737002 205.463330 198 16 0.000000
1692972550973383183 74.764477 211.174044 214 16 0.000000
1692972551986854549 78.985941 206.221914 209 16 0.000000
1692972553000052440 78.347761 204.303625 207 16 0.000000
1692972553992623170 76.589155 210.564366 209 16 0.000000
1692972555006594882 76.505092 210.065033 213 16 0.000000
1692972555969288065 76.104998 207.750476 200 16 0.000000
1692972556982688881 77.271070 207.223030 210 16 0.000000
1692972557996372162 75.838065 209.138346 212 16 0.000000
1692972559009572778 78.324204 205.290014 208 16 0.000000
1692972560023231968 77.245762 206.183728 209 16 0.000000
1692972561019744782 80.712227 200.699847 200 16 0.000000
1692972561978073825 76.045120 209.740069 201 16 0.000000
1692972562991369841 77.242004 206.257591 209 16 0.000000
1692972564004274779 77.948683 206.337269 209 16 0.000000
1692972565016750896 81.555948 194.572473 197 16 0.000000
1692972566030547610 76.184975 210.101307 213 16 0.000000
1692972567031436302 78.004828 206.816209 207 16 0.000000
1692972567984443035 77.137272 207.763454 198 16 0.000000
1692972568997488870 77.634554 205.321439 208 16 0.000000
1692972570010506915 77.627522 207.301314 210 16 0.000000
1692972571023107121 77.585973 205.411761 208 16 0.000000
1692972572036297015 78.354466 204.305271 207 16 0.000000
1692972573049034222 77.549658 206.371376 209 16 0.000000
1692972573990199845 77.571092 207.189884 195 16 0.000000
1692972575003515431 79.488850 201.319310 204 16 0.000000
1692972576016334986 75.734465 211.291344 214 16 0.000000
1692972577028675905 76.093291 210.403445 213 16 0.000000
1692972578041703989 76.119632 210.260689 213 16 0.000000
1692972579054841804 75.817067 209.250933 212 16 0.000000
1692972580065898725 76.846621 208.692503 211 16 0.000000
1692972581009144611 76.041770 209.913440 198 16 0.000000
1692972582021444560 77.182346 209.424072 212 16 0.000000
1692972583034348001 78.038344 202.388493 205 16 0.000000
1692972584047361413 78.270310 206.315150 209 16 0.000000
1692972585061040435 75.752144 212.098717 215 16 0.000000
1692972586074475401 75.794603 210.176289 213 16 0.000000
1692972587016048633 79.627582 200.727882 189 16 0.000000
1692972588028604593 76.829296 207.395944 210 16 0.000000
1692972589041778785 76.750233 210.230378 213 16 0.000000
1692972590054874063 76.519059 206.298463 209 16 0.000000
1692972591068246316 77.510568 208.215695 211 16 0.000000
1692972592081171170 78.687591 203.371454 206 16 0.000000
1692972593094798550 76.667382 201.257358 204 16 0.000000
1692972594036051575 78.138015 212.482752 200 16 0.000000
1692972595048945726 75.735215 210.288509 213 16 0.000000
1692972596063147861 76.485175 211.003302 214 16 0.000000
1692972597076607234 76.876761 206.224351 209 16 0.000000
1692972598089405150 77.219098 204.384274 207 16 0.000000
1692972599102657331 77.861793 208.240394 211 16 0.000000
1692972600045005443 78.920064 202.685173 191 16 0.000000
1692972601060185999 75.529802 212.770042 216 16 0.000000
1692972602075057807 77.310744 205.937340 209 16 0.000000
1692972603088845468 76.472734 210.103168 213 16 0.000000
1692972604103223037 77.651706 206.037679 209 16 0.000000
1692972605118302854 76.266844 208.850572 212 16 0.000000
1692972606060775423 77.251043 209.024647 197 16 0.000000
1692972607075215002 79.571292 200.110493 203 16 0.000000
1692972608090358821 77.274186 207.852323 211 16 0.000000
1692972609104193164 77.989329 205.161722 208 16 0.000000
1692972610118063138 75.425193 211.072412 214 16 0.000000
1692972611131700938 77.407336 202.241885 205 16 0.000000
1692972612073912193 76.711092 213.327953 201 16 0.000000
1692972613087552005 77.219569 208.160700 211 16 0.000000
1692972614101411953 75.454856 211.074542 214 16 0.000000
1692972615115743839 77.636778 206.046963 209 16 0.000000
1692972616130832002 75.882374 209.833962 213 16 0.000000
1692972617145753896 75.162763 213.809586 217 16 0.000000
1692972618087707367 78.495192 203.831724 192 16 0.000000
1692972619102453399 76.930468 207.933801 211 16 0.000000
1692972620116858139 77.237008 207.017959 210 16 0.000000
1692972621130444927 77.963871 206.198422 209 16 0.000000
1692972622145097593 76.951824 206.967381 210 16 0.000000
1692972623157852039 77.706182 201.430861 204 16 0.000000
1692972624100444511 76.402470 213.241676 201 16 0.000000
1692972625115719348 76.231021 209.795408 213 16 0.000000
1692972626129960195 76.491009 210.995236 214 16 0.000000
1692972627144910539 75.509457 211.833038 215 16 0.000000
1692972628159638721 74.823060 213.850373 217 16 0.000000
1692972629101556427 76.898242 207.024455 195 15 0.000000
1692972630116343358 76.916439 207.925419 211 16 0.000000
1692972631133340477 76.457593 208.456836 212 16 0.000000
1692972632148863024 77.619398 207.774796 211 16 0.000000
1692972633163247748 75.491754 209.979513 213 16 0.000000
1692972634177308920 75.786133 212.018767 215 16 0.000000
1692972635118562061 78.403829 205.045790 193 16 0.000000
1692972636133464571 76.918945 207.901749 211 16 0.000000
1692972637146773444 75.110544 212.176173 215 16 0.000000
1692972638161797136 75.865969 209.847319 213 16 0.000000
1692972639176919979 76.216741 210.811924 214 16 0.000000
1692972640190752015 76.130176 210.093974 213 16 0.000000
1692972641132414530 76.831019 209.204461 197 16 0.000000
1692972642147428290 74.808930 213.790195 217 16 0.000000
1692972643161743770 76.538356 209.007928 212 16 0.000000
1692972644176392383 74.144638 213.867172 217 16 0.000000
1692972645190771281 76.911916 208.009064 211 16 0.000000
1692972646205078623 76.912217 208.023733 211 16 0.000000
1692972647147756839 76.883439 210.039858 198 16 0.000000
1692972648162292691 74.796602 211.919569 215 16 0.000000
1692972649176802018 77.285283 206.996619 210 16 0.000000
1692972650190537239 77.937982 206.168233 209 16 0.000000
1692972651204063061 77.294865 204.237520 207 16 0.000000
1692972652218195920 76.510936 210.031646 213 16 0.000000
1692972653159937090 76.823685 209.186998 197 16 0.000000
1692972654173269793 79.002183 204.276414 207 16 0.000000
1692972655187396715 76.196311 210.032908 213 16 0.000000
1692972656202681083 75.513634 210.778388 214 16 0.000000
1692972657216632121 76.099214 210.069316 213 16 0.000000
1692972658229840243 76.130018 211.210301 214 16 0.000000
1692972659171231033 77.653055 206.078080 194 16 0.000000
1692972660185578430 76.543670 209.001375 212 16 0.000000
1692972661200314078 75.501137 210.892363 214 16 0.000000
1692972662214211136 76.542417 208.107912 211 16 0.000000
1692972663228864354 77.224871 207.952822 211 16 0.000000
1692972664242627542 76.165515 210.108241 213 16 0.000000
1692972665184698545 77.686526 204.867786 193 16 0.000000
1692972666199438187 77.322115 206.949636 210 16 0.000000
1692972667213933487 75.775307 212.913754 216 16 0.000000
1692972668228251357 76.950954 206.049804 209 16 0.000000
1692972669242567585 76.148536 211.965453 215 16 0.000000
1692972670255905479 76.889511 195.393821 198 16 0.000000
1692972671199238017 76.544772 222.615049 210 16 0.000000
1692972672213121005 75.093487 213.042359 216 16 0.000000
1692972673227065919 76.115634 210.070584 213 16 0.000000
1692972674240544514 77.662861 205.233738 208 16 0.000000
1692972675255136739 77.259991 206.979705 210 16 0.000000
1692972676269850025 77.013176 203.998508 207 16 0.000000
1692972677211508139 75.583465 215.577153 203 16 0.000000
1692972678225036897 77.565526 207.196884 210 16 0.000000
1692972679238771001 74.451673 212.087211 215 16 0.000000
