1692988503331225433 88.622908 0.000000
1692988503333477626 88.391724 0.000000
1692988503335475893 89.017618 0.000000
1692988503336098971 89.407710 0.000000
1692988503336782563 88.593463 0.000000
1692988503700642150 88.553568 0.000000
1692988503701830238 88.579326 0.000000
1692988503704015165 88.658726 0.000000
1692988504010259082 88.756769 0.000000
1692988504011348645 88.460634 0.000000
1692988504011808708 88.816882 0.000000
1692988504011900830 88.630914 0.000000
1692988504011922211 88.825669 0.000000
1692988504014109933 88.387758 0.000000
1692988504015519325 88.546926 0.000000
1692988504147559490 89.455780 0.000000
1692988504365713680 88.710373 0.000000
1692988504440400778 88.672832 0.000000
1692988504441667604 89.147622 0.000000
1692988504442249805 88.688010 0.000000
1692988504444344253 88.497854 0.000000
1692988504446001009 88.616276 0.000000
1692988504890597386 88.790932 0.000000
1692988505187725502 88.583153 0.000000
1692988505188601564 88.810980 0.000000
1692988505190669822 88.504395 0.000000
1692988505191917712 89.184130 0.000000
1692988505280404665 88.485390 0.000000
1692988505363247125 88.781985 0.000000
1692988505635549213 88.916639 0.000000
1692988505636758911 88.500690 0.000000
1692988505637629463 88.596490 0.000000
1692988505639102535 88.759805 0.000000
1692988506083928125 88.861877 0.000000
1692988506084466464 88.912391 0.000000
1692988506084475110 88.567173 0.000000
1692988506086926436 88.734266 0.000000
1692988506095440519 88.674525 0.000000
1692988506095472870 88.833492 0.000000
1692988506175553421 88.624410 0.000000
1692988506384119092 88.596518 0.000000
1692988506384733454 88.796443 0.000000
1692988506385328169 88.793708 0.000000
1692988506385801366 88.639459 0.000000
1692988506386389309 88.737974 0.000000
1692988506387693254 88.561673 0.000000
1692988506388219691 88.737563 0.000000
1692988506563765199 88.473969 0.000000
1692988506742274895 88.714500 0.000000
1692988506743232631 88.377098 0.000000
1692988506746017723 88.547206 0.000000
1692988506746762740 88.811552 0.000000
1692988506748605625 88.748645 0.000000
1692988507187384227 88.838633 0.000000
1692988507188796215 88.615786 0.000000
1692988507188849194 88.613612 0.000000
1692988507189434772 88.462368 0.000000
1692988507190434296 88.423916 0.000000
1692988507193679660 88.742823 0.000000
1692988507277342638 88.541995 0.000000
1692988507484380124 88.636624 0.000000
1692988507485994501 88.592511 0.000000
1692988507486913584 88.656362 0.000000
1692988507487723914 88.820910 0.000000
1692988507489457124 88.600998 0.000000
1692988507930349399 88.860103 0.000000
1692988507931267070 88.809348 0.000000
1692988507931289522 88.652324 0.000000
1692988507933287968 88.633458 0.000000
1692988507934572938 88.460714 0.000000
1692988508401952725 88.661820 0.000000
1692988508591055764 88.722365 0.000000
1692988508593558317 88.614373 0.000000
1692988508594743308 88.564309 0.000000
1692988508596223915 88.564329 0.000000
1692988508672636398 88.481112 0.000000
1692988508770995051 88.441609 0.000000
1692988508957150392 88.599163 0.000000
1692988508958753588 88.762219 0.000000
1692988508959803938 88.491101 0.000000
1692988508960807600 88.476073 0.000000
1692988508961810921 88.493125 0.000000
1692988508962915682 88.670688 0.000000
1692988508963021531 88.657233 0.000000
1692988509135849012 88.613981 0.000000
1692988509256057764 88.632937 0.000000
1692988509256280291 88.563066 0.000000
1692988509257261210 88.531907 0.000000
1692988509257678763 88.467737 0.000000
1692988509258976005 89.094331 0.000000
1692988509259034044 88.793508 0.000000
1692988509259177133 88.853260 0.000000
1692988509403216436 88.799027 0.000000
1692988509403579788 88.998482 0.000000
1692988509589004911 88.558708 0.000000
1692988509620998379 88.860092 0.000000
1692988509700438089 88.720351 0.000000
1692988509757340060 88.638016 0.000000
1692988509764343532 88.599194 0.000000
1692988510036829143 88.558457 0.000000
1692988510037227369 88.436529 0.000000
1692988510038489326 88.724358 0.000000
1692988510038960459 88.323577 0.000000
1692988510040455673 88.705313 0.000000
1692988510335064204 88.613370 0.000000
1692988510335786779 89.034841 0.000000
1692988510336236552 88.828233 0.000000
1692988510336556101 88.457638 0.000000
1692988510337176975 88.795071 0.000000
1692988510400032630 88.611076 0.000000
1692988510400107961 88.718207 0.000000
1692988510425770248 88.591900 0.000000
1692988510477866379 88.392537 0.000000
1692988510488776634 88.666820 0.000000
1692988510693071179 88.569979 0.000000
1692988510696124874 88.876974 0.000000
1692988510697815785 88.683953 0.000000
1692988510697840181 88.668073 0.000000
1692988510698223590 88.451557 0.000000
1692988511113938628 88.682470 0.000000
1692988511116867679 88.782286 0.000000
1692988511116918024 88.855284 0.000000
1692988511117030565 88.925055 0.000000
1692988511478440720 88.534514 0.000000
1692988511558120228 88.551423 0.000000
1692988511779630191 88.724158 0.000000
1692988511780086216 88.703178 0.000000
1692988512093670978 88.581400 0.000000
1692988512094122454 88.520816 0.000000
1692988512095266199 88.433963 0.000000
1692988512097542246 88.514243 0.000000
1692988512220938666 88.654108 0.000000
1692988512449216485 88.907250 0.000000
1692988512540362554 88.752241 0.000000
1692988512543223559 88.852609 0.000000
1692988512544557751 88.455014 0.000000
1692988512545557135 88.435998 0.000000
1692988512628826314 88.461766 0.000000
1692988512834080105 88.716855 0.000000
1692988512836606863 88.581290 0.000000
1692988512837248025 88.514925 0.000000
1692988512837398708 88.589285 0.000000
1692988512837904306 88.563126 0.000000
1692988512837921969 88.733094 0.000000
1692988513051198523 88.890891 0.000000
1692988513191708760 89.292464 0.000000
1692988513195698160 88.693361 0.000000
1692988513195774874 88.340118 0.000000
1692988513555687230 88.781405 0.000000
1692988513562655156 88.471194 0.000000
1692988513564268521 88.735580 0.000000
1692988513853976815 88.672752 0.000000
1692988513857640123 88.841157 0.000000
1692988513857745270 88.820118 0.000000
1692988513857794402 88.439644 0.000000
1692988513859820671 88.941775 0.000000
1692988514150686576 88.766408 0.000000
1692988514208796201 88.889067 0.000000
1692988514208862495 88.783269 0.000000
1692988514209066989 88.597611 0.000000
1692988514212123760 89.017028 0.000000
1692988514212278741 89.096446 0.000000
1692988514214429624 88.631775 0.000000
1692988514533279038 88.430087 0.000000
1692988514534356328 88.498155 0.000000
1692988514535296601 88.856026 0.000000
1692988514535820443 88.632046 0.000000
1692988514537061620 88.624551 0.000000
1692988514538096961 88.657903 0.000000
1692988514624450654 88.628899 0.000000
1692988514626813234 88.714129 0.000000
1692988514837972519 88.780364 0.000000
1692988514990330420 88.551935 0.000000
1692988514991745293 88.889628 0.000000
1692988515168761829 88.572624 0.000000
1692988515348157866 88.538170 0.000000
1692988515349806347 88.536506 0.000000
1692988515350591710 88.467928 0.000000
1692988515350617408 88.619281 0.000000
1692988515351116845 88.514686 0.000000
1692988515359920692 88.705643 0.000000
1692988515359952372 88.810871 0.000000
1692988515715529009 88.552476 0.000000
1692988515716529145 88.660169 0.000000
1692988515716558059 88.629170 0.000000
1692988515718953390 88.347722 0.000000
1692988515719405478 88.428374 0.000000
1692988515790307278 88.725680 0.000000
1692988515805057104 88.525354 0.000000
1692988516086841911 88.423464 0.000000
1692988516087201365 88.823123 0.000000
1692988516088084420 88.552727 0.000000
1692988516088879401 88.578865 0.000000
1692988516376082237 88.814117 0.000000
1692988516533430263 89.039048 0.000000
1692988516534072978 89.016336 0.000000
1692988516535621221 89.268809 0.000000
1692988516535741056 89.098450 0.000000
1692988516537770892 88.955241 0.000000
1692988516538952968 89.226230 0.000000
1692988516538979699 88.647475 0.000000
1692988516834392668 88.942257 0.000000
1692988517163836835 88.615714 0.000000
1692988517164625965 88.571061 0.000000
1692988517167214088 89.148855 0.000000
1692988517167486248 88.541977 0.000000
1692988517170127481 89.334533 0.000000
1692988517253302694 88.674845 0.000000
1692988517460630764 88.926176 0.000000
1692988517614514307 88.583094 0.000000
1692988517615522737 88.733996 0.000000
1692988517615598079 88.222718 0.000000
1692988517617037979 88.971512 0.000000
1692988517617548846 88.487655 0.000000
1692988517618080093 88.641964 0.000000
1692988517723925092 88.736170 0.000000
1692988517910221107 88.628408 0.000000
1692988517913026177 88.564158 0.000000
1692988517914005222 88.253816 0.000000
1692988518219470571 88.604775 0.000000
1692988518220625877 88.715703 0.000000
1692988518225304560 88.350327 0.000000
1692988518396554443 88.582643 0.000000
1692988518627891591 88.477867 0.000000
1692988518628419030 88.577623 0.000000
1692988518936091036 88.638839 0.000000
1692988518936539788 88.950193 0.000000
1692988519017426129 88.664165 0.000000
1692988519113177894 88.445626 0.000000
1692988519252049248 88.824967 0.000000
1692988519253863730 88.610595 0.000000
1692988519728371173 88.535204 0.000000
1692988520027974340 88.553308 0.000000
1692988520031504338 88.562163 0.000000
1692988520031977876 88.574968 0.000000
1692988520033143612 88.559579 0.000000
1692988520116561982 88.584696 0.000000
1692988520352717565 88.795562 0.000000
1692988520353216610 88.740880 0.000000
1692988520441691169 88.472194 0.000000
1692988520475508407 88.552877 0.000000
1692988520475685880 88.573285 0.000000
1692988520476492281 88.852659 0.000000
1692988520478682107 88.615964 0.000000
1692988520530370163 88.676779 0.000000
1692988520642052788 88.610866 0.000000
1692988520642159288 88.762641 0.000000
1692988520642621114 88.436269 0.000000
1692988520643465036 88.517872 0.000000
1692988520643895623 88.826942 0.000000
1692988520644789680 88.553599 0.000000
1692988520794129923 88.593994 0.000000
1692988520941112707 89.341907 0.000000
1692988520941754611 88.696597 0.000000
1692988521088551434 88.879560 0.000000
1692988521089059106 88.758463 0.000000
1692988521177593910 88.532379 0.000000
1692988521240430008 88.705003 0.000000
1692988521240559060 88.551214 0.000000
1692988521242741382 88.869451 0.000000
1692988521243137745 88.563467 0.000000
1692988521243808272 88.711785 0.000000
1692988521246036981 88.468469 0.000000
1692988521246281399 88.437831 0.000000
1692988521265797371 88.577583 0.000000
1692988521354381226 88.581902 0.000000
1692988521379946872 88.784822 0.000000
1692988521380240132 88.495710 0.000000
1692988521688274889 88.631756 0.000000
1692988521688663728 88.566153 0.000000
1692988521692457671 89.052304 0.000000
1692988521692506403 88.567996 0.000000
1692988521692918545 88.550003 0.000000
1692988521693689621 88.611738 0.000000
1692988521693997038 88.522882 0.000000
1692988521694735773 88.679175 0.000000
1692988521983681627 88.773601 0.000000
1692988522003435705 88.648306 0.000000
1692988522003554568 88.531486 0.000000
1692988522005127067 88.528140 0.000000
1692988522005281957 88.432040 0.000000
1692988522006461769 88.505979 0.000000
1692988522056294777 88.599314 0.000000
1692988522400545076 88.703500 0.000000
1692988522404035591 88.494757 0.000000
1692988522405326171 88.688260 0.000000
1692988522696768886 88.576500 0.000000
1692988522700458524 88.576400 0.000000
1692988522700907346 88.646602 0.000000
1692988522702555887 88.838211 0.000000
1692988522702824761 88.980779 0.000000
1692988522844074895 88.678162 0.000000
1692988522847176190 88.668444 0.000000
1692988523148736486 88.497584 0.000000
1692988523150747657 88.677441 0.000000
1692988523150943294 88.431790 0.000000
1692988523155942196 88.566953 0.000000
1692988523157835827 88.550763 0.000000
1692988523365937408 88.686057 0.000000
1692988523467071515 88.637947 0.000000
1692988523468215099 88.673193 0.000000
1692988523469211196 89.059107 0.000000
1692988523470121954 88.892624 0.000000
1692988523470854778 88.813606 0.000000
1692988523471934252 88.594515 0.000000
1692988523511232306 88.992050 0.000000
1692988523688131703 88.719840 0.000000
1692988523825854192 88.785522 0.000000
1692988523828314815 88.588192 0.000000
1692988523829032040 88.386674 0.000000
1692988523829698199 88.578654 0.000000
1692988524003918473 88.633318 0.000000
1692988524133174988 88.604935 0.000000
1692988524133958327 88.569187 0.000000
1692988524134386961 88.580468 0.000000
1692988524137489088 88.425999 0.000000
1692988524137737042 88.692149 0.000000
1692988524138864817 88.466725 0.000000
1692988524267680868 88.738034 0.000000
1692988524313749917 88.649287 0.000000
1692988524492280943 88.915056 0.000000
1692988524493085692 88.424095 0.000000
1692988524496089785 88.707607 0.000000
1692988524496683528 88.827933 0.000000
1692988524497659528 88.578304 0.000000
1692988524620167601 88.837741 0.000000
1692988524887978487 88.563177 0.000000
1692988524888943135 88.484208 0.000000
1692988524891557808 88.767459 0.000000
1692988524892211523 88.705744 0.000000
1692988524892414374 88.511840 0.000000
1692988524894023511 88.517220 0.000000
1692988524939381377 88.654688 0.000000
1692988525209513878 88.688013 0.000000
1692988525212430798 88.576033 0.000000
1692988525214277130 88.672283 0.000000
1692988525215128997 88.488167 0.000000
1692988525254045797 88.708621 0.000000
1692988525329153934 88.676451 0.000000
1692988525475183357 88.755721 0.000000
1692988525605351585 88.841310 0.000000
1692988525655248425 88.882658 0.000000
1692988525655940543 88.699234 0.000000
1692988525658980434 88.726155 0.000000
1692988525661186060 88.717409 0.000000
1692988525952969618 88.512744 0.000000
1692988525953749461 88.615747 0.000000
1692988525954306786 88.310625 0.000000
1692988525956763563 88.727096 0.000000
1692988525958400252 88.478730 0.000000
1692988525958598053 88.518936 0.000000
1692988526042731224 88.421523 0.000000
1692988526047214020 88.613633 0.000000
1692988526244037213 88.885783 0.000000
1692988526308494377 88.836821 0.000000
1692988526372546211 88.495733 0.000000
1692988526372779779 88.527402 0.000000
1692988526373260811 88.775417 0.000000
1692988526374579534 88.425100 0.000000
1692988526730252030 88.885092 0.000000
1692988526730279441 89.860110 0.000000
1692988526731502825 88.615427 0.000000
1692988526734513511 88.614705 0.000000
1692988526738084047 88.572246 0.000000
1692988527105109593 88.787239 0.000000
1692988527107816248 88.589097 0.000000
1692988527108208374 88.663637 0.000000
1692988527196811447 88.600569 0.000000
1692988527395385194 88.705606 0.000000
1692988527396419874 88.860496 0.000000
1692988527396810526 89.125023 0.000000
1692988527398339343 88.632739 0.000000
1692988527401650332 88.386246 0.000000
1692988527576611779 88.611429 0.000000
1692988527692093167 88.745942 0.000000
1692988527696106322 88.982795 0.000000
1692988527696850508 88.620316 0.000000
1692988527699090428 88.957708 0.000000
1692988527699294090 88.867249 0.000000
1692988527763001848 88.836822 0.000000
1692988527987747644 88.567316 0.000000
1692988527988497190 88.789603 0.000000
1692988527988531584 88.788711 0.000000
1692988527988932827 88.493909 0.000000
1692988527989043084 88.536058 0.000000
1692988527991794483 88.602553 0.000000
1692988528077104892 88.605318 0.000000
1692988528169221726 88.449917 0.000000
1692988528258004496 88.780686 0.000000
1692988528408707312 88.554392 0.000000
1692988528412886379 88.498758 0.000000
1692988528415427705 88.620086 0.000000
1692988528705503952 88.545976 0.000000
1692988528707221253 88.567457 0.000000
1692988528707457947 88.659740 0.000000
1692988528708649581 88.658798 0.000000
1692988528797203322 88.550334 0.000000
1692988529033396034 88.448013 0.000000
1692988529035212731 88.439216 0.000000
1692988529037015962 88.726394 0.000000
1692988529069585378 88.631236 0.000000
1692988529123656134 88.441931 0.000000
1692988529158168203 88.581624 0.000000
1692988529478064401 88.489771 0.000000
1692988529478320942 88.755790 0.000000
1692988529480038112 89.077323 0.000000
1692988529480066997 89.027159 0.000000
1692988529480583215 88.583748 0.000000
1692988529480934844 88.862470 0.000000
1692988529481203307 89.239146 0.000000
1692988529482742203 88.478259 0.000000
1692988529568564381 88.495781 0.000000
1692988529568964341 88.379644 0.000000
1692988529744173963 88.610958 0.000000
1692988529772172789 88.591622 0.000000
1692988529824400961 88.869524 0.000000
1692988529843855783 88.672995 0.000000
1692988529932370761 88.513194 0.000000
1692988530140805770 88.562647 0.000000
1692988530142473067 88.322448 0.000000
1692988530142485239 88.814661 0.000000
1692988530143753989 88.604376 0.000000
1692988530144040205 88.464072 0.000000
1692988530510654971 88.707819 0.000000
1692988530584543010 88.600669 0.000000
1692988530587345656 88.517814 0.000000
1692988530588060276 88.892336 0.000000
1692988530589303828 88.763855 0.000000
1692988530590291320 88.585561 0.000000
1692988530590321917 88.562968 0.000000
1692988530590832655 88.532982 0.000000
1692988530590987105 88.394232 0.000000
1692988530765404451 88.540735 0.000000
1692988530865322001 88.893677 0.000000
1692988530881069963 88.894350 0.000000
1692988530882389076 88.759796 0.000000
1692988530883671882 88.535366 0.000000
1692988530885578167 88.905009 0.000000
1692988530953416451 88.617781 0.000000
1692988530971066028 88.675218 0.000000
1692988531251033598 88.718800 0.000000
1692988531254375706 88.469372 0.000000
1692988531296947730 88.697801 0.000000
1692988531325861961 88.770627 0.000000
1692988531515664649 88.605468 0.000000
1692988531564477105 88.505911 0.000000
1692988531618244342 88.964992 0.000000
1692988531930252858 88.917542 0.000000
1692988531934008662 88.939264 0.000000
1692988531934755342 88.742665 0.000000
1692988531935305073 88.550835 0.000000
1692988531936163873 88.456017 0.000000
1692988532024275535 88.967707 0.000000
1692988532240538493 88.768343 0.000000
1692988532240567758 88.685288 0.000000
1692988532242019760 88.849315 0.000000
1692988532244664079 88.699563 0.000000
1692988532245226985 88.676280 0.000000
1692988532375895462 88.580921 0.000000
1692988532420036698 88.767532 0.000000
1692988532642986886 88.625114 0.000000
1692988532645557246 88.725943 0.000000
1692988532646237181 88.819449 0.000000
1692988532646692735 88.791576 0.000000
1692988532679691637 88.684987 0.000000
1692988532995640382 88.514016 0.000000
1692988532995669517 88.637769 0.000000
1692988532998240658 88.568338 0.000000
1692988532998639276 88.458192 0.000000
1692988532999368022 88.619253 0.000000
1692988533000007722 88.905821 0.000000
1692988533000026016 88.958409 0.000000
1692988533175666016 88.595879 0.000000
1692988533362294351 88.910820 0.000000
1692988533363208435 88.422545 0.000000
1692988533363426254 88.384323 0.000000
1692988533366580389 88.633691 0.000000
1692988533367560877 88.729319 0.000000
1692988533367608396 88.773643 0.000000
1692988533481253631 88.660822 0.000000
1692988533538289658 88.763024 0.000000
1692988533538487088 88.480083 0.000000
1692988533807862385 88.626858 0.000000
1692988533812366962 88.618251 0.000000
1692988533987695138 88.584058 0.000000
1692988534082493649 88.697681 0.000000
1692988534109939548 88.666402 0.000000
1692988534110928542 88.684005 0.000000
1692988534113626622 88.576945 0.000000
1692988534224716384 88.606861 0.000000
1692988534402737769 88.839226 0.000000
1692988534403138180 88.665240 0.000000
1692988534405397346 88.349699 0.000000
1692988534405418346 88.505771 0.000000
1692988534406700731 88.394112 0.000000
1692988534408938307 88.505010 0.000000
1692988534473839943 88.974658 0.000000
1692988534669873826 88.543761 0.000000
1692988534786038083 88.821283 0.000000
1692988534788548551 88.503876 0.000000
1692988534793157505 88.487327 0.000000
1692988534876207174 88.578459 0.000000
1692988534876998779 88.448635 0.000000
1692988534964805338 88.596400 0.000000
1692988535084442097 88.832573 0.000000
1692988535116792683 88.824669 0.000000
1692988535118980986 88.663055 0.000000
1692988535119613472 88.579909 0.000000
1692988535140371459 88.476716 0.000000
1692988535140815371 88.634082 0.000000
1692988535295351335 88.674336 0.000000
1692988535383324257 88.704233 0.000000
1692988535422897697 88.483589 0.000000
1692988535424190802 88.548110 0.000000
1692988535480798897 88.788371 0.000000
1692988535600716864 88.790685 0.000000
1692988535779898665 88.958270 0.000000
1692988535779924533 89.073956 0.000000
1692988535782961398 88.511070 0.000000
1692988535783761027 88.793520 0.000000
1692988535784325005 88.688313 0.000000
1692988535784996795 88.594547 0.000000
1692988536101166394 88.632398 0.000000
1692988536149264320 88.734850 0.000000
1692988536150092573 88.653298 0.000000
1692988536151457353 88.562257 0.000000
1692988536151534758 88.596201 0.000000
1692988536311044379 88.657185 0.000000
1692988536509825353 88.729070 0.000000
1692988536511855861 88.542450 0.000000
1692988536876508688 88.387368 0.000000
1692988536877436889 88.494990 0.000000
1692988536878106194 88.659729 0.000000
1692988536879405661 88.596861 0.000000
1692988537054028483 88.712268 0.000000
1692988537174668084 88.650482 0.000000
1692988537175676665 88.865385 0.000000
1692988537177431005 88.423146 0.000000
1692988537440498123 89.061413 0.000000
1692988537524724098 88.635183 0.000000
1692988537525258430 88.800143 0.000000
1692988537527367525 88.731945 0.000000
1692988537530273966 88.462280 0.000000
1692988537530631426 88.544113 0.000000
1692988537852987667 88.629122 0.000000
1692988537890482459 88.699283 0.000000
1692988537896079264 88.748776 0.000000
1692988538057732064 88.720342 0.000000
1692988538057790003 88.701948 0.000000
1692988538069139536 88.576584 0.000000
1692988538188901591 88.689515 0.000000
1692988538190759875 89.312613 0.000000
1692988538192366458 88.781187 0.000000
1692988538192992993 89.299639 0.000000
1692988538195674362 88.545466 0.000000
1692988538517366988 88.588336 0.000000
1692988538519826039 88.747244 0.000000
1692988538602904963 89.128117 0.000000
1692988538603267222 88.649890 0.000000
1692988538966399458 88.508155 0.000000
1692988538968839063 88.344148 0.000000
1692988538971371392 88.710625 0.000000
1692988539142961868 88.676812 0.000000
1692988539146651888 88.946728 0.000000
1692988539260716548 88.755780 0.000000
1692988539333416459 88.412056 0.000000
1692988539333743873 88.692031 0.000000
1692988539334225235 88.363033 0.000000
1692988539334235154 88.535467 0.000000
1692988539335032098 88.557347 0.000000
1692988539337094375 88.858703 0.000000
1692988539513859625 88.484561 0.000000
1692988539585519997 88.655922 0.000000
1692988539629851831 88.557739 0.000000
1692988539630791312 88.480995 0.000000
1692988539634045274 88.763745 0.000000
1692988539699283803 88.818217 0.000000
1692988539809755667 88.681451 0.000000
1692988539923202970 88.752835 0.000000
1692988540000043355 89.108371 0.000000
1692988540000096204 89.071111 0.000000
1692988540003205204 88.707759 0.000000
1692988540177160304 88.649750 0.000000
1692988540342858351 88.633350 0.000000
1692988540343351666 88.619233 0.000000
1692988540346772250 88.773061 0.000000
1692988540348503507 88.483178 0.000000
1692988540437170651 88.665120 0.000000
1692988540786963652 88.776738 0.000000
1692988540788027747 88.492235 0.000000
1692988540789324108 88.477046 0.000000
1692988540886858210 88.601921 0.000000
1692988541086424507 88.897184 0.000000
1692988541086940504 88.899859 0.000000
1692988541087929208 88.771318 0.000000
1692988541093353721 88.545424 0.000000
1692988541094512344 88.523213 0.000000
1692988541152304950 88.729580 0.000000
1692988541152334535 88.770967 0.000000
1692988541152507810 88.970311 0.000000
1692988541454138364 88.553190 0.000000
1692988541455052027 88.539274 0.000000
1692988541456173100 88.549263 0.000000
1692988541457032702 88.525037 0.000000
1692988541529654836 88.781818 0.000000
1692988541749919229 89.006931 0.000000
1692988541750500940 88.853844 0.000000
1692988541751565195 88.520579 0.000000
1692988541754422193 88.564161 0.000000
1692988541929122840 88.478890 0.000000
1692988542000159472 88.603484 0.000000
1692988542117673841 88.664378 0.000000
1692988542118342164 88.554412 0.000000
1692988542120154273 88.695286 0.000000
1692988542120653840 88.584379 0.000000
1692988542196941660 88.697782 0.000000
1692988542208823110 88.667605 0.000000
1692988542297450318 88.626036 0.000000
1692988542474621800 88.458021 0.000000
1692988542474883260 88.501123 0.000000
1692988542477021500 88.510870 0.000000
1692988542479008686 88.533783 0.000000
1692988542479036108 88.544924 0.000000
1692988542691928244 88.751201 0.000000
1692988542817035092 88.818257 0.000000
1692988542820794912 88.671481 0.000000
1692988543127463564 88.709553 0.000000
1692988543129164153 88.675840 0.000000
1692988543130153388 88.639842 0.000000
1692988543133896517 88.592473 0.000000
1692988543423176300 88.622861 0.000000
1692988543424854397 88.560082 0.000000
1692988543424976556 88.486895 0.000000
1692988543425024236 88.420351 0.000000
1692988543425128622 88.431382 0.000000
1692988543513481495 88.503305 0.000000
1692988543576533723 88.674176 0.000000
1692988543599168070 88.677504 0.000000
1692988543868977100 88.537390 0.000000
1692988543869577476 88.546998 0.000000
1692988543870431918 88.462220 0.000000
1692988543872793617 88.621978 0.000000
1692988543882271280 88.960263 0.000000
1692988544048034940 88.514258 0.000000
1692988544134583600 88.841660 0.000000
1692988544145849045 88.642166 0.000000
1692988544146239728 88.889029 0.000000
1692988544147129326 88.858502 0.000000
1692988544147181774 88.886083 0.000000
1692988544147513376 88.517562 0.000000
1692988544148093885 88.732756 0.000000
1692988544318487736 88.841789 0.000000
1692988544587991845 88.567467 0.000000
1692988544588711414 88.783683 0.000000
1692988544588739557 88.894570 0.000000
1692988544590490380 88.473921 0.000000
1692988544879115936 88.614093 0.000000
1692988544880805164 88.732035 0.000000
1692988544882287193 88.746483 0.000000
1692988544950720543 88.674787 0.000000
1692988544969358534 88.550905 0.000000
1692988545059839429 88.745330 0.000000
1692988545239189917 88.519216 0.000000
1692988545241861898 88.562608 0.000000
1692988545241909537 88.549554 0.000000
1692988545243255592 88.444927 0.000000
1692988545244261779 88.520840 0.000000
1692988545330518161 88.606019 0.000000
1692988545330545292 88.680949 0.000000
1692988545353248176 88.612491 0.000000
1692988545533672317 88.710424 0.000000
1692988545685520890 88.705604 0.000000
1692988545685883060 88.619754 0.000000
1692988545685919468 88.567626 0.000000
1692988545687526993 88.432103 0.000000
1692988545688139762 88.471076 0.000000
1692988545688802976 88.501694 0.000000
1692988545800227928 88.623203 0.000000
1692988545951096362 88.693913 0.000000
1692988546055056945 88.543291 0.000000
1692988546057712765 88.763994 0.000000
1692988546058497867 88.515668 0.000000
1692988546156419405 88.494380 0.000000
1692988546228367786 88.536769 0.000000
1692988546233253699 88.600759 0.000000
1692988546357585702 88.532461 0.000000
1692988546398311864 88.813898 0.000000
1692988546497701375 88.752433 0.000000
1692988546497729708 88.908595 0.000000
1692988546499528471 88.765327 0.000000
1692988546720001644 88.527392 0.000000
1692988546720917612 88.728258 0.000000
1692988546722950795 88.428847 0.000000
1692988546724780596 88.612361 0.000000
1692988546938417469 88.554412 0.000000
1692988547015020720 88.555303 0.000000
1692988547088745002 88.506993 0.000000
1692988547090980454 88.623581 0.000000
1692988547090994540 88.791337 0.000000
1692988547093608392 88.773985 0.000000
1692988547093866406 88.876025 0.000000
1692988547094627073 88.844086 0.000000
1692988547168126172 88.735443 0.000000
1692988547436315416 88.680168 0.000000
1692988547437891572 88.804833 0.000000
1692988547439041428 88.599988 0.000000
1692988547439392426 88.719061 0.000000
1692988547439534953 88.469745 0.000000
1692988547457552290 88.636166 0.000000
1692988547457583829 88.617400 0.000000
1692988547527997313 88.604205 0.000000
1692988547546255521 88.668957 0.000000
1692988547617398472 88.581582 0.000000
1692988547930985958 88.738527 0.000000
1692988548019409385 88.421072 0.000000
1692988548103757649 88.675980 0.000000
1692988548105566601 88.856628 0.000000
1692988548105722273 88.456628 0.000000
1692988548168440616 88.918064 0.000000
1692988548245011456 88.658678 0.000000
1692988548733781052 88.681391 0.000000
1692988548733797714 88.664869 0.000000
1692988548734635455 88.669989 0.000000
1692988548739227906 88.699614 0.000000
1692988549004793029 88.711687 0.000000
1692988549025056418 88.780696 0.000000
1692988549028372105 88.742043 0.000000
1692988549029317007 88.655601 0.000000
1692988549184204801 88.641326 0.000000
1692988549205482623 88.743277 0.000000
1692988549272751038 88.543682 0.000000
1692988549291282830 88.775617 0.000000
1692988549322664168 88.765137 0.000000
1692988549324589258 88.723078 0.000000
1692988549325020036 88.687241 0.000000
1692988549411292098 88.625666 0.000000
1692988549445831518 88.494740 0.000000
1692988549627691842 88.769785 0.000000
1692988549628492263 88.453612 0.000000
1692988549628858760 88.693272 0.000000
1692988549683933519 88.840457 0.000000
1692988549893353996 88.641376 0.000000
1692988549984168897 88.479902 0.000000
1692988549988009679 88.497154 0.000000
1692988550076778864 88.767311 0.000000
1692988550250848569 88.579679 0.000000
1692988550344124585 89.007792 0.000000
1692988550344228730 88.755869 0.000000
1692988550348323239 88.878330 0.000000
1692988550382822343 88.806083 0.000000
1692988550426762292 88.668236 0.000000
1692988550519992263 88.371931 0.000000
1692988550520166019 88.514729 0.000000
1692988550561333638 88.637027 0.000000
1692988550616183686 88.564711 0.000000
1692988550617082431 88.589287 0.000000
1692988550618333658 88.382700 0.000000
1692988550692184827 88.492806 0.000000
1692988550740731755 88.766971 0.000000
1692988550793487576 88.507123 0.000000
1692988550914899726 88.795294 0.000000
1692988550973203009 88.887226 0.000000
1692988550978587626 88.401465 0.000000
1692988551184395489 88.534996 0.000000
1692988551272949019 88.551087 0.000000
1692988551329548978 88.783050 0.000000
1692988551330651235 88.561796 0.000000
1692988551334358918 88.903326 0.000000
1692988551697756431 88.597352 0.000000
1692988551697775327 88.847422 0.000000
1692988551877500367 88.531469 0.000000
1692988552065589111 89.362476 0.000000
1692988552066164691 88.403809 0.000000
1692988552066187423 88.519435 0.000000
1692988552066203373 88.457900 0.000000
1692988552137225087 88.720272 0.000000
1692988552168663442 88.599396 0.000000
1692988552241346962 88.600167 0.000000
1692988552355938290 88.775817 0.000000
1692988552358036585 88.448925 0.000000
1692988552358961229 88.353626 0.000000
1692988552359342063 88.699384 0.000000
1692988552360344854 88.739400 0.000000
1692988552360365853 88.795164 0.000000
1692988552360392262 88.374395 0.000000
1692988552427476051 88.599336 0.000000
1692988552444773168 88.833084 0.000000
1692988552722979755 88.508165 0.000000
1692988552725939706 89.029684 0.000000
1692988552726340729 88.739960 0.000000
1692988552728079900 88.545335 0.000000
1692988552728987211 88.460957 0.000000
1692988552782762834 88.563839 0.000000
1692988552804659327 88.608905 0.000000
1692988552805411778 88.743798 0.000000
1692988553048909759 88.896093 0.000000
1692988553052810323 88.702701 0.000000
1692988553053571270 88.648970 0.000000
1692988553071380377 88.810202 0.000000
1692988553167108081 88.738277 0.000000
1692988553173760105 88.585150 0.000000
1692988553355972920 88.947810 0.000000
1692988553356775395 88.456779 0.000000
1692988553357753689 88.570022 0.000000
1692988553357778807 88.417806 0.000000
1692988553358848322 88.750860 0.000000
1692988553493347592 88.714923 0.000000
1692988553692039591 89.074057 0.000000
1692988553692713154 89.654174 0.000000
1692988553695850087 88.466909 0.000000
1692988553695876236 88.756512 0.000000
1692988553695880895 88.660883 0.000000
1692988553784378039 88.499338 0.000000
1692988553849120819 88.862841 0.000000
1692988554069840764 88.653067 0.000000
1692988554178805130 88.631817 0.000000
1692988554225268380 88.672463 0.000000
1692988554225413162 88.790054 0.000000
1692988554407506973 88.899218 0.000000
1692988554412481281 88.747244 0.000000
1692988554444308465 88.620426 0.000000
1692988554757720852 88.783031 0.000000
1692988554760274391 88.779734 0.000000
1692988554760728813 88.563949 0.000000
1692988554764480739 88.548771 0.000000
1692988554852967024 88.485363 0.000000
1692988555065381184 88.586813 0.000000
1692988555065910015 88.471206 0.000000
1692988555068178750 88.464674 0.000000
1692988555124937907 89.054991 0.000000
1692988555202874879 88.789132 0.000000
1692988555242051405 88.561094 0.000000
1692988555422300137 88.740631 0.000000
1692988555422327388 88.679907 0.000000
1692988555424782642 88.625685 0.000000
1692988555487690901 88.628711 0.000000
1692988555601716559 88.591803 0.000000
1692988555776862531 88.897816 0.000000
1692988555779809257 88.852501 0.000000
1692988555785069662 88.679106 0.000000
1692988555785905759 88.912474 0.000000
1692988556083531052 88.679247 0.000000
1692988556084792548 88.632809 0.000000
1692988556085569235 88.791617 0.000000
1692988556086552939 88.825681 0.000000
1692988556086704704 88.458653 0.000000
1692988556087263732 88.474462 0.000000
1692988556492686752 88.830670 0.000000
1692988556641613317 88.546137 0.000000
1692988556668166311 88.537971 0.000000
1692988556797830493 88.656102 0.000000
1692988556799621532 88.872989 0.000000
1692988557201398225 88.847121 0.000000
1692988557202891986 88.697209 0.000000
1692988557205531536 88.558580 0.000000
1692988557206451561 88.593685 0.000000
1692988557244412508 88.598114 0.000000
1692988557327752311 88.477619 0.000000
1692988557505796438 88.546407 0.000000
1692988557511126704 88.832364 0.000000
1692988557515056654 88.657545 0.000000
1692988557568433079 89.163545 0.000000
1692988557656954117 88.516691 0.000000
1692988557864201589 88.643680 0.000000
1692988557864278333 88.590891 0.000000
1692988557865785379 89.043850 0.000000
1692988557866397306 89.330076 0.000000
1692988557867344893 88.530387 0.000000
1692988557868675539 88.372942 0.000000
1692988558232128245 89.183982 0.000000
1692988558232624155 88.506232 0.000000
1692988558235603081 88.763334 0.000000
1692988558235912732 88.362091 0.000000
1692988558307628727 88.896062 0.000000
1692988558398308825 88.529254 0.000000
1692988558527995390 88.593225 0.000000
1692988558528043731 88.591511 0.000000
1692988558528327854 88.536488 0.000000
1692988558530013715 88.652666 0.000000
1692988558598638364 88.554181 0.000000
1692988558839655432 88.915870 0.000000
1692988558945231133 88.673285 0.000000
1692988558945992000 88.507494 0.000000
1692988559001662576 88.747875 0.000000
1692988559195981733 88.706547 0.000000
1692988559300838406 88.834397 0.000000
1692988559303364183 88.583507 0.000000
1692988559304249824 88.596712 0.000000
1692988559305825198 88.930338 0.000000
1692988559413914923 88.632718 0.000000
1692988559674362739 88.377330 0.000000
1692988559674897672 88.599497 0.000000
1692988559831049928 88.499139 0.000000
1692988559849178303 88.639061 0.000000
1692988559922339399 88.875895 0.000000
1692988560034633899 88.519806 0.000000
1692988560036998473 88.465575 0.000000
1692988560039069347 88.699113 0.000000
1692988560040101482 88.893688 0.000000
1692988560128755121 88.713200 0.000000
1692988560213673614 88.502274 0.000000
1692988560216037727 88.797056 0.000000
1692988560329858650 88.442361 0.000000
1692988560330673789 88.444495 0.000000
1692988560331663515 88.419980 0.000000
1692988560365183173 88.750860 0.000000
1692988560380863277 88.607391 0.000000
1692988560451641574 88.652076 0.000000
1692988560619661755 88.659079 0.000000
1692988560631148254 88.703331 0.000000
1692988560636211088 88.664057 0.000000
1692988560636237668 88.725713 0.000000
1692988560717684503 88.680690 0.000000
1692988560894710992 88.544384 0.000000
1692988560983381252 88.667254 0.000000
1692988560998275752 88.667133 0.000000
1692988560999633288 88.769976 0.000000
1692988561000901707 88.590189 0.000000
1692988561001399060 88.655612 0.000000
1692988561103740115 88.778372 0.000000
1692988561105517899 88.620867 0.000000
1692988561105537045 88.588075 0.000000
1692988561131542261 88.949081 0.000000
1692988561282744253 88.587163 0.000000
1692988561287623072 88.558299 0.000000
1692988561287652728 88.654479 0.000000
1692988561288203701 88.534154 0.000000
1692988561584204588 88.863202 0.000000
1692988561585796122 88.655913 0.000000
1692988561646791905 89.034613 0.000000
1692988561672861883 88.654249 0.000000
1692988561673692270 88.709853 0.000000
1692988561917305205 88.915959 0.000000
1692988562183524985 88.515088 0.000000
1692988562386221192 88.613032 0.000000
1692988562389482929 88.834397 0.000000
1692988562389508166 88.677783 0.000000
1692988562389541829 88.940576 0.000000
1692988562390921066 88.563289 0.000000
1692988562392052998 88.421763 0.000000
1692988562392839313 88.692341 0.000000
1692988562568520800 88.774374 0.000000
1692988562752346660 88.516081 0.000000
1692988562753961639 88.442873 0.000000
1692988562754858340 88.668546 0.000000
1692988562757400578 88.476706 0.000000
1692988562857561774 88.770265 0.000000
1692988562857616858 88.907663 0.000000
1692988563049723015 88.626497 0.000000
1692988563050277013 89.106617 0.000000
1692988563051611045 88.403919 0.000000
1692988563052858795 88.497234 0.000000
1692988563375498045 88.632548 0.000000
1692988563377768343 88.498497 0.000000
1692988563502823073 88.754909 0.000000
1692988563682563931 88.707799 0.000000
1692988563682755280 88.953009 0.000000
1692988563687865253 88.539694 0.000000
1692988563770969895 88.814089 0.000000
1692988563977401707 88.685578 0.000000
1692988564010250947 88.603103 0.000000
1692988564013655742 88.569921 0.000000
1692988564016705942 88.449024 0.000000
1692988564154126119 88.479773 0.000000
1692988564307092680 88.608483 0.000000
1692988564308527341 90.017536 0.000000
1692988564369160192 88.679998 0.000000
1692988564371864333 88.728728 0.000000
1692988564374427139 88.749066 0.000000
1692988564735827827 89.017801 0.000000
1692988564737493690 88.481004 0.000000
1692988564738522239 88.714291 0.000000
1692988564739261896 88.587603 0.000000
1692988564739382703 88.725723 0.000000
1692988564740687670 88.644811 0.000000
1692988564834146439 88.659108 0.000000
1692988564913848249 88.737464 0.000000
1692988565035108934 88.536759 0.000000
1692988565103457625 88.805853 0.000000
1692988565120673869 88.655892 0.000000
1692988565180153469 88.669007 0.000000
1692988565362102319 89.075359 0.000000
1692988565363173899 88.633240 0.000000
1692988565365417095 88.526520 0.000000
1692988565447047093 88.866969 0.000000
1692988565669103434 88.454345 0.000000
1692988565671225874 88.580582 0.000000
1692988565805938393 88.516631 0.000000
1692988565845010644 88.599206 0.000000
1692988566010263676 88.530867 0.000000
1692988566019706033 88.627178 0.000000
1692988566342051322 88.422424 0.000000
1692988566342924890 88.830960 0.000000
1692988566343493697 88.509698 0.000000
1692988566378531081 88.878560 0.000000
1692988566379482986 88.543001 0.000000
1692988566515775759 88.640945 0.000000
1692988566631586874 89.169065 0.000000
1692988566631626789 89.270565 0.000000
1692988566631630516 89.264423 0.000000
1692988566645258161 88.646865 0.000000
1692988566646852260 88.976633 0.000000
1692988566646868581 88.629973 0.000000
1692988566647421307 88.570972 0.000000
1692988566648519467 88.611399 0.000000
1692988566648534665 88.995979 0.000000
1692988566648746052 88.515880 0.000000
1692988566697451547 88.865205 0.000000
1692988566820730135 88.997612 0.000000
1692988566821164620 88.465925 0.000000
1692988566995543905 88.693733 0.000000
1692988567270228999 88.737896 0.000000
1692988567320300165 88.976463 0.000000
1692988567321165958 88.662574 0.000000
1692988567321189642 88.801776 0.000000
1692988567324357102 88.698231 0.000000
1692988567324421443 88.653798 0.000000
1692988567325593451 89.098352 0.000000
1692988567325974656 88.564411 0.000000
1692988567361816268 88.723649 0.000000
1692988567441654304 88.856077 0.000000
1692988567709673007 88.571835 0.000000
1692988567836353044 88.635924 0.000000
1692988568032287550 88.491103 0.000000
1692988568035244866 88.493508 0.000000
1692988568155951722 88.880523 0.000000
1692988568156708551 88.607341 0.000000
1692988568298008094 88.719802 0.000000
1692988568303538635 88.572625 0.000000
1692988568341985373 88.664408 0.000000
1692988568342008977 88.656984 0.000000
1692988568344690094 88.607451 0.000000
1692988568348375045 88.610307 0.000000
1692988568525390574 88.549733 0.000000
1692988568609123805 88.529986 0.000000
1692988568701672297 88.643580 0.000000
1692988568705392162 88.505540 0.000000
1692988568902421632 88.569921 0.000000
1692988568965302319 88.491934 0.000000
1692988568994257738 88.563679 0.000000
1692988569060620445 88.744598 0.000000
1692988569273704231 88.945485 0.000000
1692988569365516323 88.685759 0.000000
1692988569365540458 88.393852 0.000000
1692988569366590587 89.164166 0.000000
1692988569367410525 88.630756 0.000000
1692988569367901055 88.984610 0.000000
1692988569368540283 88.590269 0.000000
1692988569368905528 88.480914 0.000000
1692988569448576150 88.724049 0.000000
1692988569544817707 88.739057 0.000000
1692988570058145246 88.698492 0.000000
1692988570061443251 88.495672 0.000000
1692988570061464040 88.416353 0.000000
1692988570159392200 88.621919 0.000000
1692988570352832921 88.555805 0.000000
1692988570352864340 88.845609 0.000000
1692988570355155356 88.909879 0.000000
1692988570355561027 88.624644 0.000000
1692988570356315532 88.677483 0.000000
1692988570426735657 88.581694 0.000000
1692988570720677071 88.817837 0.000000
1692988570726678004 88.636287 0.000000
1692988571086623240 88.652035 0.000000
1692988571087473014 88.527923 0.000000
1692988571087910604 88.489630 0.000000
1692988571088376017 88.561706 0.000000
1692988571088899809 88.528583 0.000000
1692988571090637508 88.711116 0.000000
1692988571092409250 88.711536 0.000000
1692988571092916581 89.168393 0.000000
1692988571168328418 88.555935 0.000000
1692988571437612524 88.463822 0.000000
1692988571453140403 89.057937 0.000000
1692988571654124850 88.597363 0.000000
1692988571809162004 88.505299 0.000000
1692988571812714826 88.414258 0.000000
1692988571881361607 88.824379 0.000000
1692988571881412382 88.618382 0.000000
1692988572074355820 88.609185 0.000000
1692988572148272382 89.219329 0.000000
1692988572148800993 89.123849 0.000000
1692988572236906074 88.631378 0.000000
1692988572461233685 88.596591 0.000000
1692988572802796192 89.193662 0.000000
1692988572802967363 88.564772 0.000000
1692988572898254278 88.851467 0.000000
1692988573095746205 88.583265 0.000000
1692988573101116937 88.526910 0.000000
1692988573101678891 88.638881 0.000000
1692988573101896298 88.557187 0.000000
1692988573102133032 88.438855 0.000000
1692988573130465823 88.577124 0.000000
1692988573190853545 88.719341 0.000000
1692988573398348662 89.119141 0.000000
1692988573398577350 88.532281 0.000000
1692988573399505771 88.525729 0.000000
1692988573403923826 88.609815 0.000000
1692988573404641773 88.699033 0.000000
1692988573462872580 88.686299 0.000000
1692988573610334157 88.790525 0.000000
1692988573663151713 88.970331 0.000000
1692988573814814399 89.274883 0.000000
1692988573815393565 88.947448 0.000000
1692988574139317264 89.392665 0.000000
1692988574139920816 88.404791 0.000000
1692988574140484493 88.810542 0.000000
1692988574141136135 88.627489 0.000000
1692988574141616376 88.666913 0.000000
1692988574197120701 88.738488 0.000000
1692988574463998073 88.581983 0.000000
1692988574465138923 88.656113 0.000000
1692988574465799832 88.504839 0.000000
1692988574465815992 88.564230 0.000000
1692988574466361776 88.416443 0.000000
1692988574468387284 88.581012 0.000000
1692988574468506257 88.345650 0.000000
1692988574469320304 88.471196 0.000000
1692988574469382931 88.420591 0.000000
1692988574793014482 88.551496 0.000000
1692988574954652906 88.652407 0.000000
1692988575115023771 88.850969 0.000000
1692988575115464207 88.684977 0.000000
1692988575116051008 88.692892 0.000000
1692988575560406076 88.412135 0.000000
1692988575564711971 88.503697 0.000000
1692988575566057804 89.109053 0.000000
1692988575566186836 89.184474 0.000000
1692988575566300750 89.192829 0.000000
1692988575598078111 88.484862 0.000000
1692988575737920571 88.577025 0.000000
1692988575834844709 88.809411 0.000000
1692988575837419417 88.630645 0.000000
1692988575837917040 88.720514 0.000000
1692988575838605581 88.410031 0.000000
1692988576110111563 88.552729 0.000000
1692988576403657546 88.697852 0.000000
1692988576617578211 88.417606 0.000000
1692988576618721855 88.537891 0.000000
1692988576619234196 88.991492 0.000000
1692988576668981464 88.493307 0.000000
1692988576700746261 88.895001 0.000000
1692988576704549634 88.520288 0.000000
1692988576705227124 88.923584 0.000000
1692988576826906063 88.770957 0.000000
1692988576964715000 88.877418 0.000000
1692988577025137517 89.144989 0.000000
1692988577028541701 88.805072 0.000000
1692988577062320795 88.722337 0.000000
1692988577062333179 88.779314 0.000000
1692988577117119176 88.574369 0.000000
1692988577321681433 88.396817 0.000000
1692988577612050157 88.611860 0.000000
1692988577614163199 88.602021 0.000000
1692988577615814866 88.646114 0.000000
1692988577616715114 88.746462 0.000000
1692988577772450026 88.589016 0.000000
1692988577941089307 88.604464 0.000000
1692988577950406189 88.691258 0.000000
1692988577950754282 88.944072 0.000000
1692988577994468377 88.615607 0.000000
1692988578168263977 88.754036 0.000000
1692988578245199671 88.636105 0.000000
1692988578326516440 88.588555 0.000000
1692988578326944463 88.579940 0.000000
1692988578328632088 88.356731 0.000000
1692988578604655610 88.627267 0.000000
1692988578645906486 88.625334 0.000000
1692988578646011122 88.464843 0.000000
1692988578646150003 88.571744 0.000000
1692988578646928683 88.650582 0.000000
1692988578734417717 88.509017 0.000000
1692988578823175139 88.754897 0.000000
1692988578912138568 88.961917 0.000000
1692988578960882595 88.505240 0.000000
1692988578962201769 88.962687 0.000000
1692988578964429647 88.677482 0.000000
1692988578964772420 88.426492 0.000000
1692988579000821361 88.680548 0.000000
1692988579045883384 88.529315 0.000000
1692988579273157900 88.535315 0.000000
1692988579327366836 88.791096 0.000000
1692988579350815488 88.835649 0.000000
1692988579593896385 88.598594 0.000000
1692988579629636266 88.879741 0.000000
1692988579630259375 88.659188 0.000000
1692988579631518736 88.708530 0.000000
1692988579631562629 88.432663 0.000000
1692988579632135373 88.473560 0.000000
1692988579632844743 88.346031 0.000000
1692988579672095098 88.784934 0.000000
1692988579714308058 88.840349 0.000000
1692988579984468536 88.801395 0.000000
1692988579984934710 88.437853 0.000000
1692988579985029177 88.511781 0.000000
1692988580023751222 88.605649 0.000000
1692988580113918208 88.946838 0.000000
1692988580161613308 88.789653 0.000000
1692988580342337622 88.619074 0.000000
1692988580343022656 88.620205 0.000000
1692988580343295207 88.589819 0.000000
1692988580345515411 88.421192 0.000000
1692988580428083467 88.815361 0.000000
1692988580612870839 88.787799 0.000000
1692988580612933526 88.809480 0.000000
1692988580658952223 88.544153 0.000000
1692988580661431041 88.707960 0.000000
1692988580662059320 88.701247 0.000000
1692988580662992019 88.480784 0.000000
1692988580747646417 88.691669 0.000000
1692988580751420033 88.426521 0.000000
1692988580876502525 88.772451 0.000000
1692988580975780907 88.464685 0.000000
1692988580977411615 88.533053 0.000000
1692988580979569282 88.563900 0.000000
1692988580981587727 88.639161 0.000000
1692988581064564509 88.782048 0.000000
1692988581372242131 88.607121 0.000000
1692988581372274933 88.687210 0.000000
1692988581375696068 88.604986 0.000000
1692988581378350185 88.628651 0.000000
1692988581413365418 88.495260 0.000000
1692988581499042664 88.664047 0.000000
1692988581650393155 88.836631 0.000000
1692988581652648875 88.517793 0.000000
1692988581945342639 88.726243 0.000000
1692988581946122691 88.772419 0.000000
1692988581948376327 88.643579 0.000000
1692988582081596810 88.842853 0.000000
1692988582081724930 88.889050 0.000000
1692988582082055720 88.668626 0.000000
1692988582082348760 88.531239 0.000000
1692988582170873526 88.522552 0.000000
1692988582275243937 88.858813 0.000000
1692988582275415469 88.483900 0.000000
1692988582275790862 88.687823 0.000000
1692988582278772724 89.083083 0.000000
1692988582349041205 88.780256 0.000000
1692988582632607504 88.714282 0.000000
1692988582634096596 88.714242 0.000000
1692988582635661060 88.667935 0.000000
1692988582636537814 88.520589 0.000000
1692988582639588926 88.762582 0.000000
1692988582793797215 88.651503 0.000000
1692988582905848510 88.698522 0.000000
1692988582993376838 88.566875 0.000000
1692988583237263287 88.778632 0.000000
1692988583238043590 88.984839 0.000000
1692988583238365804 88.562948 0.000000
1692988583240808024 88.474362 0.000000
1692988583240921267 88.433345 0.000000
1692988583242493024 88.494780 0.000000
1692988583288818876 88.732846 0.000000
1692988583289286053 89.108190 0.000000
1692988583463580048 88.599526 0.000000
1692988583687653352 88.546026 0.000000
1692988583818940319 89.044451 0.000000
1692988583822035332 88.908676 0.000000
1692988583864513069 88.689054 0.000000
1692988583866624408 88.630113 0.000000
1692988583867769455 88.632698 0.000000
1692988583867819680 88.592012 0.000000
1692988584041455991 88.486994 0.000000
1692988584189470226 88.823307 0.000000
1692988584222266607 88.933212 0.000000
1692988584268276487 88.861959 0.000000
1692988584268306033 88.875585 0.000000
1692988584498548685 88.589537 0.000000
1692988584499014599 88.621728 0.000000
1692988584500211433 88.579248 0.000000
1692988584557318333 88.886925 0.000000
1692988584576829622 88.456669 0.000000
1692988584587105883 88.554863 0.000000
1692988584677903191 88.576854 0.000000
1692988584768082760 88.772991 0.000000
1692988584826807684 88.597452 0.000000
1692988584828596518 88.536107 0.000000
1692988584853632858 88.888749 0.000000
1692988584978804947 89.001130 0.000000
1692988585002796658 88.544664 0.000000
1692988585212667739 88.382489 0.000000
1692988585213913956 88.790003 0.000000
1692988585268657715 88.891675 0.000000
1692988585345708734 88.794901 0.000000
1692988585540993424 88.564982 0.000000
1692988585541138506 88.620085 0.000000
1692988585541189762 88.601229 0.000000
1692988585542293712 88.500681 0.000000
1692988585574121547 89.097811 0.000000
1692988585808706743 88.604676 0.000000
1692988585840424672 88.599737 0.000000
1692988585842891778 88.881024 0.000000
1692988585845959150 88.552519 0.000000
1692988585928874357 88.447462 0.000000
1692988586107317243 88.547539 0.000000
1692988586169395505 88.652536 0.000000
1692988586169948993 88.562156 0.000000
1692988586173230467 88.605418 0.000000
1692988586173954885 88.833184 0.000000
1692988586174457398 88.533843 0.000000
1692988586278329965 88.686670 0.000000
1692988586286946043 88.699234 0.000000
1692988586440518089 88.822776 0.000000
1692988586469626044 88.443795 0.000000
1692988586525792390 89.314609 0.000000
1692988586593324730 88.491343 0.000000
1692988586642138138 88.545956 0.000000
1692988586791898366 88.770437 0.000000
1692988586794543486 88.438153 0.000000
1692988586795095591 88.670188 0.000000
1692988586797215026 88.528243 0.000000
1692988586861257191 88.572947 0.000000
1692988586883763727 88.666192 0.000000
1692988587063615153 88.706326 0.000000
1692988587086072276 88.744027 0.000000
1692988587087825814 88.770998 0.000000
1692988587088668815 88.694865 0.000000
1692988587126933561 88.591541 0.000000
1692988587218183858 88.803960 0.000000
1692988587306793374 88.607091 0.000000
1692988587377422792 88.769276 0.000000
1692988587395035680 88.553761 0.000000
1692988587395924587 88.536569 0.000000
1692988587396644167 88.651695 0.000000
1692988587532313240 88.576583 0.000000
1692988587532362512 88.601620 0.000000
1692988587714233818 89.084836 0.000000
1692988587717429932 88.417345 0.000000
1692988587802675478 88.743547 0.000000
1692988587803539849 88.916180 0.000000
1692988587909270341 88.489881 0.000000
1692988587998267763 88.681279 0.000000
1692988588213392596 88.539575 0.000000
1692988588214238663 88.663727 0.000000
1692988588335918894 88.714783 0.000000
1692988588375663936 88.783732 0.000000
1692988588376378236 88.664459 0.000000
1692988588378423090 88.502915 0.000000
1692988588380089575 88.473870 0.000000
1692988588465570032 88.657385 0.000000
1692988588465635786 88.484781 0.000000
1692988588466792755 88.637056 0.000000
1692988588668991138 88.858451 0.000000
1692988588669034199 88.791566 0.000000
1692988588671049498 88.395443 0.000000
1692988588671447444 88.426852 0.000000
1692988588730856000 88.813588 0.000000
1692988589010425934 88.503286 0.000000
1692988589011338606 88.577035 0.000000
1692988589015303160 88.379203 0.000000
1692988589103943001 88.638528 0.000000
1692988589312063941 88.632509 0.000000
1692988589312469251 88.401455 0.000000
1692988589314119395 89.060230 0.000000
1692988589381976755 88.630184 0.000000
1692988589459958921 88.510399 0.000000
1692988589559172982 88.572665 0.000000
1692988589606560777 88.661032 0.000000
1692988589606742267 88.501884 0.000000
1692988589810045140 88.491915 0.000000
1692988589991676314 88.502424 0.000000
1692988589993235538 88.680057 0.000000
1692988589993547663 88.417615 0.000000
1692988589993574664 89.026016 0.000000
1692988589994178406 88.346812 0.000000
1692988589994788660 88.423916 0.000000
1692988590082087708 88.538302 0.000000
1692988590101599147 88.557117 0.000000
1692988590320521812 88.610427 0.000000
1692988590321157063 88.479661 0.000000
1692988590322000555 88.858843 0.000000
1692988590322642619 88.423106 0.000000
1692988590368122295 88.802558 0.000000
1692988590590974699 88.494580 0.000000
1692988590676528033 88.860165 0.000000
1692988590677304489 88.733227 0.000000
1692988590677497591 88.527421 0.000000
1692988590677542755 88.398619 0.000000
1692988590678005162 88.487727 0.000000
1692988590679125934 89.314086 0.000000
1692988590680452241 88.619644 0.000000
1692988590680545296 88.413387 0.000000
1692988590681466774 88.518384 0.000000
1692988590681502982 88.545585 0.000000
1692988590681819946 88.420541 0.000000
1692988590765994034 88.687982 0.000000
1692988590942783489 88.736684 0.000000
1692988591046369879 88.724500 0.000000
1692988591047054824 88.599046 0.000000
1692988591047348605 88.803349 0.000000
1692988591047444815 88.776508 0.000000
1692988591047479049 88.667714 0.000000
1692988591134988431 88.617279 0.000000
1692988591340641463 88.475464 0.000000
1692988591340734146 88.462219 0.000000
1692988591357574837 88.607211 0.000000
1692988591397200695 88.645372 0.000000
1692988591429268410 88.532911 0.000000
1692988591603518703 88.791657 0.000000
1692988591654480068 88.981952 0.000000
1692988591654938468 88.617930 0.000000
1692988591696672390 88.812867 0.000000
1692988591698359283 88.696749 0.000000
1692988591698550422 88.790435 0.000000
1692988591699274419 88.482306 0.000000
1692988591699765731 88.582555 0.000000
1692988591783232272 88.700136 0.000000
1692988591783617374 88.523394 0.000000
1692988591784003168 89.042368 0.000000
1692988591785320648 88.646315 0.000000
1692988591991674222 88.460346 0.000000
1692988591992735052 88.624723 0.000000
1692988591995259916 88.615737 0.000000
1692988592017930941 88.675309 0.000000
1692988592060311074 88.793069 0.000000
1692988592083693151 88.430590 0.000000
1692988592261572901 88.992023 0.000000
1692988592367873291 88.762672 0.000000
1692988592369719222 88.500169 0.000000
1692988592370678611 88.796676 0.000000
1692988592706128575 88.786187 0.000000
1692988592706720475 88.708030 0.000000
1692988592707058559 88.458152 0.000000
1692988592708057452 88.607703 0.000000
1692988592710536902 88.670139 0.000000
1692988592888860673 88.760888 0.000000
1692988592972445405 89.032728 0.000000
1692988592977765742 88.705335 0.000000
1692988592998897389 88.652557 0.000000
1692988592999542289 88.563199 0.000000
1692988593000583271 88.605708 0.000000
1692988593000931003 88.747614 0.000000
1692988593000947534 88.740030 0.000000
1692988593001164992 88.465596 0.000000
1692988593001298021 88.419609 0.000000
1692988593002211805 88.369025 0.000000
1692988593152064917 88.856548 0.000000
1692988593265134501 88.558499 0.000000
1692988593421074899 88.617781 0.000000
1692988593421406691 88.673175 0.000000
1692988593422997224 88.612261 0.000000
1692988593434334674 88.518905 0.000000
1692988593715145656 88.973618 0.000000
1692988593716437389 88.761460 0.000000
1692988593716465481 88.957838 0.000000
1692988593719210870 88.532751 0.000000
1692988593864744371 88.784062 0.000000
1692988593932409330 88.478538 0.000000
1692988594007631230 88.793240 0.000000
1692988594072922487 88.601189 0.000000
1692988594247063425 88.787850 0.000000
1692988594247685742 88.477027 0.000000
1692988594274085578 88.614665 0.000000
1692988594289666216 88.786797 0.000000
1692988594350077853 88.376217 0.000000
1692988594378312209 88.643399 0.000000
1692988594434507330 88.952689 0.000000
1692988594493253073 88.829087 0.000000
1692988594564185389 88.613473 0.000000
1692988594652575562 88.388951 0.000000
1692988594661227236 88.587012 0.000000
1692988594665114697 88.573899 0.000000
1692988594665235703 88.569731 0.000000
1692988594665356109 88.652335 0.000000
1692988594754198390 88.960914 0.000000
1692988594759045861 88.588866 0.000000
1692988594879481187 88.439626 0.000000
1692988594955270531 88.540906 0.000000
1692988594978871078 88.683463 0.000000
1692988594980805686 88.596300 0.000000
1692988595048923384 88.607011 0.000000
1692988595048936078 88.697350 0.000000
1692988595072280635 88.475003 0.000000
1692988595089375392 88.609576 0.000000
1692988595293523160 88.501071 0.000000
1692988595294537422 88.666672 0.000000
1692988595294648090 88.760849 0.000000
1692988595295988984 88.385895 0.000000
1692988595375036688 88.674257 0.000000
1692988595594330711 88.765288 0.000000
1692988595594516329 89.035835 0.000000
1692988595650448947 88.443134 0.000000
1692988595651097132 88.398660 0.000000
1692988595654398393 88.455076 0.000000
1692988595654445301 88.368774 0.000000
1692988595655070673 88.336883 0.000000
1692988595682805032 88.472207 0.000000
1692988595738107959 88.873350 0.000000
1692988596005034885 88.576534 0.000000
1692988596009877596 88.969771 0.000000
1692988596084184059 88.916040 0.000000
1692988596307743781 88.734240 0.000000
1692988596308537549 88.523484 0.000000
1692988596310130456 88.462399 0.000000
1692988596481451876 88.792127 0.000000
1692988596665115831 88.999326 0.000000
1692988596666680736 88.424528 0.000000
1692988596962523585 88.618872 0.000000
1692988596964310386 88.725302 0.000000
1692988597013335560 88.703712 0.000000
1692988597105962829 88.561435 0.000000
1692988597108694282 88.442011 0.000000
1692988597144809978 88.452591 0.000000
1692988597180399366 88.652355 0.000000
1692988597197239706 88.544012 0.000000
1692988597282798500 88.594156 0.000000
1692988597286220648 88.517753 0.000000
1692988597287675746 88.544843 0.000000
1692988597288279829 88.522221 0.000000
1692988597288599679 88.458943 0.000000
1692988597290946429 88.591371 0.000000
1692988597377157908 88.877098 0.000000
1692988597467931941 88.492235 0.000000
1692988597591041082 88.608544 0.000000
1692988597651408306 88.980711 0.000000
1692988597653422052 88.653226 0.000000
1692988597768364889 88.688283 0.000000
1692988597872551775 88.677042 0.000000
1692988597924870146 88.800494 0.000000
1692988597924915782 88.842403 0.000000
1692988597945729502 88.965873 0.000000
1692988598013456908 88.539022 0.000000
1692988598300219059 88.542409 0.000000
1692988598366247388 88.730831 0.000000
1692988598375665490 88.714862 0.000000
1692988598375703842 88.633069 0.000000
1692988598404829400 88.668496 0.000000
1692988598464181179 88.475754 0.000000
1692988598662592960 88.508294 0.000000
1692988598671662508 88.601781 0.000000
1692988598716387659 88.467498 0.000000
1692988598838695608 88.621288 0.000000
1692988598990807175 88.501763 0.000000
1692988598994732576 88.645052 0.000000
1692988598995466192 88.889811 0.000000
1692988599026295414 88.709983 0.000000
1692988599071097158 88.892987 0.000000
1692988599108128943 88.909959 0.000000
1692988599159664545 88.563780 0.000000
1692988599168596845 88.653998 0.000000
1692988599318147190 88.645964 0.000000
1692988599319468929 88.528173 0.000000
1692988599320096686 88.629413 0.000000
1692988599320795206 88.668426 0.000000
1692988599365312036 88.516911 0.000000
1692988599648701102 88.550544 0.000000
1692988599648876921 88.702599 0.000000
1692988599787620330 88.746191 0.000000
1692988599911251470 88.433115 0.000000
1692988599972858829 88.494750 0.000000
1692988599973579781 88.537800 0.000000
1692988599976055193 88.635283 0.000000
1692988599976569497 88.356290 0.000000
1692988600054070762 88.724741 0.000000
1692988600054098314 88.717237 0.000000
1692988600054634850 88.456398 0.000000
1692988600268896655 88.448474 0.000000
1692988600270715485 88.802197 0.000000
1692988600271702917 88.611399 0.000000
1692988600340244369 88.730622 0.000000
1692988600420466666 88.495511 0.000000
1692988600533452724 88.776218 0.000000
1692988600587046244 88.961225 0.000000
1692988600644879396 88.478750 0.000000
1692988600645800013 88.626758 0.000000
1692988600647600589 88.852120 0.000000
1692988600647624204 88.975231 0.000000
1692988600648488915 88.469362 0.000000
1692988600686292836 88.668945 0.000000
1692988600686341878 88.826481 0.000000
1692988600713926166 88.604325 0.000000
1692988600736314329 88.712297 0.000000
1692988600954189660 88.566675 0.000000
1692988600955011321 89.024393 0.000000
1692988600956211371 88.456598 0.000000
1692988601008147945 88.891854 0.000000
1692988601088530362 88.562106 0.000000
1692988601177025292 88.490812 0.000000
1692988601276523295 88.529205 0.000000
1692988601279864722 88.631156 0.000000
1692988601452371064 88.595788 0.000000
1692988601531069995 88.925007 0.000000
1692988601641896341 88.446138 0.000000
1692988601643280036 88.611208 0.000000
1692988601644179192 88.457369 0.000000
1692988601645284775 88.690186 0.000000
1692988601942199834 88.618161 0.000000
1692988601942592260 88.679135 0.000000
1692988601943862803 88.656223 0.000000
1692988601945095444 88.456138 0.000000
1692988601947631791 88.685558 0.000000
1692988601947646559 88.686129 0.000000
1692988602030731164 88.528274 0.000000
1692988602062231855 88.789302 0.000000
1692988602062261721 88.948149 0.000000
1692988602233829354 88.758445 0.000000
1692988602234496515 88.642798 0.000000
1692988602235242003 88.436030 0.000000
1692988602414025006 88.458221 0.000000
1692988602532025246 88.941909 0.000000
1692988602600324875 88.740922 0.000000
1692988602688736699 88.409449 0.000000
1692988602836917886 88.543010 0.000000
1692988602838166928 88.636876 0.000000
1692988602839730861 88.524365 0.000000
1692988602840924048 88.526599 0.000000
1692988602983424592 88.719631 0.000000
1692988603036249311 88.805783 0.000000
1692988603205348355 88.448043 0.000000
1692988603206333071 88.450617 0.000000
1692988603207343035 88.706186 0.000000
1692988603209186452 88.491314 0.000000
1692988603209201300 88.985971 0.000000
1692988603508747434 88.583245 0.000000
1692988603510924237 88.497997 0.000000
1692988603511394178 88.605347 0.000000
1692988603512191914 88.521430 0.000000
1692988603560444088 88.521520 0.000000
1692988603561119064 89.149918 0.000000
1692988603641863811 88.942570 0.000000
1692988603826836822 88.436580 0.000000
1692988603827753411 88.669477 0.000000
1692988603828122603 88.713169 0.000000
1692988603828830801 88.494499 0.000000
1692988603830354529 88.524446 0.000000
1692988603830372633 88.764776 0.000000
1692988603830419981 88.362772 0.000000
1692988603866165373 88.710826 0.000000
1692988603866213323 88.743767 0.000000
1692988603917363633 88.531791 0.000000
1692988604098095751 88.635023 0.000000
1692988604131933676 88.763153 0.000000
1692988604132647825 88.666983 0.000000
1692988604133358899 88.735862 0.000000
1692988604133863986 88.426972 0.000000
1692988604446629811 88.741223 0.000000
1692988604448731502 89.218758 0.000000
1692988604497634216 88.784843 0.000000
1692988604497658432 88.853192 0.000000
1692988604625713968 88.739419 0.000000
1692988604628120761 88.552097 0.000000
1692988604713217339 88.512494 0.000000
1692988604715809891 89.009295 0.000000
1692988604795556716 88.976895 0.000000
1692988604796022450 88.540917 0.000000
1692988604798123510 88.799942 0.000000
1692988604798656900 88.778151 0.000000
1692988604798967282 88.353695 0.000000
1692988605015883083 88.593185 0.000000
1692988605069794542 88.597754 0.000000
1692988605105392957 88.832173 0.000000
1692988605105726222 89.130823 0.000000
1692988605417999162 88.827143 0.000000
1692988605418966025 88.308019 0.000000
1692988605419312324 88.669347 0.000000
1692988605419596818 88.408117 0.000000
1692988605459664304 88.711796 0.000000
1692988605682469731 88.571163 0.000000
1692988605778777242 88.678234 0.000000
1692988605778928515 88.609065 0.000000
1692988605948307043 88.859775 0.000000
1692988606213444702 88.448313 0.000000
1692988606393669468 88.604185 0.000000
1692988606394679743 88.601039 0.000000
1692988606397818849 89.591456 0.000000
1692988606397835901 89.579984 0.000000
1692988606479625878 88.831811 0.000000
1692988606697795160 88.771859 0.000000
1692988606745540524 89.054899 0.000000
1692988606915233933 88.497125 0.000000
1692988606915258669 88.702770 0.000000
1692988606989630014 88.490963 0.000000
1692988607013082373 88.568208 0.000000
1692988607014269198 88.579859 0.000000
1692988607081219968 88.506432 0.000000
1692988607101789461 88.704934 0.000000
1692988607103012394 88.741953 0.000000
1692988607381502363 88.435909 0.000000
1692988607382003242 88.489129 0.000000
1692988607736312141 88.509037 0.000000
1692988607739676009 88.862880 0.000000
1692988607827229864 88.687612 0.000000
1692988608005499325 88.614144 0.000000
1692988608034253836 88.550764 0.000000
1692988608034413546 88.459814 0.000000
1692988608035926794 88.511952 0.000000
1692988608036954852 88.481024 0.000000
1692988608208081246 88.419219 0.000000
1692988608349923125 88.440308 0.000000
1692988608351090845 88.780296 0.000000
1692988608351712521 88.780647 0.000000
1692988608354134172 88.559782 0.000000
1692988608495997260 89.267309 0.000000
1692988608584550480 88.548230 0.000000
1692988608656099342 88.588386 0.000000
1692988608656164624 88.451239 0.000000
1692988609015998924 88.591191 0.000000
1692988609016024562 88.509567 0.000000
1692988609017224362 88.523854 0.000000
1692988609066717674 88.585009 0.000000
1692988609305465907 88.566815 0.000000
1692988609305920960 88.601730 0.000000
1692988609308745877 88.725904 0.000000
1692988609308757339 88.836240 0.000000
1692988609309514238 88.781929 0.000000
1692988609378944227 88.616388 0.000000
1692988609412916453 88.709121 0.000000
1692988609597721860 88.472919 0.000000
1692988609598376427 88.591691 0.000000
1692988609598899438 89.039061 0.000000
1692988609778012369 88.382519 0.000000
1692988609862042096 88.553550 0.000000
1692988609908440265 88.510189 0.000000
1692988609944425886 88.512523 0.000000
1692988609969650239 104.829111 0.000000
1692988610058394426 88.705655 0.000000
1692988610058651548 88.938772 0.000000
1692988610175029256 88.554773 0.000000
1692988610256714847 88.468622 0.000000
1692988610257615536 88.312369 0.000000
1692988610257898426 88.657115 0.000000
1692988610258194652 88.817756 0.000000
1692988610258888282 88.546166 0.000000
1692988610259066286 88.396165 0.000000
1692988610260719536 88.421613 0.000000
1692988610261168248 88.545866 0.000000
1692988610547510020 88.513875 0.000000
1692988610549135478 88.990649 0.000000
1692988610549760551 88.426332 0.000000
1692988610550085209 88.576784 0.000000
1692988610550182732 88.549442 0.000000
1692988610622465851 88.429047 0.000000
1692988610622802262 88.486334 0.000000
1692988610637956410 88.819298 0.000000
1692988610638308330 88.544994 0.000000
1692988610709818810 88.507204 0.000000
1692988610710374792 88.442713 0.000000
1692988610911326839 88.636196 0.000000
1692988610911985905 88.637769 0.000000
1692988610912352332 88.799662 0.000000
1692988610914032953 88.429638 0.000000
1692988610914516259 88.457611 0.000000
1692988610914754727 88.559151 0.000000
1692988610914911781 88.528243 0.000000
1692988610915718644 88.567617 0.000000
1692988611247570048 88.466417 0.000000
1692988611508285816 88.755108 0.000000
1692988611535505200 88.589828 0.000000
1692988611537547359 88.608343 0.000000
1692988611539262616 88.487767 0.000000
1692988611540204101 88.493076 0.000000
1692988611626258204 88.709282 0.000000
1692988611914202711 88.628721 0.000000
1692988611914618320 88.743616 0.000000
1692988611914657143 88.639561 0.000000
1692988611915182538 88.485372 0.000000
1692988611916560663 88.801004 0.000000
1692988611919647812 88.844726 0.000000
1692988611920259920 88.656283 0.000000
1692988611920847061 88.929876 0.000000
1692988611980219789 88.572925 0.000000
1692988611982801541 88.549161 0.000000
1692988612009619071 88.770206 0.000000
1692988612207647864 88.710264 0.000000
1692988612208363346 88.709713 0.000000
1692988612208823679 88.707990 0.000000
1692988612210011026 88.557198 0.000000
1692988612246153581 88.873941 0.000000
1692988612246198716 89.004004 0.000000
1692988612249513923 88.791246 0.000000
1692988612275198969 88.820911 0.000000
1692988612275328242 88.793610 0.000000
1692988612338103391 88.587213 0.000000
1692988612545278055 89.087301 0.000000
1692988612545350551 88.897004 0.000000
1692988612572145338 88.878018 0.000000
1692988612600480133 88.446349 0.000000
1692988612600570292 88.575161 0.000000
1692988612842239302 88.599957 0.000000
1692988612842446240 88.776207 0.000000
1692988612844379065 88.530297 0.000000
1692988612846277816 88.556997 0.000000
1692988612899703482 88.755750 0.000000
1692988612926595350 88.801535 0.000000
1692988612926794654 88.964550 0.000000
1692988612927052478 88.389843 0.000000
1692988612931162135 88.712519 0.000000
1692988612985413429 88.579107 0.000000
1692988612986537808 88.636405 0.000000
1692988613139896244 88.803620 0.000000
1692988613141215528 88.341723 0.000000
1692988613192858021 88.808798 0.000000
1692988613192975481 88.867518 0.000000
1692988613230042050 88.824858 0.000000
1692988613287695665 88.645382 0.000000
1692988613433247311 88.865225 0.000000
1692988613433276696 88.869192 0.000000
1692988613433691404 89.273060 0.000000
1692988613459055237 88.525177 0.000000
1692988613460775683 88.648387 0.000000
1692988613583734211 88.792197 0.000000
1692988613852302273 88.545514 0.000000
1692988613854007601 88.442060 0.000000
1692988613854029803 88.432834 0.000000
1692988613854417911 88.417084 0.000000
1692988613877808795 88.438695 0.000000
1692988613877922548 88.563409 0.000000
1692988613937745040 88.696237 0.000000
1692988614123658314 88.610376 0.000000
1692988614125136536 88.606670 0.000000
1692988614125826070 88.494119 0.000000
1692988614126230668 88.581142 0.000000
1692988614126325396 88.643188 0.000000
1692988614144784712 88.696959 0.000000
1692988614208616863 88.985109 0.000000
1692988614297250353 88.630945 0.000000
1692988614411563268 88.901873 0.000000
1692988614414416138 88.627739 0.000000
1692988614415321496 88.653748 0.000000
1692988614415720184 89.064128 0.000000
1692988614503951199 88.627188 0.000000
1692988614559951994 88.455015 0.000000
1692988614676297821 88.782690 0.000000
1692988614710832132 88.847542 0.000000
1692988614713419133 88.685718 0.000000
1692988614714126479 88.837652 0.000000
1692988614825917024 88.708360 0.000000
1692988614890060018 88.772029 0.000000
1692988615047575699 88.674557 0.000000
1692988615048393202 88.661994 0.000000
1692988615048403732 88.625404 0.000000
1692988615096420536 88.500341 0.000000
1692988615137355950 88.950825 0.000000
1692988615370627573 88.964531 0.000000
1692988615704955481 88.653577 0.000000
1692988615704965580 88.835568 0.000000
1692988615707682124 88.503967 0.000000
1692988615999692538 88.678264 0.000000
1692988616002890905 88.543271 0.000000
1692988616003465673 88.401424 0.000000
1692988616074093018 88.690908 0.000000
1692988616101128886 88.811924 0.000000
1692988616150362391 88.733126 0.000000
1692988616328227543 88.609335 0.000000
1692988616418961341 88.658667 0.000000
1692988616445790262 88.712007 0.000000
1692988616634133994 88.594878 0.000000
1692988616635120874 88.656193 0.000000
1692988616636840649 88.823507 0.000000
1692988616681728496 88.602893 0.000000
1692988616952331985 89.101227 0.000000
1692988616952579088 88.575791 0.000000
1692988616952920909 88.643248 0.000000
1692988616954913736 88.439326 0.000000
1692988617035620111 88.588596 0.000000
1692988617078125649 88.871285 0.000000
1692988617342311645 88.913245 0.000000
1692988617484337589 88.805202 0.000000
1692988617616086842 88.462169 0.000000
1692988617885153138 88.708770 0.000000
1692988617888093171 88.690287 0.000000
1692988617888637813 88.696658 0.000000
1692988617889256363 88.388961 0.000000
1692988617965211358 88.718980 0.000000
1692988617966145991 88.599136 0.000000
1692988618017228192 88.800413 0.000000
1692988618185681083 88.825450 0.000000
1692988618188341412 88.613883 0.000000
1692988618188874221 88.403279 0.000000
1692988618284056031 88.621858 0.000000
1692988618321482705 88.793489 0.000000
1692988618549125372 88.492425 0.000000
1692988618628994246 88.456457 0.000000
1692988618847734479 88.658297 0.000000
1692988618848721550 88.771539 0.000000
1692988618848728663 88.583997 0.000000
1692988618904270438 88.517723 0.000000
1692988618904404720 88.648258 0.000000
1692988619005826180 88.665559 0.000000
1692988619260641643 88.683674 0.000000
1692988619555676908 88.547539 0.000000
1692988619564015665 88.579018 0.000000
1692988619564061872 88.348725 0.000000
1692988619573957619 88.605337 0.000000
1692988619854077224 88.734730 0.000000
1692988619893015953 88.927390 0.000000
1692988619893692832 88.869702 0.000000
1692988619894170788 88.789182 0.000000
1692988619895314744 88.737124 0.000000
1692988619896951243 88.935115 0.000000
1692988619970606936 88.735552 0.000000
1692988620188480053 88.605819 0.000000
1692988620189509914 88.424568 0.000000
1692988620190291740 88.465926 0.000000
1692988620279392306 88.550114 0.000000
1692988620280679760 88.583005 0.000000
1692988620280946971 88.819318 0.000000
1692988620482476770 88.624974 0.000000
1692988620484083803 88.502544 0.000000
1692988620551354984 88.831481 0.000000
1692988620591721311 88.627098 0.000000
1692988620639882546 88.523835 0.000000
1692988620680417438 88.691919 0.000000
1692988620746593976 88.726354 0.000000
1692988620862875373 88.724231 0.000000
1692988620863157672 88.609695 0.000000
1692988620864306767 88.598174 0.000000
1692988620885602993 88.879862 0.000000
1692988620923843443 88.680919 0.000000
1692988621124430434 88.561926 0.000000
1692988621130937426 88.674647 0.000000
1692988621181564494 88.450938 0.000000
1692988621183362456 88.907143 0.000000
1692988621184460926 88.669447 0.000000
1692988621184803579 88.578387 0.000000
1692988621273494356 88.687942 0.000000
1692988621361988675 88.490472 0.000000
1692988621489793320 88.849906 0.000000
1692988621491406155 89.282046 0.000000
1692988621493942541 88.486524 0.000000
1692988621578282259 88.485312 0.000000
1692988621835551985 88.721936 0.000000
1692988621845584067 88.748145 0.000000
1692988621924107318 88.551005 0.000000
1692988622099277847 88.832604 0.000000
1692988622187077062 88.610868 0.000000
1692988622200689479 88.624683 0.000000
1692988622278436494 88.731293 0.000000
1692988622289774355 88.706426 0.000000
1692988622427377025 88.974680 0.000000
1692988622431613218 88.699924 0.000000
1692988622467389127 88.535846 0.000000
1692988622518440782 88.497104 0.000000
1692988622548855577 88.751541 0.000000
1692988622554875987 88.520788 0.000000
1692988622555013545 88.504678 0.000000
1692988622555105918 88.622609 0.000000
1692988622735201252 88.706096 0.000000
1692988622736663754 88.798228 0.000000
1692988622737563462 88.632929 0.000000
1692988622738170931 88.383702 0.000000
1692988622738524213 88.582354 0.000000
1692988623007016294 88.571524 0.000000
1692988623009564903 88.671832 0.000000
1692988623100306756 88.497013 0.000000
1692988623265514422 88.968087 0.000000
1692988623272686842 88.652816 0.000000
1692988623276053816 88.664459 0.000000
1692988623301091598 88.495040 0.000000
1692988623302941227 88.476916 0.000000
1692988623368773438 88.559171 0.000000
1692988623368940121 88.745009 0.000000
1692988623592160435 88.743707 0.000000
1692988623677033573 89.070870 0.000000
1692988623717610435 88.436320 0.000000
1692988624015262326 88.846710 0.000000
1692988624015290399 88.435628 0.000000
1692988624015719043 88.602301 0.000000
1692988624020053582 88.917012 0.000000
1692988624020225554 89.132726 0.000000
1692988624020291318 89.090868 0.000000
1692988624528657921 88.716696 0.000000
1692988624641710233 88.456618 0.000000
1692988624642514532 88.641486 0.000000
1692988624648404096 88.560664 0.000000
1692988624731045279 88.527301 0.000000
1692988624855362966 88.704664 0.000000
1692988624856232526 88.643750 0.000000
1692988624944779694 88.544482 0.000000
1692988625023178321 88.616729 0.000000
1692988625024323960 88.636445 0.000000
1692988625122434922 88.757071 0.000000
1692988625315924122 89.231672 0.000000
1692988625315969708 88.932751 0.000000
1692988625316452022 89.430855 0.000000
1692988625611398901 88.333938 0.000000
1692988625612114824 88.468451 0.000000
1692988625612145742 88.349317 0.000000
1692988625612763039 88.800883 0.000000
1692988625612847738 88.751641 0.000000
1692988625614042188 88.560413 0.000000
1692988625702877606 88.832953 0.000000
1692988625877604313 88.500401 0.000000
1692988626144188113 89.001169 0.000000
1692988626257919549 88.704724 0.000000
1692988626278110171 88.871526 0.000000
1692988626312087757 89.065049 0.000000
1692988626319974437 88.734179 0.000000
1692988626319981180 88.655782 0.000000
1692988626409034146 88.643198 0.000000
1692988626409619413 88.562957 0.000000
1692988626476726917 88.984548 0.000000
1692988626586299763 88.478178 0.000000
1692988626754585813 88.832835 0.000000
1692988626754598256 88.882157 0.000000
1692988626853032192 88.713499 0.000000
1692988626853083930 88.693601 0.000000
1692988626856889606 88.766157 0.000000
1692988626945388784 88.495972 0.000000
1692988627024513864 88.493508 0.000000
1692988627030502945 88.470335 0.000000
1692988627118990180 88.780315 0.000000
1692988627119111548 88.606870 0.000000
1692988627123229239 88.844897 0.000000
1692988627125309991 88.622509 0.000000
1692988627237626703 88.673976 0.000000
1692988627303201513 88.556366 0.000000
1692988627429609409 88.853472 0.000000
1692988627430468450 88.627208 0.000000
1692988627430484430 88.612180 0.000000
1692988627519262241 88.776449 0.000000
1692988627553865901 88.436220 0.000000
1692988627567774994 88.645121 0.000000
1692988627568496267 88.646314 0.000000
1692988627730453376 88.493777 0.000000
1692988627730479976 88.679346 0.000000
1692988627731027994 88.587884 0.000000
1692988627731056607 88.639131 0.000000
1692988627731744397 88.435709 0.000000
1692988627746747903 88.636846 0.000000
1692988627787147452 88.725903 0.000000
1692988627787195302 88.437152 0.000000
1692988627837208139 88.698502 0.000000
1692988627837656470 89.107409 0.000000
1692988627838181133 88.582344 0.000000
1692988627838207823 88.373913 0.000000
1692988627948888908 88.736713 0.000000
1692988628055468040 88.765968 0.000000
1692988628103072751 88.575581 0.000000
1692988628105004744 88.413788 0.000000
1692988628106388158 88.573006 0.000000
1692988628107626139 88.541777 0.000000
1692988628191926764 88.545705 0.000000
1692988628196260371 88.629042 0.000000
1692988628264045585 88.393439 0.000000
1692988628264759494 88.583606 0.000000
1692988628406754561 88.624113 0.000000
1692988628408894213 88.741332 0.000000
1692988628457983097 88.798730 0.000000
1692988628461160295 88.614023 0.000000
1692988628634675318 88.615466 0.000000
1692988628724110091 88.460026 0.000000
1692988628728945870 88.423086 0.000000
1692988628729314641 88.643538 0.000000
1692988628729802205 88.502403 0.000000
1692988628729951626 88.446359 0.000000
1692988628730875909 88.385124 0.000000
1692988628732562001 88.707379 0.000000
1692988628764003141 88.465415 0.000000
1692988628813307639 88.792959 0.000000
1692988628852766354 88.760588 0.000000
1692988629030109717 88.728688 0.000000
1692988629030244890 88.548811 0.000000
1692988629030684795 88.849395 0.000000
1692988629031486068 88.679296 0.000000
1692988629032505910 88.462238 0.000000
1692988629033583591 88.710684 0.000000
1692988629035531594 88.593284 0.000000
1692988629079905557 88.889941 0.000000
1692988629092828961 88.592523 0.000000
1692988629094102489 88.766820 0.000000
1692988629094144478 88.845397 0.000000
1692988629321296265 88.659990 0.000000
1692988629345711990 88.685547 0.000000
1692988629347609218 88.527872 0.000000
1692988629348791805 88.595719 0.000000
1692988629390371337 88.717868 0.000000
1692988629474683273 88.895551 0.000000
1692988629474989427 89.204611 0.000000
1692988629475456764 89.141563 0.000000
1692988629487750568 88.498917 0.000000
1692988629667023159 88.528894 0.000000
1692988629667882140 88.673555 0.000000
1692988629740631894 88.487165 0.000000
1692988629744474710 88.549873 0.000000
1692988629765280616 88.903466 0.000000
1692988629885462207 88.856689 0.000000
1692988629961015257 88.580791 0.000000
1692988629961399227 88.401023 0.000000
1692988629962052182 88.411884 0.000000
1692988629962761312 88.448453 0.000000
1692988629963079458 88.527701 0.000000
1692988629963137006 88.657835 0.000000
1692988630055579339 88.528513 0.000000
1692988630137640294 88.553500 0.000000
1692988630230273445 88.536458 0.000000
1692988630324581846 88.622118 0.000000
1692988630325521909 88.568137 0.000000
1692988630325536647 88.375987 0.000000
1692988630327171002 88.703762 0.000000
1692988630327876825 88.523244 0.000000
1692988630329003328 88.447261 0.000000
1692988630404192777 88.902555 0.000000
1692988630489891242 88.789271 0.000000
1692988630489930155 88.846889 0.000000
1692988630618298798 88.618342 0.000000
1692988630618658493 88.581963 0.000000
1692988630619096605 88.585731 0.000000
1692988630621430041 88.574590 0.000000
1692988630622758372 88.599827 0.000000
1692988630622986520 88.585671 0.000000
1692988630623279309 88.751963 0.000000
1692988630952488217 88.646083 0.000000
1692988631128105203 88.710735 0.000000
1692988631244981616 88.566755 0.000000
1692988631246140880 88.611609 0.000000
1692988631246879966 88.371479 0.000000
1692988631247192472 88.467278 0.000000
1692988631483467927 88.888067 0.000000
1692988631601986949 88.610577 0.000000
1692988631605728115 88.555113 0.000000
1692988631606988068 88.426452 0.000000
1692988631608102157 88.586742 0.000000
1692988631662080059 88.675249 0.000000
1692988631950116338 88.668766 0.000000
1692988631952280757 88.860685 0.000000
1692988631952293491 89.006739 0.000000
1692988631952477626 88.928093 0.000000
1692988631952590879 88.471316 0.000000
1692988631953561920 88.473911 0.000000
1692988631955387884 88.592894 0.000000
1692988631956388120 88.545966 0.000000
1692988631961163816 88.385065 0.000000
1692988632126925429 88.496323 0.000000
1692988632217608714 88.574800 0.000000
1692988632249716073 88.719632 0.000000
1692988632249845275 88.867378 0.000000
1692988632317026396 88.899159 0.000000
1692988632317153615 89.064829 0.000000
1692988632537652466 88.825751 0.000000
1692988632607528150 88.652876 0.000000
1692988632689424726 88.401334 0.000000
1692988632689454232 88.852160 0.000000
1692988632694182348 88.508936 0.000000
1692988632695513784 88.509337 0.000000
1692988632696363999 88.586652 0.000000
1692988632696544267 88.637237 0.000000
1692988632784747781 88.632729 0.000000
1692988632984106489 88.855446 0.000000
1692988632987150547 88.665259 0.000000
1692988632988475311 88.592142 0.000000
1692988633051313168 88.491574 0.000000
1692988633276321054 88.533162 0.000000
1692988633278680789 88.430940 0.000000
1692988633278705265 88.632969 0.000000
1692988633279064158 88.515609 0.000000
1692988633367211386 88.503827 0.000000
1692988633455782699 88.569650 0.000000
1692988633515110895 88.680278 0.000000
1692988633641013383 88.544172 0.000000
1692988633860133156 88.974449 0.000000
1692988633991573639 88.695906 0.000000
1692988633991814291 88.600628 0.000000
1692988633993672685 88.770977 0.000000
1692988634087223628 88.674728 0.000000
1692988634208165513 88.641184 0.000000
1692988634255909225 88.515398 0.000000
1692988634283060119 88.741041 0.000000
1692988634283128207 88.653407 0.000000
1692988634284378371 88.676270 0.000000
1692988634284850527 88.940456 0.000000
1692988634285443889 88.915408 0.000000
1692988634286861478 88.979689 0.000000
1692988634351083099 88.488578 0.000000
1692988634351113095 88.706206 0.000000
1692988634351252506 88.684274 0.000000
1692988634351362813 88.682681 0.000000
1692988634352656038 89.089504 0.000000
1692988634352687067 88.991882 0.000000
1692988634426723032 88.914496 0.000000
1692988634573412582 88.399601 0.000000
1692988634577370194 88.440929 0.000000
1692988634753683205 88.860987 0.000000
1692988634767200393 88.909076 0.000000
1692988634908616363 88.623050 0.000000
1692988634909338998 88.764776 0.000000
1692988634910333883 88.458531 0.000000
1692988634910762277 88.853943 0.000000
1692988634937269014 88.689185 0.000000
1692988634972205027 88.581301 0.000000
1692988635018924959 88.688363 0.000000
1692988635203274700 88.766610 0.000000
1692988635214127011 88.639811 0.000000
1692988635214149664 88.505810 0.000000
1692988635237994218 88.892556 0.000000
1692988635296193066 88.620927 0.000000
1692988635296221579 88.669649 0.000000
1692988635437938463 88.719131 0.000000
1692988635493205323 88.703952 0.000000
1692988635493236191 88.779454 0.000000
1692988635531708686 88.609134 0.000000
1692988635531712984 88.654189 0.000000
1692988635533758430 88.536358 0.000000
1692988635552173643 88.635534 0.000000
1692988635552871722 88.782009 0.000000
1692988635615896750 88.921681 0.000000
1692988636186739551 88.760698 0.000000
1692988636187946704 88.888348 0.000000
1692988636393703810 88.907944 0.000000
1692988636453159715 88.665110 0.000000
1692988636454939542 88.573687 0.000000
1692988636455815004 88.748305 0.000000
1692988636457635798 88.483309 0.000000
1692988636457651167 88.683924 0.000000
1692988636457654874 88.386346 0.000000
1692988636459473515 88.503586 0.000000
1692988636460121149 88.945465 0.000000
1692988636482264263 88.559301 0.000000
1692988636532587311 88.957117 0.000000
1692988636726292207 88.739169 0.000000
1692988636727783002 88.618803 0.000000
1692988636800067984 88.538622 0.000000
1692988636807366611 88.492054 0.000000
1692988637065894936 89.284070 0.000000
1692988637104286590 88.972485 0.000000
1692988637370498633 88.890211 0.000000
1692988637372500147 88.492496 0.000000
1692988637373175974 88.551947 0.000000
1692988637373840460 88.764846 0.000000
1692988637374653204 88.452370 0.000000
1692988637375574492 88.566104 0.000000
1692988637376296776 88.616778 0.000000
1692988637376428303 88.548801 0.000000
1692988637376454792 88.375156 0.000000
1692988637460029225 88.789732 0.000000
1692988637460044955 88.929495 0.000000
1692988637524805908 88.594066 0.000000
1692988637680650876 88.611248 0.000000
1692988637682015845 88.828295 0.000000
1692988637682033017 88.976503 0.000000
1692988637855745642 88.647116 0.000000
1692988637856234529 88.736083 0.000000
1692988637964203487 88.423686 0.000000
1692988637965985338 88.438864 0.000000
1692988637966359510 88.492455 0.000000
1692988638056085379 88.584308 0.000000
1692988638227675944 88.727035 0.000000
1692988638227708225 88.757363 0.000000
1692988638302568586 89.368448 0.000000
1692988638302850645 88.431581 0.000000
1692988638303010344 88.530898 0.000000
1692988638332608348 89.000438 0.000000
1692988638332639446 88.945955 0.000000
1692988638598195350 88.516741 0.000000
1692988638675336790 88.580081 0.000000
1692988638675368449 88.589528 0.000000
1692988638678575373 88.514166 0.000000
1692988638680559924 88.418096 0.000000
1692988638743407600 88.433626 0.000000
1692988638776270506 88.616679 0.000000
1692988638776346668 88.656734 0.000000
1692988638831316841 88.696338 0.000000
1692988639015075354 88.575821 0.000000
1692988639015104088 88.663105 0.000000
1692988639016473947 88.418637 0.000000
1692988639016942936 88.525186 0.000000
1692988639016970909 88.425771 0.000000
1692988639017299715 88.471246 0.000000
1692988639017455017 88.635805 0.000000
1692988639126199520 88.571343 0.000000
1692988639375470925 88.879692 0.000000
1692988639375507304 88.930337 0.000000
1692988639376028531 89.241369 0.000000
1692988639376109613 88.680588 0.000000
1692988639376652571 88.531658 0.000000
1692988639376681225 88.618091 0.000000
1692988639376694450 88.603554 0.000000
1692988639440052231 88.534064 0.000000
1692988639440647718 89.010547 0.000000
1692988639465702672 89.006559 0.000000
1692988639657491965 88.786026 0.000000
1692988639660138828 88.512273 0.000000
1692988639660627164 88.576623 0.000000
1692988639661054065 88.551997 0.000000
1692988639951504462 88.765808 0.000000
1692988639952517863 88.511992 0.000000
1692988639954727777 88.491133 0.000000
1692988640040197744 88.691398 0.000000
1692988640081785391 88.790263 0.000000
1692988640094493683 89.283529 0.000000
1692988640147874405 88.933733 0.000000
1692988640260802303 88.424097 0.000000
1692988640262470762 88.942209 0.000000
1692988640262486662 88.858212 0.000000
1692988640413684174 88.571254 0.000000
1692988640532094322 88.762922 0.000000
1692988640582433140 88.636966 0.000000
1692988640632240341 88.535966 0.000000
1692988640680120357 88.855335 0.000000
1692988640758493977 88.614885 0.000000
1692988640892697984 88.644410 0.000000
1692988640893582262 88.799040 0.000000
1692988640896771222 89.193820 0.000000
1692988640896933827 88.985269 0.000000
1692988640946522969 88.789302 0.000000
1692988640976594651 88.724610 0.000000
1692988640981997433 88.413047 0.000000
1692988641112618509 88.831170 0.000000
1692988641216031225 88.826132 0.000000
1692988641218095896 88.602281 0.000000
1692988641219142389 88.585992 0.000000
1692988641220077913 88.710625 0.000000
1692988641248337376 88.633310 0.000000
1692988641490942160 88.489991 0.000000
1692988641708133477 89.034081 0.000000
1692988641841803502 88.912964 0.000000
1692988641843523608 88.600288 0.000000
1692988641844775545 88.698632 0.000000
1692988641985092794 88.551406 0.000000
1692988642130116158 88.656834 0.000000
1692988642131091778 88.645122 0.000000
1692988642132804680 88.808257 0.000000
1692988642132864793 88.660521 0.000000
1692988642423981029 88.708751 0.000000
1692988642424376480 88.483910 0.000000
1692988642428563382 88.644991 0.000000
1692988642429405802 88.419980 0.000000
1692988642690989366 88.661673 0.000000
1692988642778965493 88.875494 0.000000
1692988642780143021 89.152663 0.000000
1692988642782058643 88.509758 0.000000
1692988642783854702 88.832083 0.000000
1692988642870575265 88.514107 0.000000
1692988642873436861 88.619103 0.000000
1692988642902991693 88.724641 0.000000
1692988643047520180 88.906572 0.000000
1692988643084542286 88.688543 0.000000
1692988643098442642 88.739208 0.000000
1692988643405515250 88.605127 0.000000
1692988643407238472 88.411253 0.000000
1692988643408244659 88.724962 0.000000
1692988643408273774 88.557137 0.000000
1692988643495831025 88.590490 0.000000
1692988643584331987 88.498777 0.000000
1692988643671968157 88.535236 0.000000
1692988643677223131 88.474382 0.000000
1692988643678525533 88.537129 0.000000
1692988643679121371 88.462490 0.000000
1692988643845098519 88.774555 0.000000
1692988643854685076 88.412376 0.000000
1692988643943819585 88.602712 0.000000
1692988643981600123 88.509818 0.000000
1692988643982461368 88.548390 0.000000
1692988643982809982 88.529074 0.000000
1692988644110469826 88.806835 0.000000
1692988644123380106 88.692220 0.000000
1692988644383572962 88.558960 0.000000
1692988644385592379 88.464533 0.000000
1692988644386829719 88.827323 0.000000
1692988644468728490 88.645212 0.000000
1692988644471482835 88.884040 0.000000
1692988644472222412 88.587734 0.000000
1692988644472962149 88.650632 0.000000
1692988644553666690 88.510018 0.000000
1692988644649179510 88.658827 0.000000
1692988644691926201 88.504187 0.000000
1692988644692076052 88.597262 0.000000
1692988644693094331 88.596661 0.000000
1692988644694282079 88.597032 0.000000
1692988644694696255 88.494940 0.000000
1692988644830135498 88.608613 0.000000
1692988644871644568 88.423165 0.000000
1692988644886899455 88.400692 0.000000
1692988644958227222 88.546396 0.000000
1692988644959076414 88.563368 0.000000
1692988644979177810 88.637327 0.000000
1692988644980915608 88.526990 0.000000
1692988645270747876 88.623952 0.000000
1692988645271899836 88.392427 0.000000
1692988645272464856 88.820971 0.000000
1692988645274573129 88.570982 0.000000
1692988645423990635 88.657024 0.000000
1692988645462542679 88.593264 0.000000
1692988645492671468 88.581482 0.000000
1692988645536324739 88.728498 0.000000
1692988645539367274 88.708841 0.000000
1692988645541278468 88.575391 0.000000
1692988645541908029 88.911641 0.000000
1692988645542304863 88.330792 0.000000
1692988645542885462 88.403048 0.000000
1692988645544379583 89.000709 0.000000
1692988645544393109 88.661482 0.000000
1692988645635985919 88.622660 0.000000
1692988645753792966 88.785795 0.000000
1692988645812606145 89.204701 0.000000
1692988645868867499 88.511752 0.000000
1692988645909256168 88.869202 0.000000
1692988645909664263 88.786827 0.000000
1692988645972163154 88.666071 0.000000
1692988645972211956 88.573057 0.000000
1692988645972990425 88.709433 0.000000
1692988646030867540 88.553450 0.000000
1692988646104474891 88.560904 0.000000
1692988646105413852 88.967145 0.000000
1692988646122138155 88.682903 0.000000
1692988646189895166 88.736794 0.000000
1692988646322796318 88.807115 0.000000
1692988646412924621 88.720814 0.000000
1692988646414243325 88.466768 0.000000
1692988646414398596 88.595199 0.000000
1692988646500949540 88.654730 0.000000
1692988646501008320 88.556195 0.000000
1692988646720614376 88.477869 0.000000
1692988646721576190 88.495732 0.000000
1692988646770476881 88.764686 0.000000
1692988646847304822 88.942900 0.000000
1692988647011208753 88.615185 0.000000
1692988647012921795 88.879300 0.000000
1692988647012965677 88.777250 0.000000
1692988647124147811 88.620536 0.000000
1692988647249282450 88.616908 0.000000
1692988647384435125 88.723769 0.000000
1692988647466931536 88.707218 0.000000
1692988647467244553 88.906331 0.000000
1692988647467468994 88.646234 0.000000
1692988647467931381 88.572545 0.000000
1692988647658057625 88.591351 0.000000
1692988647660158485 88.589137 0.000000
1692988647736217544 88.751631 0.000000
1692988647874666110 88.771509 0.000000
1692988647981269347 88.917573 0.000000
1692988647981886454 88.405933 0.000000
1692988647982782044 88.615216 0.000000
1692988647982846905 88.579699 0.000000
1692988648022538136 88.668154 0.000000
1692988648052370219 88.444014 0.000000
1692988648198368021 89.180626 0.000000
1692988648288078711 88.848593 0.000000
1692988648318829165 88.752093 0.000000
1692988648324416743 88.788621 0.000000
1692988648407514804 88.683615 0.000000
1692988648463951105 88.627638 0.000000
1692988648496324513 88.757101 0.000000
1692988648613324838 88.697109 0.000000
1692988648618040922 88.774935 0.000000
1692988648618156519 88.546106 0.000000
1692988648682638288 88.590359 0.000000
1692988648706545620 88.386506 0.000000
1692988648764098847 88.500821 0.000000
1692988649052899098 88.487746 0.000000
1692988649129206533 88.843113 0.000000
1692988649345392255 88.543150 0.000000
1692988649347530485 88.476806 0.000000
1692988649382497727 88.572345 0.000000
1692988649413367035 88.880824 0.000000
1692988649413375811 88.927832 0.000000
1692988649471965582 88.682161 0.000000
1692988649472530852 88.742264 0.000000
1692988649472546882 88.747704 0.000000
1692988649496135636 88.937240 0.000000
1692988649632011999 88.413918 0.000000
1692988649634569205 88.715945 0.000000
1692988649635219194 88.773984 0.000000
1692988649635717137 88.892215 0.000000
1692988649923072109 88.814549 0.000000
1692988649923099410 88.875524 0.000000
1692988649923708422 88.574620 0.000000
1692988649924296004 88.642226 0.000000
1692988649924459190 88.486534 0.000000
1692988649925348728 88.585850 0.000000
1692988649926103203 88.772841 0.000000
1692988649996999110 88.624774 0.000000
1692988649997020581 88.629573 0.000000
1692988650012005942 88.932060 0.000000
1692988650013521013 89.060550 0.000000
1692988650046550362 88.591562 0.000000
1692988650053288046 88.633440 0.000000
1692988650053414173 88.708801 0.000000
1692988650075027463 88.701687 0.000000
1692988650075050977 88.689284 0.000000
1692988650223267480 88.540255 0.000000
1692988650226532914 88.523664 0.000000
1692988650278225159 88.614594 0.000000
1692988650315169309 88.634281 0.000000
1692988650319922742 88.885152 0.000000
1692988650359348796 88.775125 0.000000
1692988650360190595 89.064578 0.000000
1692988650496251733 88.713520 0.000000
1692988650670029620 88.461488 0.000000
1692988650672485184 88.571563 0.000000
1692988650676836023 88.866426 0.000000
1692988650677215244 88.445046 0.000000
1692988650677687149 88.493257 0.000000
1692988650677719870 88.469041 0.000000
1692988650677890170 88.537831 0.000000
1692988650886283489 88.424417 0.000000
1692988650967669429 89.081841 0.000000
1692988650967719292 88.883189 0.000000
1692988650968788888 88.519336 0.000000
1692988650969541429 88.443494 0.000000
1692988651035216496 88.915820 0.000000
1692988651235273153 88.511331 0.000000
1692988651258704883 88.859283 0.000000
1692988651259020876 88.535446 0.000000
1692988651259830854 88.519647 0.000000
1692988651332062726 88.804359 0.000000
1692988651332089306 88.644399 0.000000
1692988651333127543 89.007781 0.000000
1692988651402822388 88.589947 0.000000
1692988651600707512 88.597863 0.000000
1692988651773907385 88.684135 0.000000
1692988651864438874 88.651023 0.000000
1692988651892355264 88.454494 0.000000
1692988651893442392 89.022799 0.000000
1692988651893463732 88.563718 0.000000
1692988651916753757 88.809941 0.000000
1692988652068855826 88.717537 0.000000
1692988652157804957 88.974057 0.000000
1692988652158774195 88.429246 0.000000
1692988652182764152 88.737254 0.000000
1692988652203369712 88.770065 0.000000
1692988652204720656 88.458141 0.000000
1692988652291999185 88.627449 0.000000
1692988652340353250 88.776128 0.000000
1692988652380372546 88.795193 0.000000
1692988652484904951 88.583436 0.000000
1692988652510471184 88.662514 0.000000
1692988652511726237 88.459543 0.000000
1692988652556290516 88.512342 0.000000
1692988652617158048 88.444425 0.000000
1692988652617881695 88.562627 0.000000
