1692988504235282711 297.045820 954.342902 950 13417 0.000000
1692988505240339233 348.242286 985.019259 990 14412 0.000000
1692988506184187460 378.287791 745.882640 704 15111 0.000000
1692988507245380469 321.108055 972.490377 1032 16143 0.000000
1692988508232440210 312.747292 1011.083645 998 17141 0.000000
1692988509251721704 298.417475 985.007602 1004 18145 0.000000
1692988510248852036 308.868798 1059.039133 1056 19201 0.000000
1692988511235965056 317.966872 771.948032 762 19963 0.000000
1692988512220938666 296.534293 1023.377704 1008 20971 0.000000
1692988513243664778 319.089377 992.445551 1015 21986 0.000000
1692988514262543608 300.045731 989.322783 1008 22994 0.000000
1692988515264343144 330.898585 1019.165872 1021 24015 0.000000
1692988516256207181 301.537860 799.504789 793 24808 0.000000
1692988517268624753 310.529652 1009.464897 1022 25830 0.000000
1692988518272346924 314.831625 1000.276798 1004 26834 0.000000
1692988519278390177 299.195404 1013.872911 1020 27854 0.000000
1692988520276947926 319.645958 993.432809 992 28846 0.000000
1692988521283641659 268.128608 1014.211141 1021 29875 0.000000
1692988522263192580 306.214273 813.638143 797 30664 0.000000
1692988523282356373 317.010357 1030.256380 1050 31714 0.000000
1692988524271531548 289.056775 1067.556086 1056 32771 0.000000
1692988525277900400 302.481389 1054.285307 1061 33831 0.000000
1692988526287012292 323.089836 1028.627412 1038 34869 0.000000
1692988527299887211 297.213921 791.805552 802 35687 0.000000
1692988528262050182 260.929469 1067.386743 1027 36698 0.000000
1692988529285095605 294.039140 1044.919380 1069 37767 0.000000
1692988530266546155 304.163426 1075.958415 1056 38824 0.000000
1692988531305624220 313.749682 1017.247949 1057 39880 0.000000
1692988532310911681 285.462440 1034.529963 1040 40921 0.000000
1692988533292943260 316.290355 1062.083994 1043 41970 0.000000
1692988534317816570 296.329179 938.652603 962 42971 0.000000
1692988535314250186 279.873515 910.246260 907 43832 0.000000
1692988536321136304 288.038856 1078.572799 1086 44918 0.000000
1692988537312044670 286.241820 1064.679678 1055 45973 0.000000
1692988538324191614 281.936843 1077.906749 1091 47064 0.000000
1692988539329606224 311.761693 1062.248371 1068 48132 0.000000
1692988540324943837 280.877801 1076.016796 1071 49203 0.000000
1692988541329683680 291.506176 812.150494 816 50019 0.000000
1692988542327699694 285.916066 1090.162912 1088 51107 0.000000
1692988543340041912 280.781312 1270.321429 1286 52393 0.000000
1692988544331151203 282.803424 868.723551 861 53255 0.000000
1692988545330846487 307.723023 1056.321878 1056 54310 0.000000
1692988546333790681 310.151254 1046.917703 1050 55360 0.000000
1692988547352003158 290.097693 1045.950627 1065 56440 0.000000
1692988548354279281 279.918338 1088.522302 1091 57527 0.000000
1692988549352912251 259.898777 1040.422268 1039 58557 0.000000
1692988550348323239 278.041793 1134.204971 1129 59685 0.000000
1692988551361595725 275.407862 1054.997539 1069 60754 0.000000
1692988552363344398 287.220021 1078.114751 1080 61833 0.000000
1692988553366532652 277.037817 1061.615280 1065 62898 0.000000
1692988554360823580 301.127037 1037.925622 1032 63930 0.000000
1692988555361371260 276.489991 1098.398397 1099 65029 0.000000
1692988556374435531 262.287574 865.690395 877 65906 0.000000
1692988557372048828 294.706233 1094.612493 1092 67009 0.000000
1692988558376505889 278.109829 1112.043587 1117 68115 0.000000
1692988559382156569 280.304207 1114.701169 1121 69237 0.000000
1692988560382543307 279.293037 1102.573636 1103 70341 0.000000
1692988561387661189 267.561308 1074.500811 1080 71419 0.000000
1692988562390921066 286.245424 1128.321753 1132 72553 0.000000
1692988563377768343 276.938906 1077.167732 1063 73614 0.000000
1692988564374427139 273.974230 1083.620565 1080 74694 0.000000
1692988565387616364 272.323404 1110.355242 1125 75819 0.000000
1692988566401001609 262.286644 1108.166969 1123 76942 0.000000
1692988567388002464 270.203110 1108.408350 1094 78036 0.000000
1692988568393502460 278.261187 1093.983085 1100 79136 0.000000
1692988569407915301 279.664635 1084.371110 1100 80240 0.000000
1692988570412745642 271.885829 1076.798727 1082 81318 0.000000
1692988571414033557 295.110113 1071.619878 1073 82391 0.000000
1692988572414220794 283.922360 1077.798196 1078 83469 0.000000
1692988573413596295 264.386599 1079.674266 1079 84549 0.000000
1692988574415898735 286.777686 1092.484620 1095 85643 0.000000
1692988575420572853 259.008694 842.064068 846 86489 0.000000
1692988576424705766 277.079190 1315.562892 1321 87810 0.000000
1692988577417911588 266.099491 1116.586287 1109 88920 0.000000
1692988578421986210 271.347898 1068.645662 1073 89992 0.000000
1692988579420870548 266.917008 1101.228587 1100 91104 0.000000
1692988580436979108 278.353450 1108.149290 1126 92218 0.000000
1692988581426178386 279.304577 1100.890467 1089 93307 0.000000
1692988582445325163 255.407442 1062.653640 1083 94392 0.000000
1692988583442202239 270.685920 1082.380061 1079 95470 0.000000
1692988584446408119 269.658034 1316.463153 1322 96800 0.000000
1692988585454135954 272.351659 1040.955770 1049 97852 0.000000
1692988586445187276 257.957681 1191.663804 1181 99021 0.000000
1692988587446146335 260.992353 1156.890461 1158 100182 0.000000
1692988588458560207 264.450964 1071.696102 1085 101266 0.000000
1692988589459958921 251.826443 1137.409057 1139 102403 0.000000
1692988590463909310 270.968976 1102.644138 1107 103510 0.000000
1692988591458330238 263.953315 1156.451929 1150 104661 0.000000
1692988592457401639 273.572775 1127.046574 1126 105786 0.000000
1692988593472702263 277.544323 1108.046234 1125 106911 0.000000
1692988594476000189 259.139543 1137.249402 1141 108052 0.000000
1692988595472846186 254.668228 1120.534134 1117 109169 0.000000
1692988596483425367 263.399902 1144.888090 1157 110329 0.000000
1692988597467931941 262.225888 1147.783045 1130 111465 0.000000
1692988598486979522 274.969968 1069.626220 1090 112546 0.000000
1692988599492138507 259.569675 1155.041148 1161 113712 0.000000
1692988600485076616 255.588685 1142.065197 1134 114846 0.000000
1692988601493063171 259.795525 1164.698063 1174 116016 0.000000
1692988602482447786 260.904802 1308.894405 1295 117319 0.000000
1692988603485364676 254.404408 1190.527386 1194 118504 0.000000
1692988604497658432 256.625634 1108.373878 1122 119626 0.000000
1692988605496242207 257.942858 1173.662205 1172 120798 0.000000
1692988606510521445 256.727920 1117.049364 1133 121935 0.000000
1692988607500944186 255.410497 1172.226743 1161 123092 0.000000
1692988608519484385 258.905036 1102.558295 1123 124231 0.000000
1692988609520247356 258.452371 1345.973129 1347 125562 0.000000
1692988610546069659 258.761444 1119.102215 1148 126722 0.000000
1692988611545865868 255.415619 1166.237622 1166 127880 0.000000
1692988612549258289 261.422691 1162.057845 1166 129042 0.000000
1692988613554118835 255.899628 1103.635640 1109 130151 0.000000
1692988614540258464 253.742621 1130.671584 1115 131267 0.000000
1692988615548060844 257.058056 1138.119944 1147 132413 0.000000
1692988616554006214 261.986676 1228.694929 1236 133649 0.000000
1692988617554020622 258.295438 1260.981920 1261 134911 0.000000
1692988618568726199 242.881961 1162.898901 1180 136092 0.000000
1692988619571395023 257.255906 1174.864399 1178 137269 0.000000
1692988620572788517 253.425775 1150.397022 1152 138420 0.000000
1692988621576170940 258.755592 1154.096289 1158 139580 0.000000
1692988622557213420 247.298429 1162.029239 1140 140718 0.000000
1692988623581367876 243.052566 1221.495466 1251 142003 0.000000
1692988624585362948 258.713143 1319.727593 1325 143298 0.000000
1692988625588339790 262.896697 1120.663960 1124 144419 0.000000
1692988626587964274 251.382210 1141.428613 1141 145559 0.000000
1692988627592319681 240.846353 1162.934898 1168 146727 0.000000
1692988628586291938 248.894485 1177.095229 1170 147897 0.000000
1692988629597289411 249.342145 1376.858109 1392 149289 0.000000
1692988630595542465 245.596544 1215.122754 1213 150502 0.000000
1692988631605728115 260.572374 1119.596141 1131 151635 0.000000
1692988632608689828 273.462657 1138.627632 1142 152796 0.000000
1692988633598321545 247.601518 1208.530519 1196 153973 0.000000
1692988634599778906 248.688472 1145.330805 1147 155122 0.000000
1692988635615896750 245.366142 1166.203294 1185 156303 0.000000
1692988636612944411 247.283125 1148.390461 1145 157448 0.000000
1692988637621397681 247.374477 1388.264638 1400 158848 0.000000
1692988638622270397 254.355362 1202.950166 1204 160052 0.000000
1692988639620467275 255.234399 1131.039368 1129 161182 0.000000
1692988640631170746 248.704151 1170.471934 1183 162367 0.000000
1692988641619917150 245.622583 1156.009238 1143 163507 0.000000
1692988642636633165 248.875446 1137.977528 1157 164668 0.000000
1692988643635124234 257.962809 1338.018964 1336 166000 0.000000
1692988644638147633 251.403130 1206.352752 1210 167211 0.000000
1692988645635985919 240.970785 1137.458849 1135 168345 0.000000
1692988646633123950 250.793937 1279.662405 1276 169621 0.000000
1692988647648578709 246.934209 1203.401681 1222 170843 0.000000
1692988648641969293 250.716924 1159.664718 1152 171995 0.000000
1692988649649310378 257.073490 1141.619287 1150 173145 0.000000
1692988650657742959 256.467886 1224.672859 1235 174380 0.000000
1692988651654842739 242.602389 1204.493247 1201 175581 0.000000
1692988652644491846 242.054659 1193.352237 1181 176762 0.000000
