1692972530209354431 176.612077 0.000000
1692972530226191017 176.499415 0.000000
1692972530386354131 176.653173 0.000000
1692972530474952089 176.774099 0.000000
1692972530609945637 176.601041 0.000000
1692972530651454996 176.534891 0.000000
1692972530668116092 176.804489 0.000000
1692972530739907254 176.605020 0.000000
1692972530844603825 176.542475 0.000000
1692972531021846579 176.625152 0.000000
1692972531051714083 176.581831 0.000000
1692972531228295360 176.558253 0.000000
1692972531270668549 176.604421 0.000000
1692972531463778033 176.963893 0.000000
1692972531640934614 176.783998 0.000000
1692972531817179849 176.621607 0.000000
1692972531993711741 176.523658 0.000000
1692972531993776366 176.581356 0.000000
1692972532023752327 176.560178 0.000000
1692972532200402157 176.625933 0.000000
1692972532259399986 176.557199 0.000000
1692972532508804854 176.717225 0.000000
1692972532597293419 176.585023 0.000000
1692972532612958521 176.780763 0.000000
1692972532773926795 176.697374 0.000000
1692972532819574854 176.630378 0.000000
1692972532878141890 176.608247 0.000000
1692972533054642861 176.408981 0.000000
1692972533084696773 176.673312 0.000000
1692972533127716817 176.694927 0.000000
1692972533127772937 176.772793 0.000000
1692972533231427751 176.585110 0.000000
1692972533231578041 176.478798 0.000000
1692972533231756056 176.588869 0.000000
1692972533304675391 176.679846 0.000000
1692972533393058795 176.701877 0.000000
1692972533408577200 176.490565 0.000000
1692972533481355187 176.664620 0.000000
1692972533614894583 176.645902 0.000000
1692972533673237377 176.543187 0.000000
1692972533673696741 176.586076 0.000000
1692972533923395289 176.640464 0.000000
1692972533923485669 176.661764 0.000000
1692972534011683321 176.535751 0.000000
1692972534011814637 176.587255 0.000000
1692972534188573814 176.645257 0.000000
1692972534277075522 176.686393 0.000000
1692972534365250730 176.650885 0.000000
1692972534365542645 176.590219 0.000000
1692972534468899904 176.579764 0.000000
1692972534646340242 176.586690 0.000000
1692972534999307449 176.464897 0.000000
1692972534999486626 176.439518 0.000000
1692972535161469941 176.726795 0.000000
1692972535161646908 176.777553 0.000000
1692972535175932076 176.566121 0.000000
1692972535176417506 176.532448 0.000000
1692972535264436203 176.612162 0.000000
1692972535706499529 176.681789 0.000000
1692972535737077771 176.588853 0.000000
1692972535869131769 176.617569 0.000000
1692972536045917400 176.553655 0.000000
1692972536222715627 176.568413 0.000000
1692972536399637378 176.534834 0.000000
1692972536413907430 176.604592 0.000000
1692972536679688152 176.914278 0.000000
1692972536679764455 176.648975 0.000000
1692972536753181697 176.581823 0.000000
1692972536930313000 176.597119 0.000000
1692972536944585669 176.535661 0.000000
1692972537151651026 176.614718 0.000000
1692972537210449721 176.597948 0.000000
1692972537299251507 176.737178 0.000000
1692972537372334060 176.660193 0.000000
1692972537387368396 176.559764 0.000000
1692972537593527863 176.627913 0.000000
1692972537814571267 176.712065 0.000000
1692972537829447461 176.435996 0.000000
1692972537903100495 176.709493 0.000000
1692972537947108386 176.707869 0.000000
1692972538005856838 176.614079 0.000000
1692972538006143570 176.686832 0.000000
1692972538079754006 176.606738 0.000000
1692972538168448648 176.932920 0.000000
1692972538182759104 176.616794 0.000000
1692972538256506036 176.712647 0.000000
1692972538359642650 176.621335 0.000000
1692972538447908127 176.721173 0.000000
1692972538521905071 176.626928 0.000000
1692972538624641844 176.451294 0.000000
1692972538698930126 176.701211 0.000000
1692972539140768914 176.538433 0.000000
1692972539155697675 176.862553 0.000000
1692972539419950944 176.643766 0.000000
1692972539582745331 176.732852 0.000000
1692972539626518590 176.551865 0.000000
1692972539760080766 177.054290 0.000000
1692972539937036637 176.788397 0.000000
1692972539937160144 176.761093 0.000000
1692972539950552603 176.515891 0.000000
1692972540025164041 176.601786 0.000000
1692972540025505571 176.529248 0.000000
1692972540113698852 176.637388 0.000000
1692972540127563300 176.506262 0.000000
1692972540216292845 176.469651 0.000000
1692972540304008559 176.576876 0.000000
1692972540392511492 176.521341 0.000000
1692972540480980089 176.563645 0.000000
1692972540569971855 176.572950 0.000000
1692972540821507136 176.852181 0.000000
1692972540834640942 176.673712 0.000000
1692972541276737661 176.787093 0.000000
1692972541440198580 176.656865 0.000000
1692972541482958046 176.512573 0.000000
1692972541529064992 176.742745 0.000000
1692972541542014644 176.726852 0.000000
1692972541542210709 176.715487 0.000000
1692972541616791576 176.568614 0.000000
1692972541881887106 176.660683 0.000000
1692972541895388337 176.571656 0.000000
1692972542058436179 176.525222 0.000000
1692972542101630302 176.643117 0.000000
1692972542324836905 176.596842 0.000000
1692972542337437118 176.509363 0.000000
1692972542366473205 176.483788 0.000000
1692972542425460035 176.500793 0.000000
1692972542426365728 176.475680 0.000000
1692972542514717080 176.444081 0.000000
1692972542867081199 176.541220 0.000000
1692972543073450675 176.576383 0.000000
1692972543221249236 176.486863 0.000000
1692972543250088138 176.621922 0.000000
1692972543426629819 176.514677 0.000000
1692972543474430211 176.566869 0.000000
1692972543561099846 176.544663 0.000000
1692972543574330001 176.682303 0.000000
1692972543575042049 176.895294 0.000000
1692972543663031702 176.434035 0.000000
1692972543663258775 176.675282 0.000000
1692972543827702568 176.562620 0.000000
1692972543839310019 176.561086 0.000000
1692972543839371262 176.564870 0.000000
1692972543916210197 176.639378 0.000000
1692972543928099399 176.503411 0.000000
1692972544016466025 176.495327 0.000000
1692972544179831243 176.561123 0.000000
1692972544222174624 176.596220 0.000000
1692972544370572788 176.429540 0.000000
1692972544446100048 176.487592 0.000000
1692972544446174226 176.591398 0.000000
1692972544533352563 176.624816 0.000000
1692972544547283457 176.743484 0.000000
1692972544711093904 176.543001 0.000000
1692972544723822015 176.572737 0.000000
1692972544724088175 176.597362 0.000000
1692972544799487081 176.545322 0.000000
1692972544900732707 176.605216 0.000000
1692972545017556896 176.604764 0.000000
1692972545166068517 176.512452 0.000000
1692972545253917841 176.579604 0.000000
1692972545282550618 176.592464 0.000000
1692972545607881029 176.606045 0.000000
1692972546302252968 176.703178 0.000000
1692972546390011724 176.584392 0.000000
1692972546478812747 176.538144 0.000000
1692972546491673536 176.608337 0.000000
1692972546491971480 176.671524 0.000000
1692972546567581725 176.600624 0.000000
1692972546580515124 176.587674 0.000000
1692972546744128154 176.524282 0.000000
1692972546757510622 176.635906 0.000000
1692972546933899068 176.632705 0.000000
1692972547009690796 176.612347 0.000000
1692972547110420767 176.556576 0.000000
1692972547464237980 176.546767 0.000000
1692972547464427867 176.591430 0.000000
1692972547552229402 176.585336 0.000000
1692972547628476484 176.826617 0.000000
1692972547716736376 176.700970 0.000000
1692972547716822737 176.568096 0.000000
1692972547817616421 176.551898 0.000000
1692972548111790269 176.519256 0.000000
1692972548171604299 177.070859 0.000000
1692972548348023034 176.484113 0.000000
1692972548376692269 176.514674 0.000000
1692972548436524727 176.560084 0.000000
1692972548512826187 176.673907 0.000000
1692972548778116751 176.808623 0.000000
1692972548878858352 176.621869 0.000000
1692972548966850875 176.637395 0.000000
1692972548967444442 176.438922 0.000000
1692972549232352715 176.724961 0.000000
1692972549232523322 176.658145 0.000000
1692972549485437422 176.498484 0.000000
1692972549585944386 176.612610 0.000000
1692972549662178044 176.524825 0.000000
1692972549750699357 176.557761 0.000000
1692972549851331287 176.442207 0.000000
1692972549927221806 176.625444 0.000000
1692972550015797235 176.668784 0.000000
1692972550192677424 176.857462 0.000000
1692972550204890159 176.660868 0.000000
1692972550381861626 176.668446 0.000000
1692972550457921900 176.689084 0.000000
1692972550469710271 176.552091 0.000000
1692972550498282956 176.634487 0.000000
1692972550546591161 176.981205 0.000000
1692972550634823093 176.575912 0.000000
1692972550723156477 176.616205 0.000000
1692972550763267792 176.536079 0.000000
1692972550811529348 176.681111 0.000000
1692972551176931319 176.533529 0.000000
1692972551177469599 176.535510 0.000000
1692972551265851077 176.505565 0.000000
1692972551342337632 176.592525 0.000000
1692972551353944936 176.457909 0.000000
1692972551430474842 176.600967 0.000000
1692972551441762518 176.503911 0.000000
1692972551470314469 176.572841 0.000000
1692972551695878419 176.727401 0.000000
1692972551795638095 176.499330 0.000000
1692972551795915286 176.614268 0.000000
1692972551961058580 176.611927 0.000000
1692972551961146109 176.890129 0.000000
1692972551972241106 176.503004 0.000000
1692972551972279521 176.634655 0.000000
1692972551972790861 176.460405 0.000000
1692972552237174806 176.564344 0.000000
1692972552403357894 176.649485 0.000000
1692972552414603817 176.708459 0.000000
1692972552756681570 176.628133 0.000000
1692972552845247233 176.580096 0.000000
1692972552933573833 176.464742 0.000000
1692972552944525887 176.522606 0.000000
1692972553022115674 176.644625 0.000000
1692972553032936146 176.619697 0.000000
1692972553033807635 176.788219 0.000000
1692972553375712180 176.591729 0.000000
1692972553474021757 176.506517 0.000000
1692972553563763941 176.651356 0.000000
1692972553827310862 176.491831 0.000000
1692972554004487910 176.464243 0.000000
1692972554082752615 176.642991 0.000000
1692972554171586003 176.999666 0.000000
1692972554171599429 177.034256 0.000000
1692972554272046817 176.539756 0.000000
1692972554348177876 176.634236 0.000000
1692972554446105171 176.640822 0.000000
1692972554702024930 176.678224 0.000000
1692972554713083291 176.566664 0.000000
1692972554799835320 176.494945 0.000000
1692972554801907164 176.456208 0.000000
1692972554890346385 176.555108 0.000000
1692972555055780004 176.622739 0.000000
1692972555153166584 176.538916 0.000000
1692972555241667366 176.436542 0.000000
1692972555331735692 176.483508 0.000000
1692972555418249258 176.574454 0.000000
1692972555508314877 176.555891 0.000000
1692972555595188065 176.551370 0.000000
1692972555683296312 176.554689 0.000000
1692972555762981260 176.517599 0.000000
1692972555851549313 176.750069 0.000000
1692972555862587301 176.865983 0.000000
1692972556125211369 176.514532 0.000000
1692972556213771788 176.513530 0.000000
1692972556390456773 176.730495 0.000000
1692972556392360164 176.797607 0.000000
1692972556567325244 176.552816 0.000000
1692972556568854143 176.477240 0.000000
1692972556655482855 176.520771 0.000000
1692972556736158864 176.815559 0.000000
1692972556744012448 176.550631 0.000000
1692972557089689299 176.696479 0.000000
1692972557178504756 176.943659 0.000000
1692972557266904355 176.535036 0.000000
1692972557539493746 176.653998 0.000000
1692972557627924598 176.779943 0.000000
1692972557708650310 176.551585 0.000000
1692972557716034417 176.420616 0.000000
1692972557716359539 176.486770 0.000000
1692972558062240048 176.630147 0.000000
1692972558062505025 176.794616 0.000000
1692972558069717878 176.682640 0.000000
1692972558071055147 176.577430 0.000000
1692972558150849304 176.614962 0.000000
1692972558327201087 176.584208 0.000000
1692972558416190788 176.847517 0.000000
1692972558424655430 176.676503 0.000000
1692972558454233763 176.592352 0.000000
1692972558512963936 176.717991 0.000000
1692972558601148697 176.469046 0.000000
1692972558601303503 176.399449 0.000000
1692972558777154164 176.763256 0.000000
1692972558858153062 176.579037 0.000000
1692972558946341983 176.526525 0.000000
1692972559043271524 176.518064 0.000000
1692972559123218055 176.604911 0.000000
1692972559131514495 176.560147 0.000000
1692972559219872895 176.586181 0.000000
1692972559476845468 176.480667 0.000000
1692972559515244294 176.615705 0.000000
1692972559564929363 176.626912 0.000000
1692972559564998834 176.717708 0.000000
1692972559573031916 176.450084 0.000000
1692972559749576521 176.528047 0.000000
1692972559837953624 176.538806 0.000000
1692972560103191041 176.450588 0.000000
1692972560272324854 176.430972 0.000000
1692972560360791455 176.581417 0.000000
1692972560360894655 176.646921 0.000000
1692972560368520229 176.583958 0.000000
1692972560810316738 176.626236 0.000000
1692972560891057542 176.454752 0.000000
1692972560979632585 176.832597 0.000000
1692972561244859506 176.909657 0.000000
1692972561252552426 176.601892 0.000000
1692972561333481983 176.758271 0.000000
1692972561429381908 176.573893 0.000000
1692972561429679496 176.461796 0.000000
1692972561775326828 176.561137 0.000000
1692972561783067425 176.548133 0.000000
1692972561871817424 176.898689 0.000000
1692972562129289694 176.532364 0.000000
1692972562306308028 176.465423 0.000000
1692972562313578395 176.688987 0.000000
1692972562432003319 176.587311 0.000000
1692972562482675899 176.574165 0.000000
1692972562667539998 176.535641 0.000000
1692972562924722968 176.589481 0.000000
1692972562924995798 176.593816 0.000000
1692972563021225705 176.555065 0.000000
1692972563101503783 176.653930 0.000000
1692972563374690672 176.626645 0.000000
1692972563375061255 176.607145 0.000000
1692972563375198284 176.824866 0.000000
1692972563551714161 176.529754 0.000000
1692972563632294358 176.656755 0.000000
1692972563809146630 176.580360 0.000000
1692972563817099783 176.468139 0.000000
1692972563905041939 176.579145 0.000000
1692972564516864019 176.574577 0.000000
1692972564523813091 176.578009 0.000000
1692972564613033772 176.430641 0.000000
1692972564789473209 176.429770 0.000000
1692972564966290731 176.421303 0.000000
1692972565141941063 176.591568 0.000000
1692972565318521135 176.556767 0.000000
1692972565400811149 176.492988 0.000000
1692972565585221966 176.870938 0.000000
1692972565702903329 176.540835 0.000000
1692972565842921046 176.720684 0.000000
1692972566019524838 176.596635 0.000000
1692972566025749935 176.641714 0.000000
1692972566027675342 176.812782 0.000000
1692972566107935405 176.547299 0.000000
1692972566115832655 176.562875 0.000000
1692972566381104426 176.642791 0.000000
1692972566638493005 176.728103 0.000000
1692972566646033008 176.553352 0.000000
1692972566903631470 176.570512 0.000000
1692972567169050065 176.799748 0.000000
1692972567257333350 176.812758 0.000000
1692972567345762685 176.650110 0.000000
1692972567441178780 176.441213 0.000000
1692972567794050135 176.482730 0.000000
1692972567965036479 177.014848 0.000000
1692972568059119741 176.612371 0.000000
1692972568142093825 176.835149 0.000000
1692972568230577631 176.751262 0.000000
1692972568237388025 176.966809 0.000000
1692972568324086499 176.475205 0.000000
1692972568500537552 176.435226 0.000000
1692972568672869461 176.790745 0.000000
1692972568677494137 176.743565 0.000000
1692972568761233784 176.803404 0.000000
1692972569026450418 176.716045 0.000000
1692972569119643270 176.713458 0.000000
1692972569203138632 176.664102 0.000000
1692972569207408943 176.485245 0.000000
1692972569291674692 176.622985 0.000000
1692972569380091095 176.656675 0.000000
1692972569733496979 176.503829 0.000000
1692972569914807056 176.530235 0.000000
1692972570093632243 176.544687 0.000000
1692972570210957493 176.568121 0.000000
1692972570264003227 176.524851 0.000000
1692972570268606308 176.588309 0.000000
1692972570533523278 176.502453 0.000000
1692972570535597732 176.497562 0.000000
1692972570794397591 176.623073 0.000000
1692972570797984176 176.501235 0.000000
1692972570800480242 176.612841 0.000000
1692972570971136314 176.619165 0.000000
1692972571147773032 176.551835 0.000000
1692972571153597781 176.458583 0.000000
1692972571412827874 176.575401 0.000000
1692972571418738173 176.507494 0.000000
1692972571504369534 176.537086 0.000000
1692972571590052405 176.893080 0.000000
1692972571948806079 176.560832 0.000000
1692972572123739681 176.533721 0.000000
1692972572473731282 176.545874 0.000000
1692972572476379237 176.536268 0.000000
1692972572567246405 176.554754 0.000000
1692972572739115387 176.593336 0.000000
1692972572741865690 176.490942 0.000000
1692972572832047588 176.497416 0.000000
1692972573094800584 176.466064 0.000000
1692972573180922016 176.495283 0.000000
1692972573448680885 176.450570 0.000000
1692972573711271713 176.602338 0.000000
1692972573715776174 176.440742 0.000000
1692972573799828984 176.647028 0.000000
1692972573892320794 176.549746 0.000000
1692972574418974697 176.679269 0.000000
1692972574421413163 176.610239 0.000000
1692972574454106917 176.660290 0.000000
1692972574772739843 176.643937 0.000000
1692972574951734387 176.563094 0.000000
1692972574953263854 176.507031 0.000000
1692972575037710341 176.514556 0.000000
1692972575037894282 176.615160 0.000000
1692972575040080514 176.495761 0.000000
1692972575126843720 177.091348 0.000000
1692972575214246706 176.519399 0.000000
1692972575214930989 176.792736 0.000000
1692972575395221288 176.721183 0.000000
1692972575483677144 176.602777 0.000000
1692972575568413823 176.628871 0.000000
1692972575660151234 176.457536 0.000000
1692972575779969248 176.509954 0.000000
1692972575835332363 176.558751 0.000000
1692972576101905424 176.522576 0.000000
1692972576187072420 176.527054 0.000000
1692972576363919007 176.656011 0.000000
1692972576452217371 176.629073 0.000000
1692972576453937388 176.454451 0.000000
1692972576454127317 176.527827 0.000000
1692972576632166928 176.566772 0.000000
1692972576894395092 176.577553 0.000000
1692972576894443865 176.606360 0.000000
1692972576982512359 176.585216 0.000000
1692972577017635737 176.648458 0.000000
1692972577071059010 176.494503 0.000000
1692972577072681452 176.608334 0.000000
1692972577250834415 176.586351 0.000000
1692972577691487966 176.573441 0.000000
1692972577781828603 176.641770 0.000000
1692972577955449326 176.689748 0.000000
1692972577957924663 176.693169 0.000000
1692972577958487919 176.487596 0.000000
1692972578309039691 176.623079 0.000000
1692972578397858824 176.628542 0.000000
1692972578398680943 176.575477 0.000000
1692972578488609519 176.513003 0.000000
1692972578574845294 176.630652 0.000000
1692972578575521879 176.595875 0.000000
1692972578753831665 176.582851 0.000000
1692972578841319655 176.621220 0.000000
1692972578929723903 176.518235 0.000000
1692972579018700387 176.468003 0.000000
1692972579051370213 176.559981 0.000000
1692972579194472849 176.450065 0.000000
1692972579282617787 176.681171 0.000000
1692972579724307294 176.643164 0.000000
1692972579724866520 176.610994 0.000000
1692972579724916552 176.457792 0.000000
1692972579812816138 176.499594 0.000000
1692972579901879023 176.448541 0.000000
1692972579989963917 176.725811 0.000000
1692972580343794526 176.522530 0.000000
1692972580519889005 176.592870 0.000000
1692972580553932006 176.626362 0.000000
1692972580696595939 176.592607 0.000000
1692972580873763221 176.765922 0.000000
1692972580874410232 176.665338 0.000000
1692972580961839919 176.699490 0.000000
1692972580961890401 176.817907 0.000000
1692972581050459986 176.688937 0.000000
1692972581403878305 176.625768 0.000000
1692972581491948825 176.549988 0.000000
1692972581614488518 176.607791 0.000000
1692972581669161637 176.511372 0.000000
1692972581669308995 176.641631 0.000000
1692972582553393012 176.712387 0.000000
1692972582554124335 176.497648 0.000000
1692972582818501233 176.604375 0.000000
1692972582907330039 176.702935 0.000000
1692972582995586709 176.517860 0.000000
1692972582995673293 176.553652 0.000000
1692972583084092237 176.538211 0.000000
1692972583172255653 176.658895 0.000000
1692972583261361844 176.584688 0.000000
1692972583437917394 176.804705 0.000000
1692972583526570214 176.671424 0.000000
1692972583613889862 176.540856 0.000000
1692972583614370706 176.591485 0.000000
1692972583702492670 176.591729 0.000000
1692972583791141221 176.471759 0.000000
1692972584144337673 176.506064 0.000000
1692972584144595929 176.483440 0.000000
1692972584144915884 176.636151 0.000000
1692972584321337244 176.763411 0.000000
1692972584321449275 176.472960 0.000000
1692972584498254929 176.787687 0.000000
1692972584498405429 176.692206 0.000000
1692972584674816546 176.656067 0.000000
1692972584675312535 176.431294 0.000000
1692972584675715764 176.610014 0.000000
1692972584764064195 176.535982 0.000000
1692972585028549739 176.652487 0.000000
1692972585028781413 176.721779 0.000000
1692972585206003064 176.588493 0.000000
1692972585293385089 176.550213 0.000000
1692972585293475916 176.549642 0.000000
1692972585382754355 176.496142 0.000000
1692972585383213965 176.698423 0.000000
1692972585558674992 176.538575 0.000000
1692972585647780027 176.562326 0.000000
1692972585824114178 176.856802 0.000000
1692972585824566255 176.530211 0.000000
1692972585913329004 176.490103 0.000000
1692972585913572095 176.614432 0.000000
1692972586177982649 176.555758 0.000000
1692972586178071501 176.495628 0.000000
1692972586178298990 176.793592 0.000000
1692972586178499871 176.892631 0.000000
1692972586267035161 176.646892 0.000000
1692972586355542264 176.754701 0.000000
1692972586531547410 176.632592 0.000000
1692972586532321803 176.488486 0.000000
1692972586620823718 176.659278 0.000000
1692972586797528990 176.670205 0.000000
1692972586973907816 176.742108 0.000000
1692972587062730503 176.565204 0.000000
1692972587151328356 176.948375 0.000000
1692972587183651606 176.662640 0.000000
1692972587239177074 176.437130 0.000000
1692972587239738196 176.550564 0.000000
1692972587593720204 176.563884 0.000000
1692972588123041921 176.744022 0.000000
1692972588299731470 176.624959 0.000000
1692972588477293155 176.601289 0.000000
1692972588565836546 176.850610 0.000000
1692972588741804496 176.612887 0.000000
1692972588862994062 176.575370 0.000000
1692972589007813778 176.523128 0.000000
1692972589184532954 176.702557 0.000000
1692972589184875020 176.511699 0.000000
1692972589185499564 176.451087 0.000000
1692972589272879370 176.922570 0.000000
1692972589449864736 176.711279 0.000000
1692972589627549801 176.764672 0.000000
1692972589714876167 176.571051 0.000000
1692972589891805171 176.520832 0.000000
1692972589892812303 176.566441 0.000000
1692972589981025050 176.605116 0.000000
1692972590070031852 176.736027 0.000000
1692972590245163112 176.662738 0.000000
1692972590246847015 176.550877 0.000000
1692972590600752195 176.496014 0.000000
1692972590600889294 176.604909 0.000000
1692972590688257978 176.474790 0.000000
1692972590688980580 176.506625 0.000000
1692972590775514655 176.553404 0.000000
1692972590777361148 176.561542 0.000000
1692972590952980257 176.443778 0.000000
1692972591040638047 176.639639 0.000000
1692972591041490527 176.450989 0.000000
1692972591396869929 176.642373 0.000000
1692972591661985986 176.588287 0.000000
1692972591838558547 176.499601 0.000000
1692972591924787326 176.641211 0.000000
1692972592101729240 176.491871 0.000000
1692972592101817846 176.503223 0.000000
1692972592190213638 176.529934 0.000000
1692972592278308715 176.563572 0.000000
1692972592279916838 176.560059 0.000000
1692972592366929811 176.665981 0.000000
1692972592457465493 176.647207 0.000000
1692972592720547809 176.706465 0.000000
1692972592897499961 176.609234 0.000000
1692972592899117726 176.633375 0.000000
1692972592988034726 176.575495 0.000000
1692972592988065788 176.500701 0.000000
1692972593074343664 176.682448 0.000000
1692972593162549327 176.582580 0.000000
1692972593194366983 176.535409 0.000000
1692972593427927994 176.650383 0.000000
1692972593429709386 176.598787 0.000000
1692972593547880729 176.702951 0.000000
1692972593605073554 176.754720 0.000000
1692972593606737713 176.562448 0.000000
1692972593693395563 176.836996 0.000000
1692972594049264259 176.709635 0.000000
1692972594049364066 176.719097 0.000000
1692972594136891269 176.697205 0.000000
1692972594137542345 176.556747 0.000000
1692972594137588778 176.518333 0.000000
1692972594225101346 176.508404 0.000000
1692972594225132258 176.503513 0.000000
1692972594226140625 176.609586 0.000000
1692972594312587829 176.620019 0.000000
1692972594489327301 176.536269 0.000000
1692972594489555382 176.700918 0.000000
1692972594579573197 176.545260 0.000000
1692972594666266589 176.608283 0.000000
1692972594697114347 176.504370 0.000000
1692972594754624095 176.750112 0.000000
1692972594844940143 176.666503 0.000000
1692972595285147799 176.716982 0.000000
1692972595286746315 176.519583 0.000000
1692972595461750846 176.578671 0.000000
1692972595639907269 176.558845 0.000000
1692972595729584285 176.555467 0.000000
1692972595816768924 176.496845 0.000000
1692972595994773103 176.543002 0.000000
1692972596082815503 176.436765 0.000000
1692972596169580469 176.504802 0.000000
1692972596171097570 176.884425 0.000000
1692972596348053917 176.487972 0.000000
1692972596611658871 176.695952 0.000000
1692972596701461753 176.521856 0.000000
1692972596702042570 176.709017 0.000000
1692972596907223244 176.608198 0.000000
1692972596965175660 176.484805 0.000000
1692972597231674672 176.533809 0.000000
1692972597232160142 176.610386 0.000000
1692972597232352987 176.760454 0.000000
1692972597319715481 176.573489 0.000000
1692972597320255483 176.674204 0.000000
1692972597408169347 176.481556 0.000000
1692972597614292978 176.565692 0.000000
1692972597672610458 176.631006 0.000000
1692972597674054650 176.572843 0.000000
1692972597761007228 176.602212 0.000000
1692972597761307868 176.443647 0.000000
1692972597762476596 176.592638 0.000000
1692972597938941794 176.707278 0.000000
1692972598115741859 176.488823 0.000000
1692972598380604207 176.644271 0.000000
1692972598380730762 176.710850 0.000000
1692972598469053196 176.666499 0.000000
1692972598469082073 176.683739 0.000000
1692972598556981933 176.668297 0.000000
1692972598557371114 176.614402 0.000000
1692972598733949683 176.602215 0.000000
1692972598911443868 176.936272 0.000000
1692972599087507353 176.501349 0.000000
1692972599176160560 176.564364 0.000000
1692972599204844048 176.573910 0.000000
1692972599264567840 176.493503 0.000000
1692972599352632463 176.672815 0.000000
1692972599352938711 176.443522 0.000000
1692972599353342947 176.544547 0.000000
1692972599441946124 176.493243 0.000000
1692972599794740011 176.543139 0.000000
1692972599883834616 176.491740 0.000000
1692972599971227456 176.708224 0.000000
1692972599971698232 176.481746 0.000000
1692972600591645414 177.343194 0.000000
1692972600680024839 176.561425 0.000000
1692972600767577233 176.566937 0.000000
1692972600767753508 176.518425 0.000000
1692972601122055646 176.813344 0.000000
1692972601210052754 176.746193 0.000000
1692972601298245132 176.599676 0.000000
1692972601298461792 176.451436 0.000000
1692972601386476657 176.469162 0.000000
1692972601387093282 176.514563 0.000000
1692972601563567877 176.457901 0.000000
1692972601591932828 176.613469 0.000000
1692972601651536309 176.599150 0.000000
1692972601651843664 176.673418 0.000000
1692972602182037399 176.562898 0.000000
1692972602182309382 176.547968 0.000000
1692972602801298534 176.734588 0.000000
1692972602888619077 176.478131 0.000000
1692972602977474041 176.570365 0.000000
1692972602977710115 176.543573 0.000000
1692972603065805907 176.558603 0.000000
1692972603154579065 176.596340 0.000000
1692972603155399429 176.939278 0.000000
1692972603182899201 176.470411 0.000000
1692972603330291596 176.576648 0.000000
1692972603331043948 176.503323 0.000000
1692972603508676669 176.449983 0.000000
1692972603685241350 176.509347 0.000000
1692972603801623523 176.591899 0.000000
1692972603861850058 176.594725 0.000000
1692972604038316459 176.844622 0.000000
1692972604038635928 176.881312 0.000000
1692972604215295998 176.963827 0.000000
1692972604215839939 177.054348 0.000000
1692972604216020685 176.901187 0.000000
1692972604481207427 176.607558 0.000000
1692972604568673557 176.553157 0.000000
1692972604569765328 176.565831 0.000000
1692972604569808769 176.582686 0.000000
1692972604746134457 176.509104 0.000000
1692972604833882136 176.553171 0.000000
1692972604922760452 176.617491 0.000000
1692972605010589010 176.612134 0.000000
1692972605100177170 176.657066 0.000000
1692972605276124842 176.551806 0.000000
1692972605363986987 176.596672 0.000000
1692972605364686164 176.671098 0.000000
1692972605364761765 176.571248 0.000000
1692972605365311345 176.501659 0.000000
1692972605452478642 176.555745 0.000000
1692972605541788237 176.496695 0.000000
1692972605629649620 176.549827 0.000000
1692972605630428979 176.545426 0.000000
1692972605717996062 176.634297 0.000000
1692972605806851083 176.631216 0.000000
1692972605983690829 176.539672 0.000000
1692972606160899678 176.519885 0.000000
1692972606249128430 176.678824 0.000000
1692972606425738109 176.594378 0.000000
1692972606602727702 176.596468 0.000000
1692972606690466533 176.689173 0.000000
1692972606779006805 176.733462 0.000000
1692972606779078738 176.697638 0.000000
1692972606868014997 176.688943 0.000000
1692972606956015674 176.742846 0.000000
1692972607310320898 176.728170 0.000000
1692972607310423226 176.846562 0.000000
1692972607486937808 176.602652 0.000000
1692972607663322389 176.567639 0.000000
1692972607663875165 176.714615 0.000000
1692972607664074304 176.792024 0.000000
1692972607751589244 176.517328 0.000000
1692972607928977879 176.501255 0.000000
1692972607929063608 176.529640 0.000000
1692972608016878821 176.605387 0.000000
1692972608193450738 176.554626 0.000000
1692972608194125188 176.507833 0.000000
1692972608194154230 176.484748 0.000000
1692972608194354251 176.649382 0.000000
1692972608282752550 176.498005 0.000000
1692972608370523230 176.579277 0.000000
1692972608547657435 176.569596 0.000000
1692972608635998406 176.550747 0.000000
1692972608901684683 176.705015 0.000000
1692972608989706853 176.529212 0.000000
1692972609166197493 176.684020 0.000000
1692972609166938518 176.636851 0.000000
1692972609608570830 176.557832 0.000000
1692972609963224473 176.613331 0.000000
1692972610050180308 176.638088 0.000000
1692972610050406059 176.649865 0.000000
1692972610138479495 176.579981 0.000000
1692972610138936278 176.560801 0.000000
1692972610139683462 176.482489 0.000000
1692972610139999457 176.582927 0.000000
1692972610227195362 176.445788 0.000000
1692972610228803139 176.441438 0.000000
1692972610315397032 176.630173 0.000000
1692972610404017982 176.677283 0.000000
1692972610405167928 176.942629 0.000000
1692972610581737661 176.553765 0.000000
1692972610581802542 176.549375 0.000000
1692972610582153193 176.569597 0.000000
1692972610608413116 176.585764 0.000000
1692972610758733901 176.484364 0.000000
1692972610935359277 176.609309 0.000000
1692972610935624264 176.607174 0.000000
1692972611023889521 176.602543 0.000000
1692972611112565404 176.683025 0.000000
1692972611289508378 176.648142 0.000000
1692972611377624251 176.496058 0.000000
1692972611466365582 176.537585 0.000000
1692972611554464095 176.570281 0.000000
1692972611554825431 176.503380 0.000000
1692972611818851094 176.591821 0.000000
1692972611907370893 176.690982 0.000000
1692972611996165868 176.645607 0.000000
1692972611996858340 176.588339 0.000000
1692972612172942768 176.578910 0.000000
1692972612439264968 176.562862 0.000000
1692972612703394981 176.617254 0.000000
1692972612704067937 176.550312 0.000000
1692972612792588757 176.770640 0.000000
1692972612968854909 176.593789 0.000000
1692972612968916472 176.405861 0.000000
1692972613234454662 176.587246 0.000000
1692972613234644231 176.599309 0.000000
1692972613410876732 176.640205 0.000000
1692972613411669271 176.545986 0.000000
1692972613499495016 176.471019 0.000000
1692972613587895843 176.793280 0.000000
1692972613764776267 176.800365 0.000000
1692972613854347777 176.695398 0.000000
1692972613942432361 176.511059 0.000000
1692972614030122743 176.867413 0.000000
1692972614144510614 176.605757 0.000000
1692972614206837603 176.699761 0.000000
1692972614206930815 176.744991 0.000000
1692972614207797327 176.642768 0.000000
1692972614497730027 176.475008 0.000000
1692972614560612179 176.628234 0.000000
1692972614560869558 176.638867 0.000000
1692972614649074746 176.601553 0.000000
1692972614649885263 176.797954 0.000000
1692972614674322960 176.575983 0.000000
1692972615090751324 176.659153 0.000000
1692972615092184164 176.452890 0.000000
1692972615179331394 176.679157 0.000000
1692972615204268478 176.603394 0.000000
1692972615356089489 176.789488 0.000000
1692972615533202436 176.581043 0.000000
1692972615533992053 176.488347 0.000000
1692972615621993130 176.472363 0.000000
1692972615886787043 176.610067 0.000000
1692972615976129188 176.530595 0.000000
1692972616063024752 176.594861 0.000000
1692972616504951417 176.674803 0.000000
1692972616769990879 176.570531 0.000000
1692972617035837619 176.541915 0.000000
1692972617060000741 176.542796 0.000000
1692972617123997545 176.632845 0.000000
1692972617124746708 176.570175 0.000000
1692972617213232948 176.519420 0.000000
1692972617302147304 176.520328 0.000000
1692972617389128882 176.401306 0.000000
1692972617389481318 176.633130 0.000000
1692972617477102589 176.468854 0.000000
1692972617478009438 176.510045 0.000000
1692972617478777783 176.424735 0.000000
1692972617742539368 176.434402 0.000000
1692972617742582999 176.666873 0.000000
1692972617743586755 176.494468 0.000000
1692972617766508933 176.531879 0.000000
1692972618096836430 176.558270 0.000000
1692972618184541471 176.509926 0.000000
1692972618208191613 176.497638 0.000000
1692972618273778828 176.567535 0.000000
1692972618273820765 176.479015 0.000000
1692972618362173243 176.498615 0.000000
1692972618362693649 176.444278 0.000000
1692972618449758996 176.773474 0.000000
1692972618538017489 176.688667 0.000000
1692972618538618122 176.456451 0.000000
1692972618626669624 176.567014 0.000000
1692972618627484085 176.433222 0.000000
1692972618650003621 176.554434 0.000000
1692972618892007890 176.742433 0.000000
1692972619069562783 176.575849 0.000000
1692972619157397078 176.960888 0.000000
1692972619157875842 176.657980 0.000000
1692972619334148374 176.699640 0.000000
1692972619334764838 176.790783 0.000000
1692972619356920818 176.546680 0.000000
1692972619776976727 176.801824 0.000000
1692972619865350212 177.035467 0.000000
1692972619953646970 176.429847 0.000000
1692972619953786848 176.589561 0.000000
1692972620063769014 176.543051 0.000000
1692972620307663383 176.652224 0.000000
1692972620307809152 176.690297 0.000000
1692972620395977578 176.960531 0.000000
1692972620660654334 176.627415 0.000000
1692972620750580879 177.171931 0.000000
1692972620750693595 177.165673 0.000000
1692972620837908878 176.494637 0.000000
1692972620925830601 176.621223 0.000000
1692972621015740762 176.644450 0.000000
1692972621191170077 176.591535 0.000000
1692972621478468016 176.678517 0.000000
1692972621546687449 176.789205 0.000000
1692972621634776480 176.555606 0.000000
1692972621899897416 176.537705 0.000000
1692972622076143296 176.586968 0.000000
1692972622076563504 176.522689 0.000000
1692972622165213519 176.564615 0.000000
1692972622253419452 176.521901 0.000000
1692972622696227312 176.911086 0.000000
1692972622784596448 176.583790 0.000000
1692972622961512897 176.743752 0.000000
1692972623050114325 176.617357 0.000000
1692972623138585842 176.598701 0.000000
1692972623225839499 176.574872 0.000000
1692972623226328267 176.481304 0.000000
1692972623314382499 176.441078 0.000000
1692972623403456506 176.987242 0.000000
1692972623403755918 176.685720 0.000000
1692972623403896831 176.807103 0.000000
1692972623580245928 176.744562 0.000000
1692972623667946798 176.662035 0.000000
1692972623669689223 177.026022 0.000000
1692972623933778923 176.520380 0.000000
1692972624023490804 176.822854 0.000000
1692972624199084099 176.836694 0.000000
1692972624199121066 176.919772 0.000000
1692972624200304103 176.751561 0.000000
1692972624287319674 176.565599 0.000000
1692972624287585538 176.704762 0.000000
1692972624375841700 176.706708 0.000000
1692972624375958902 176.740017 0.000000
1692972624640986196 176.607547 0.000000
1692972624819185226 176.639440 0.000000
1692972624906248677 176.601181 0.000000
1692972624907383513 176.676957 0.000000
1692972625171729399 176.760109 0.000000
1692972625436964609 176.678949 0.000000
1692972625437262412 176.636390 0.000000
1692972625437310108 176.623781 0.000000
1692972625526473044 176.771394 0.000000
1692972625614145783 176.872410 0.000000
1692972625614421745 176.620134 0.000000
1692972625702881961 176.775580 0.000000
1692972625791534610 176.752370 0.000000
1692972625810624247 176.438901 0.000000
1692972625968037525 176.702861 0.000000
1692972626056369613 176.808601 0.000000
1692972626056433506 176.764391 0.000000
1692972626233297996 176.436498 0.000000
1692972626233930839 176.478130 0.000000
1692972626321739793 176.746254 0.000000
1692972626409797577 176.636926 0.000000
1692972626586647287 176.622106 0.000000
1692972626694100849 176.565068 0.000000
1692972626762926146 176.605715 0.000000
1692972626851571044 176.578204 0.000000
1692972627029679628 176.587339 0.000000
1692972627117248187 176.527543 0.000000
1692972627206422908 176.720012 0.000000
1692972627293973971 176.520838 0.000000
1692972627382772128 176.497464 0.000000
1692972627470139573 176.705128 0.000000
1692972627471537216 176.603987 0.000000
1692972627489328145 176.466111 0.000000
1692972627736573612 176.489360 0.000000
1692972627824627825 176.575490 0.000000
1692972627912255077 176.636427 0.000000
1692972627913390294 176.601391 0.000000
1692972628000915632 176.576182 0.000000
1692972628001100382 176.514699 0.000000
1692972628177881889 176.547072 0.000000
1692972628196237763 176.511921 0.000000
1692972628266395737 176.803965 0.000000
1692972628354895081 176.482256 0.000000
1692972628355084592 176.427138 0.000000
1692972628549717595 176.608670 0.000000
1692972628708291645 176.673697 0.000000
1692972628884874886 176.658446 0.000000
1692972628973604090 176.555176 0.000000
1692972629168313583 176.605802 0.000000
1692972629239637902 176.587149 0.000000
1692972629416594495 176.602153 0.000000
1692972629770460185 176.712725 0.000000
1692972629857842966 176.570493 0.000000
1692972629857928038 176.636974 0.000000
1692972630299690651 176.619702 0.000000
1692972630300139316 176.564980 0.000000
1692972630389438309 176.862432 0.000000
1692972630565280707 176.665634 0.000000
1692972630566450148 176.980435 0.000000
1692972630653582639 176.544783 0.000000
1692972630653620848 176.451486 0.000000
1692972631095410397 176.630832 0.000000
1692972631096516601 176.537179 0.000000
1692972631112701246 176.523512 0.000000
1692972631183501909 176.568431 0.000000
1692972631184949728 176.545260 0.000000
1692972631272231340 176.543156 0.000000
1692972631273272323 176.526421 0.000000
1692972631465995700 176.638469 0.000000
1692972631542771107 182.015643 0.000000
1692972631542842208 182.262783 0.000000
1692972631542844157 180.931900 0.000000
1692972631719675901 176.826772 0.000000
1692972631808632967 176.804650 0.000000
1692972631824515329 176.580789 0.000000
1692972631896664565 176.795108 0.000000
1692972632250377765 176.566203 0.000000
1692972632250802158 176.571677 0.000000
1692972632338527081 176.775701 0.000000
1692972632426928403 176.538153 0.000000
1692972632427634090 176.491760 0.000000
1692972632692616866 176.700736 0.000000
1692972632708305446 176.602603 0.000000
1692972632869195298 176.614340 0.000000
1692972632958122509 176.896879 0.000000
1692972633046193602 176.555453 0.000000
1692972633223364617 176.525242 0.000000
1692972633488685972 176.513097 0.000000
1692972633576948189 176.715810 0.000000
1692972633577109790 176.713585 0.000000
1692972633665230042 176.739551 0.000000
1692972633754303022 176.610119 0.000000
1692972633841914530 176.566172 0.000000
1692972633842006604 176.492856 0.000000
1692972633945694299 176.537540 0.000000
1692972634019202787 176.516210 0.000000
1692972634107771401 176.393740 0.000000
1692972634196007763 176.562015 0.000000
1692972634372790596 176.621120 0.000000
1692972634387538642 176.619053 0.000000
1692972634461561987 176.829183 0.000000
1692972634638284060 176.870282 0.000000
1692972634814966425 176.554533 0.000000
1692972634829365228 176.590641 0.000000
1692972634904522788 177.213986 0.000000
1692972634992599327 176.534630 0.000000
1692972635081251445 176.694753 0.000000
1692972635168813711 176.706730 0.000000
1692972635168859007 176.850265 0.000000
1692972635435336037 176.974473 0.000000
1692972635611824118 176.556259 0.000000
1692972635612005329 176.489123 0.000000
1692972635876502031 176.569290 0.000000
1692972635877068624 176.722803 0.000000
1692972635965934289 176.546262 0.000000
1692972636053061628 176.667242 0.000000
1692972636406808224 176.733951 0.000000
1692972636406813797 176.677098 0.000000
1692972636672725809 176.500373 0.000000
1692972636937316727 176.653133 0.000000
1692972637025969510 176.712862 0.000000
1692972637026261685 176.781306 0.000000
1692972637115028357 176.640367 0.000000
1692972637290939352 176.569296 0.000000
1692972637292053981 176.641269 0.000000
1692972637379232056 176.675443 0.000000
1692972637556511806 176.600965 0.000000
1692972637822122198 176.658604 0.000000
1692972637822158287 176.484494 0.000000
1692972637910042816 176.749416 0.000000
1692972637998011311 176.647894 0.000000
1692972637999110008 176.589999 0.000000
1692972638011148834 176.624600 0.000000
1692972638086755791 176.605183 0.000000
1692972638087441271 176.561722 0.000000
1692972638263879866 176.608490 0.000000
1692972638351983775 176.594333 0.000000
1692972638352705630 176.591212 0.000000
1692972638440524220 176.633244 0.000000
1692972638794512070 176.691704 0.000000
1692972638883527340 177.077377 0.000000
1692972638883757837 176.989292 0.000000
1692972639236276180 176.584753 0.000000
1692972639325528139 176.593528 0.000000
1692972639501889392 176.591394 0.000000
1692972639502091152 176.547588 0.000000
1692972639590628594 176.489842 0.000000
1692972639679291698 176.516063 0.000000
1692972639679321142 176.504947 0.000000
1692972639767322230 176.804991 0.000000
1692972639777997658 176.485993 0.000000
1692972640033328969 176.671064 0.000000
1692972640042922348 176.555545 0.000000
1692972640298522983 176.697840 0.000000
1692972640307780076 176.453987 0.000000
1692972640475336768 176.590452 0.000000
1692972640475480322 176.715596 0.000000
1692972640651947655 176.796986 0.000000
1692972640828836740 176.922288 0.000000
1692972640829159441 176.784066 0.000000
1692972641005574688 176.593912 0.000000
1692972641005912790 176.619176 0.000000
1692972641182873980 176.622667 0.000000
1692972641182934115 176.662756 0.000000
1692972641271362055 176.941701 0.000000
1692972641447501278 176.634731 0.000000
1692972641447773161 176.471792 0.000000
1692972641448579096 176.775764 0.000000
1692972641448649270 177.119599 0.000000
1692972641625282011 176.641351 0.000000
1692972641625369244 176.671421 0.000000
1692972641890154961 176.602801 0.000000
1692972641979320296 176.658887 0.000000
1692972642421567699 176.482043 0.000000
1692972642429281390 176.536251 0.000000
1692972642509867420 176.840423 0.000000
1692972642509986151 176.738852 0.000000
1692972642598729765 176.766135 0.000000
1692972642686359202 176.624415 0.000000
1692972642774464124 176.541778 0.000000
1692972642774815412 176.549165 0.000000
1692972642775494803 176.820792 0.000000
1692972642863153552 176.699134 0.000000
1692972642863487935 176.863521 0.000000
1692972643040172690 176.627687 0.000000
1692972643040611697 176.640121 0.000000
1692972643129043183 176.457160 0.000000
1692972643393623396 176.782436 0.000000
1692972643394459427 176.946603 0.000000
1692972643481768386 176.601750 0.000000
1692972643571208735 176.610640 0.000000
1692972643658441362 176.645256 0.000000
1692972643659693536 176.709145 0.000000
1692972643659743001 176.740633 0.000000
1692972643754917670 176.583077 0.000000
1692972644012787522 176.598969 0.000000
1692972644542620682 176.649835 0.000000
1692972644808405766 176.558789 0.000000
1692972645073644227 176.767563 0.000000
1692972645073749697 176.891211 0.000000
1692972645074690526 176.544525 0.000000
1692972645169378580 176.590200 0.000000
1692972645339082641 176.857588 0.000000
1692972645604667230 176.567742 0.000000
1692972645692833473 176.689316 0.000000
1692972645781101933 176.586280 0.000000
1692972645870376930 176.755003 0.000000
1692972645957917833 176.686714 0.000000
1692972646311462988 176.573925 0.000000
1692972646400431001 176.626989 0.000000
1692972646577150659 176.511910 0.000000
1692972646577313052 176.454897 0.000000
1692972646842110913 176.707059 0.000000
1692972646842164011 176.533025 0.000000
1692972646842653676 176.733706 0.000000
1692972647018487283 176.616208 0.000000
1692972647548717290 176.642678 0.000000
1692972647550135185 176.641739 0.000000
1692972647637750949 176.410418 0.000000
1692972647726645821 176.536420 0.000000
1692972647814116418 176.672382 0.000000
1692972647814252043 176.515391 0.000000
1692972647814305417 176.542982 0.000000
1692972647815228029 176.595649 0.000000
1692972647990847792 176.573858 0.000000
1692972648079431878 176.689631 0.000000
1692972648256374026 176.828444 0.000000
1692972648257415520 176.561227 0.000000
1692972648344996368 176.639018 0.000000
1692972648610530682 176.802313 0.000000
1692972648610815700 176.594058 0.000000
1692972648610867966 176.562670 0.000000
1692972648787452217 176.597251 0.000000
1692972648875816322 176.888213 0.000000
1692972648964880596 177.085818 0.000000
1692972648968963527 176.559899 0.000000
1692972649052598998 176.674309 0.000000
1692972649142011051 176.651595 0.000000
1692972649406439909 176.547844 0.000000
1692972649494445950 176.601985 0.000000
1692972649495266781 176.485649 0.000000
1692972649495375338 176.547944 0.000000
1692972649583000774 176.629348 0.000000
1692972649583030653 176.546400 0.000000
1692972649759714274 176.744557 0.000000
1692972649760095641 176.613066 0.000000
1692972650025137591 176.436353 0.000000
1692972650113812713 176.591930 0.000000
1692972650114376264 176.710169 0.000000
1692972650378979141 176.694213 0.000000
1692972650467635033 176.471795 0.000000
1692972650555251767 176.625771 0.000000
1692972650555511642 176.516449 0.000000
1692972650555706706 176.532822 0.000000
1692972650644065527 176.464894 0.000000
1692972651089279589 176.539631 0.000000
1692972651262881437 176.763970 0.000000
1692972651439626984 176.569679 0.000000
1692972651528050094 176.819923 0.000000
1692972651616287341 176.580531 0.000000
1692972651616349255 176.596899 0.000000
1692972651704832380 176.597062 0.000000
1692972652058424394 176.620769 0.000000
1692972652147537483 176.516717 0.000000
1692972652235464723 176.426636 0.000000
1692972652236238123 176.564482 0.000000
1692972652943018887 176.458139 0.000000
1692972653297298942 176.550257 0.000000
1692972653474301081 176.958738 0.000000
1692972653828147189 177.026295 0.000000
1692972654004887138 176.637751 0.000000
1692972654181573334 176.694014 0.000000
1692972654270863013 176.452232 0.000000
1692972654358527675 176.796549 0.000000
1692972654358570590 176.924026 0.000000
1692972654358625192 176.539717 0.000000
1692972654359060631 176.548692 0.000000
1692972654446985082 176.514688 0.000000
1692972654535436450 176.839593 0.000000
1692972654890252407 176.580455 0.000000
1692972654978585349 176.532869 0.000000
1692972655066477871 176.515539 0.000000
1692972655155318213 176.578033 0.000000
1692972655242594555 176.589936 0.000000
1692972655331304224 176.685133 0.000000
1692972655949935567 176.622612 0.000000
1692972656038276412 176.654861 0.000000
1692972656127732555 176.692187 0.000000
1692972656127837941 176.736129 0.000000
1692972656304116465 176.982969 0.000000
1692972656304654933 176.711045 0.000000
1692972656392533266 176.852986 0.000000
1692972656481459341 176.766534 0.000000
1692972656569553246 176.787614 0.000000
1692972656569696955 176.603415 0.000000
1692972656746836011 176.603952 0.000000
1692972656835075515 176.547115 0.000000
1692972656923833950 176.737958 0.000000
1692972657011417416 176.589297 0.000000
1692972657188609394 176.573665 0.000000
1692972657189433978 176.596422 0.000000
1692972657278043546 176.811659 0.000000
1692972657365083352 176.583522 0.000000
1692972657454770592 176.666866 0.000000
1692972657631528496 176.564443 0.000000
1692972657896528682 176.776372 0.000000
1692972657984988692 177.207224 0.000000
1692972658073373086 176.584859 0.000000
1692972658339547277 176.942220 0.000000
1692972658427009905 176.608419 0.000000
1692972658515326681 176.768486 0.000000
1692972658604247437 176.552865 0.000000
1692972658692623096 176.601617 0.000000
1692972658780467422 176.689959 0.000000
1692972658957480442 176.553902 0.000000
1692972658958461460 176.495416 0.000000
1692972658958621202 176.600585 0.000000
1692972659310996261 176.641915 0.000000
1692972659312125820 176.572799 0.000000
1692972659400242214 176.574046 0.000000
1692972659576335331 176.714218 0.000000
1692972659576379890 176.840462 0.000000
1692972659753287082 176.648294 0.000000
1692972659930293354 176.615298 0.000000
1692972660019237550 176.556020 0.000000
1692972660107272178 176.743556 0.000000
1692972660196054775 176.810796 0.000000
1692972660283788674 176.655689 0.000000
1692972660637383824 176.649832 0.000000
1692972660726122204 176.630021 0.000000
1692972661079499322 176.494645 0.000000
1692972661080873263 176.837012 0.000000
1692972661345350187 176.488048 0.000000
1692972661522954908 176.654585 0.000000
1692972661611049990 176.530010 0.000000
1692972661875476918 176.665397 0.000000
1692972662052237630 176.735414 0.000000
1692972662052712497 176.642467 0.000000
1692972662053072182 176.446641 0.000000
1692972662140979456 176.721626 0.000000
1692972662229399955 176.683628 0.000000
1692972662583404964 177.005124 0.000000
1692972662672018480 176.604061 0.000000
1692972662849112431 176.675011 0.000000
1692972662849238549 176.764866 0.000000
1692972662937425274 176.452424 0.000000
1692972662937512888 176.578977 0.000000
1692972663202651783 176.530564 0.000000
1692972663556638211 176.815937 0.000000
1692972663732873850 176.485253 0.000000
1692972663733554133 176.542210 0.000000
1692972663909444206 176.657629 0.000000
1692972663998499135 176.533345 0.000000
1692972664086096096 176.599704 0.000000
1692972664175806258 177.270158 0.000000
1692972664352932116 176.669981 0.000000
1692972664529164844 176.472031 0.000000
1692972664529768158 176.620822 0.000000
1692972664706269116 176.497756 0.000000
1692972665059473412 176.757374 0.000000
1692972665147887860 176.707366 0.000000
1692972665412946747 176.705096 0.000000
1692972665590332662 176.762219 0.000000
1692972665678395146 176.670040 0.000000
1692972665678471729 176.546327 0.000000
1692972665766590543 176.592013 0.000000
1692972665767294686 176.545063 0.000000
1692972665943816806 176.571475 0.000000
1692972666031827870 176.554982 0.000000
1692972666120646687 176.598266 0.000000
1692972666297438148 176.530503 0.000000
1692972666473757865 176.544024 0.000000
1692972666474130893 176.650226 0.000000
1692972666562557743 176.534767 0.000000
1692972666562869338 176.592848 0.000000
1692972666651078582 176.509504 0.000000
1692972666651297501 176.566842 0.000000
1692972666828175704 176.566813 0.000000
1692972666916245904 176.563204 0.000000
1692972666916662433 176.708903 0.000000
1692972666916703679 176.691146 0.000000
1692972667358107281 176.834688 0.000000
1692972667358940625 176.727048 0.000000
1692972667446629092 176.781501 0.000000
1692972667447560915 176.966611 0.000000
1692972667535395862 176.448922 0.000000
1692972667623279687 176.643348 0.000000
1692972667801044924 176.787320 0.000000
1692972667801258268 177.443834 0.000000
1692972667889753146 176.593568 0.000000
1692972667978142824 176.538986 0.000000
1692972668242208828 176.728766 0.000000
1692972668420027631 176.706475 0.000000
1692972668684450139 176.672676 0.000000
1692972668685275870 176.638376 0.000000
1692972668772908902 176.669237 0.000000
1692972669126779424 176.582971 0.000000
1692972669126964164 176.695152 0.000000
1692972669303326220 176.613993 0.000000
1692972669303752642 176.651048 0.000000
1692972669304004819 176.706362 0.000000
1692972669392061039 176.760703 0.000000
1692972669834415620 176.465642 0.000000
1692972669922744729 176.756408 0.000000
1692972670099485295 176.538846 0.000000
1692972670099977155 176.639321 0.000000
1692972670187731241 176.667069 0.000000
1692972670276506018 176.558292 0.000000
1692972670807695018 176.570204 0.000000
1692972670896229195 176.643048 0.000000
1692972670984500494 176.697435 0.000000
1692972671161476135 176.806117 0.000000
1692972671337997478 176.505867 0.000000
1692972671338650027 176.782215 0.000000
1692972671427626021 176.902575 0.000000
1692972671515968901 176.796700 0.000000
1692972671604464954 176.586400 0.000000
1692972671691768996 176.618529 0.000000
1692972671780336329 176.507822 0.000000
1692972671780645133 176.544231 0.000000
1692972671868875637 176.557117 0.000000
1692972672046180327 176.432345 0.000000
1692972672134486702 176.661102 0.000000
1692972672311051950 176.771994 0.000000
1692972672311146665 176.817510 0.000000
1692972672664721845 176.715825 0.000000
1692972672664727070 176.676794 0.000000
1692972672665164193 176.772311 0.000000
1692972672665532770 176.559952 0.000000
1692972672841343337 176.612927 0.000000
1692972672842236060 176.482877 0.000000
1692972672842484367 176.534387 0.000000
1692972673107022895 176.524144 0.000000
1692972673194964440 176.630384 0.000000
1692972673195919783 176.765818 0.000000
1692972673196101351 176.902517 0.000000
1692972673548833152 176.798690 0.000000
1692972673549165214 176.779044 0.000000
1692972673549428878 176.583519 0.000000
1692972673726125596 176.600233 0.000000
1692972673902497002 176.698502 0.000000
1692972673903456730 176.822185 0.000000
1692972673903530988 176.994982 0.000000
1692972673903565779 177.138345 0.000000
1692972673991668419 177.000145 0.000000
1692972674080618613 176.962315 0.000000
1692972674257887819 176.933756 0.000000
1692972674344323018 176.575149 0.000000
1692972674346357437 176.525750 0.000000
1692972674434112206 176.521695 0.000000
1692972674610261815 176.615398 0.000000
1692972674611692328 176.649929 0.000000
1692972674788533446 176.729252 0.000000
1692972675141947646 176.483182 0.000000
1692972675141977291 176.649595 0.000000
1692972675406128649 176.603347 0.000000
1692972675493677234 176.619761 0.000000
1692972675583041878 176.667893 0.000000
1692972675670525696 176.455348 0.000000
1692972675846750042 176.504337 0.000000
1692972676025417658 176.632663 0.000000
1692972676025446735 176.542942 0.000000
1692972676113249520 176.683586 0.000000
1692972676113760654 176.437941 0.000000
1692972676201989219 176.502420 0.000000
1692972676289940920 176.527996 0.000000
1692972676378624665 176.620817 0.000000
1692972676378842838 176.627077 0.000000
1692972676465406420 176.542988 0.000000
1692972676465719676 176.447639 0.000000
1692972676555592974 176.575812 0.000000
1692972676643134883 176.484014 0.000000
1692972676908960992 176.562409 0.000000
1692972677084550032 176.681973 0.000000
1692972677085200180 176.474956 0.000000
1692972677262521259 176.577013 0.000000
1692972677350092770 176.642516 0.000000
1692972677350193720 176.699583 0.000000
1692972677881710293 176.621772 0.000000
1692972678145937558 176.859629 0.000000
1692972678235012160 176.548425 0.000000
1692972678322327705 176.630125 0.000000
1692972678410667212 176.602075 0.000000
1692972678852967428 176.664470 0.000000
1692972678941483005 176.650392 0.000000
1692972678941559613 176.653494 0.000000
1692972679030599193 176.871115 0.000000
1692972679118545780 176.502557 0.000000
1692972679206406838 176.530588 0.000000
1692972679207437551 176.786091 0.000000
1692972679207466674 176.592902 0.000000
1692972679207510205 176.617846 0.000000
