1692972529988239444 144.999082 0.000000
1692972530025558015 144.456892 0.000000
1692972530459852433 144.766105 0.000000
1692972530532540687 144.560027 0.000000
1692972530712686126 144.671550 0.000000
1692972530822215409 144.839066 0.000000
1692972530822247624 144.881158 0.000000
1692972530938068329 144.580440 0.000000
1692972531039904263 144.880611 0.000000
1692972531074768110 144.671184 0.000000
1692972531082875199 144.563940 0.000000
1692972531112230105 144.483834 0.000000
1692972531112479093 144.658145 0.000000
1692972531155010283 144.528473 0.000000
1692972531184885428 144.672643 0.000000
1692972531328962894 144.610899 0.000000
1692972531654747720 144.758688 0.000000
1692972531661569173 144.682977 0.000000
1692972531871990501 144.799967 0.000000
1692972531980664700 144.624241 0.000000
1692972531980708672 144.553050 0.000000
1692972531981188631 144.611722 0.000000
1692972532126752651 145.057963 0.000000
1692972532199401445 145.263244 0.000000
1692972532271516543 144.673459 0.000000
1692972532414771734 144.590753 0.000000
1692972532523152873 144.509794 0.000000
1692972532704985535 144.534681 0.000000
1692972532850898513 144.670327 0.000000
1692972532993882952 144.537423 0.000000
1692972533068007081 144.827959 0.000000
1692972533109169501 144.512081 0.000000
1692972533212455061 144.444197 0.000000
1692972533247155710 144.608102 0.000000
1692972533284425093 144.577428 0.000000
1692972533357300803 144.398515 0.000000
1692972533391695152 144.520325 0.000000
1692972533398466208 144.449734 0.000000
1692972533501889932 144.614482 0.000000
1692972533536347983 144.634499 0.000000
1692972533573894239 144.809000 0.000000
1692972533719013533 144.513629 0.000000
1692972533760152253 144.598107 0.000000
1692972533760177479 144.644604 0.000000
1692972533863321995 144.659156 0.000000
1692972533904758430 144.591073 0.000000
1692972533935372060 145.059960 0.000000
1692972533935945532 144.758619 0.000000
1692972534080385298 144.644071 0.000000
1692972534225235067 144.779966 0.000000
1692972534225640697 144.549613 0.000000
1692972534483986734 144.686900 0.000000
1692972534515346132 144.889670 0.000000
1692972534587337064 144.646175 0.000000
1692972534628519155 144.564496 0.000000
1692972534732908433 144.509552 0.000000
1692972534877233787 144.730686 0.000000
1692972535022037037 144.665720 0.000000
1692972535094628846 144.811354 0.000000
1692972535166924898 144.731298 0.000000
1692972535384531115 144.795361 0.000000
1692972535384564242 144.609133 0.000000
1692972535384702654 144.690231 0.000000
1692972535674585048 144.691790 0.000000
1692972535891877943 144.711031 0.000000
1692972536326280572 144.536339 0.000000
1692972536327095360 144.912312 0.000000
1692972536544342562 144.882111 0.000000
1692972536544420097 144.840063 0.000000
1692972536689147490 144.798798 0.000000
1692972536724233326 144.689254 0.000000
1692972536801788201 144.703793 0.000000
1692972536906813596 144.734003 0.000000
1692972537051218204 144.657220 0.000000
1692972537087037488 144.695993 0.000000
1692972537196172237 144.614920 0.000000
1692972537196359687 144.692862 0.000000
1692972537268238835 144.557713 0.000000
1692972537413149843 144.473517 0.000000
1692972537413337719 144.605403 0.000000
1692972537485825927 144.590514 0.000000
1692972537525646244 144.561712 0.000000
1692972537525705948 144.653091 0.000000
1692972537593774816 144.665434 0.000000
1692972537630872655 144.830386 0.000000
1692972537702546446 144.609778 0.000000
1692972537702998651 144.608446 0.000000
1692972537703178188 144.761466 0.000000
1692972537847145229 144.578481 0.000000
1692972537955719070 144.627406 0.000000
1692972538317719181 144.737634 0.000000
1692972538322044126 144.549338 0.000000
1692972538355218107 144.653230 0.000000
1692972538535196157 144.758348 0.000000
1692972538644681028 144.560499 0.000000
1692972538644759044 144.588408 0.000000
1692972538788668080 144.682899 0.000000
1692972538933588799 144.783120 0.000000
1692972538934321376 144.619504 0.000000
1692972539150599722 144.594958 0.000000
1692972539151804765 144.753150 0.000000
1692972539295637488 144.642889 0.000000
1692972539296463687 144.586594 0.000000
1692972539335325829 144.566236 0.000000
1692972539368766433 144.522173 0.000000
1692972539440324605 144.675040 0.000000
1692972539513373489 144.487097 0.000000
1692972539730375049 144.765238 0.000000
1692972539842124881 144.538426 0.000000
1692972539875645436 144.638955 0.000000
1692972540020234229 144.718405 0.000000
1692972540165220145 144.836042 0.000000
1692972540310249426 145.021492 0.000000
1692972540345837593 144.575367 0.000000
1692972540527450408 144.767007 0.000000
1692972540635015319 144.473736 0.000000
1692972540817066418 144.520534 0.000000
1692972540889656140 144.602159 0.000000
1692972540890116313 144.551677 0.000000
1692972540962499231 144.630009 0.000000
1692972541000467737 144.528795 0.000000
1692972541034429572 144.728172 0.000000
1692972541107168603 144.630379 0.000000
1692972541107297475 144.584864 0.000000
1692972541145341175 144.570334 0.000000
1692972541179415071 144.760349 0.000000
1692972541289891528 144.542270 0.000000
1692972541541630849 144.495701 0.000000
1692972541541851251 144.739337 0.000000
1692972541576461597 144.586683 0.000000
1692972541652098942 144.567207 0.000000
1692972541759093579 144.839600 0.000000
1692972541797100433 144.691462 0.000000
1692972541865994888 144.569268 0.000000
1692972541904063181 144.912253 0.000000
1692972541976832961 144.835561 0.000000
1692972542014212934 144.699891 0.000000
1692972542049269271 144.604664 0.000000
1692972542121556009 144.704546 0.000000
1692972542266626385 144.801922 0.000000
1692972542300530361 144.646712 0.000000
1692972542411468245 144.656083 0.000000
1692972542448577128 144.527846 0.000000
1692972542556624244 144.667515 0.000000
1692972542629076987 144.546695 0.000000
1692972542701518550 144.798604 0.000000
1692972542735486990 144.835359 0.000000
1692972542774198186 144.951424 0.000000
1692972542882668128 144.528206 0.000000
1692972542918810632 144.652895 0.000000
1692972542918908449 144.774022 0.000000
1692972543136511544 144.856979 0.000000
1692972543208835854 144.773224 0.000000
1692972543281395791 144.751599 0.000000
1692972543426703332 144.940859 0.000000
1692972543498794666 144.754276 0.000000
1692972543499021242 144.663470 0.000000
1692972543499158892 144.662463 0.000000
1692972543532540464 144.655136 0.000000
1692972543643357536 144.581799 0.000000
1692972543715986444 144.572573 0.000000
1692972543716052468 144.512524 0.000000
1692972543751997503 144.607344 0.000000
1692972543788757818 144.615624 0.000000
1692972543860681453 144.678034 0.000000
1692972543933344675 144.712915 0.000000
1692972543933448195 144.675522 0.000000
1692972544078247731 144.784020 0.000000
1692972544150658541 144.443022 0.000000
1692972544184181632 144.573655 0.000000
1692972544473736981 144.542653 0.000000
1692972544512820967 144.522216 0.000000
1692972544875086556 145.017902 0.000000
1692972544875100829 145.063664 0.000000
1692972545125591757 144.593300 0.000000
1692972545417132877 144.644279 0.000000
1692972545455056814 144.785833 0.000000
1692972545489555500 144.508102 0.000000
1692972545527769019 144.792008 0.000000
1692972545634502432 144.655927 0.000000
1692972545744882935 144.618785 0.000000
1692972546179999746 144.808660 0.000000
1692972546180042355 144.750491 0.000000
1692972546286110387 144.548516 0.000000
1692972546358546857 144.510447 0.000000
1692972546396803732 144.658587 0.000000
1692972546397259791 144.640465 0.000000
1692972546503240230 144.684562 0.000000
1692972546541999577 144.724751 0.000000
1692972546542207840 144.862530 0.000000
1692972546614653230 144.677645 0.000000
1692972546791827523 144.724034 0.000000
1692972546831322703 144.611362 0.000000
1692972546831441459 144.608822 0.000000
1692972546903909262 144.553152 0.000000
1692972546937496061 144.589075 0.000000
1692972546978055568 144.762789 0.000000
1692972547081209662 144.532479 0.000000
1692972547082381138 144.642303 0.000000
1692972547123439007 144.525902 0.000000
1692972547123503251 144.513413 0.000000
1692972547338306585 144.608069 0.000000
1692972547411711188 144.509069 0.000000
1692972547444403539 144.534563 0.000000
1692972547589200010 144.543173 0.000000
1692972547589281830 144.585938 0.000000
1692972547701142821 144.548831 0.000000
1692972547845178726 144.664791 0.000000
1692972547846112014 144.717703 0.000000
1692972547846154357 144.761992 0.000000
1692972547950997760 144.581913 0.000000
1692972548207358717 144.768110 0.000000
1692972548384131100 144.537629 0.000000
1692972548497454922 144.568236 0.000000
1692972548641945102 144.651044 0.000000
1692972548643525598 144.590638 0.000000
1692972548714344445 144.598180 0.000000
1692972548747882004 144.539464 0.000000
1692972548788210520 144.456692 0.000000
1692972548860060086 144.840438 0.000000
1692972549005154744 144.527283 0.000000
1692972549035608140 144.470695 0.000000
1692972549148853354 144.746624 0.000000
1692972549148951076 144.857051 0.000000
1692972549149523826 144.606850 0.000000
1692972549325294177 144.579707 0.000000
1692972549438466382 144.567608 0.000000
1692972549511872533 144.580990 0.000000
1692972549689263301 144.582027 0.000000
1692972549945859398 144.573628 0.000000
1692972550017841788 144.662829 0.000000
1692972550121758678 144.571161 0.000000
1692972550163258954 144.595427 0.000000
1692972550308251840 144.513638 0.000000
1692972550380509358 144.761148 0.000000
1692972550486170133 144.569573 0.000000
1692972550525667713 144.908630 0.000000
1692972550556082319 144.630675 0.000000
1692972550815425941 144.714689 0.000000
1692972550920805939 144.597994 0.000000
1692972551135469786 144.587905 0.000000
1692972551177800531 144.493716 0.000000
1692972551177833517 144.598775 0.000000
1692972551177989840 144.432449 0.000000
1692972551322703357 144.834854 0.000000
1692972551323233924 145.126536 0.000000
1692972551355154111 144.607255 0.000000
1692972551540436020 145.058488 0.000000
1692972551569704985 144.463411 0.000000
1692972551757856163 144.881888 0.000000
1692972551757979704 144.749951 0.000000
1692972551859324686 144.772608 0.000000
1692972551974564421 144.619082 0.000000
1692972552119212305 144.619052 0.000000
1692972552120083323 144.610772 0.000000
1692972552148824748 144.506826 0.000000
1692972552293949900 144.561292 0.000000
1692972552369099910 144.465825 0.000000
1692972552481439685 144.529263 0.000000
1692972552482368287 144.556430 0.000000
1692972552554321999 144.500100 0.000000
1692972552627145691 144.578518 0.000000
1692972552698872651 144.533568 0.000000
1692972552699147570 144.434798 0.000000
1692972552988560479 144.806968 0.000000
1692972553090096503 144.703818 0.000000
1692972553237943757 144.634161 0.000000
1692972553423454861 144.537717 0.000000
1692972553454935106 144.574207 0.000000
1692972553712828027 144.717525 0.000000
1692972553858507410 144.788730 0.000000
1692972553930618954 144.584706 0.000000
1692972554074985418 144.728165 0.000000
1692972554075727727 144.774913 0.000000
1692972554148215384 144.686523 0.000000
1692972554220384645 144.885670 0.000000
1692972554220425766 144.727197 0.000000
1692972554292045266 144.553829 0.000000
1692972554437397013 144.523714 0.000000
1692972554727091805 144.496846 0.000000
1692972554799992711 144.602708 0.000000
1692972555016702176 144.782364 0.000000
1692972555668595906 144.715935 0.000000
1692972555843426665 144.620823 0.000000
1692972555885932195 144.537089 0.000000
1692972555886662912 144.643722 0.000000
1692972555958052950 144.608556 0.000000
1692972555988199818 144.672239 0.000000
1692972556030892844 144.700178 0.000000
1692972556031113015 144.480748 0.000000
1692972556176035304 144.594908 0.000000
1692972556247939154 144.588858 0.000000
1692972556277957614 144.841697 0.000000
1692972556320845943 144.801133 0.000000
1692972556538074797 144.517127 0.000000
1692972556538364567 144.607387 0.000000
1692972556640270116 144.714731 0.000000
1692972556754768894 144.543479 0.000000
1692972556857463683 144.692005 0.000000
1692972556971997939 144.687079 0.000000
1692972556972995270 144.554885 0.000000
1692972557075360058 144.526399 0.000000
1692972557146860466 144.565375 0.000000
1692972557262508121 144.514036 0.000000
1692972557262619720 144.537245 0.000000
1692972557334031762 144.553819 0.000000
1692972557334085071 144.598937 0.000000
1692972557334937429 144.572530 0.000000
1692972557407111238 144.585120 0.000000
1692972557509903297 144.742465 0.000000
1692972557551537795 144.608174 0.000000
1692972557581670585 144.727081 0.000000
1692972557798622157 144.550603 0.000000
1692972557871851608 144.528493 0.000000
1692972558161109756 144.523581 0.000000
1692972558204308812 144.515819 0.000000
1692972558275648652 144.586521 0.000000
1692972558565457409 144.659116 0.000000
1692972558669260692 144.580113 0.000000
1692972558710097842 144.517923 0.000000
1692972558854923911 144.686580 0.000000
1692972558855467012 144.584609 0.000000
1692972558885645514 144.668899 0.000000
1692972558958183571 144.622121 0.000000
1692972559072983563 144.914043 0.000000
1692972559144792096 144.541308 0.000000
1692972559217260466 144.688028 0.000000
1692972559217306337 144.771482 0.000000
1692972559217797413 144.608679 0.000000
1692972559289762334 144.654971 0.000000
1692972559362417964 144.792200 0.000000
1692972559434777787 144.588467 0.000000
1692972559435096021 144.819814 0.000000
1692972559465492053 144.632012 0.000000
1692972559579765552 144.703800 0.000000
1692972559580102775 144.791619 0.000000
1692972559682199494 144.565824 0.000000
1692972559682232601 144.551611 0.000000
1692972559724749532 144.709978 0.000000
1692972559755008936 144.586045 0.000000
1692972559899486125 144.571267 0.000000
1692972560014291023 144.604153 0.000000
1692972560087289188 144.847293 0.000000
1692972560116782583 144.729304 0.000000
1692972560231470815 144.572940 0.000000
1692972560304500152 144.575983 0.000000
1692972560304578404 144.559824 0.000000
1692972560304605798 144.567247 0.000000
1692972560334245378 144.431993 0.000000
1692972560376621647 144.513091 0.000000
1692972560448882430 144.705864 0.000000
1692972560521568691 144.586346 0.000000
1692972560666102014 144.517391 0.000000
1692972560666412666 144.557229 0.000000
1692972560696132722 144.619423 0.000000
1692972560811263586 144.860629 0.000000
1692972560811368776 144.733167 0.000000
1692972560986224404 144.854800 0.000000
1692972561028284853 144.763676 0.000000
1692972561130882016 144.634729 0.000000
1692972561203528033 144.578407 0.000000
1692972561245883720 144.735713 0.000000
1692972561276301296 144.823436 0.000000
1692972561463286519 144.604253 0.000000
1692972561535101386 144.625007 0.000000
1692972561535285699 144.540194 0.000000
1692972561752546794 144.561940 0.000000
1692972561897336868 144.654579 0.000000
1692972561969935686 144.796835 0.000000
1692972562000009965 144.557079 0.000000
1692972562042141891 144.709938 0.000000
1692972562145373525 144.547996 0.000000
1692972562145527006 144.615578 0.000000
1692972562362371814 144.539546 0.000000
1692972562404606800 144.692948 0.000000
1692972562548974377 144.595071 0.000000
1692972562549649771 144.484434 0.000000
1692972562579400779 144.643107 0.000000
1692972562651721486 144.635745 0.000000
1692972562693627081 144.631560 0.000000
1692972562724681191 144.612968 0.000000
1692972562869122871 144.611935 0.000000
1692972562869798745 144.607670 0.000000
1692972562911782818 144.770729 0.000000
1692972563013800718 144.662041 0.000000
1692972563056050864 144.697735 0.000000
1692972563056238726 144.434027 0.000000
1692972563231242937 144.791036 0.000000
1692972563273435735 144.630162 0.000000
1692972563345858934 144.779403 0.000000
1692972563346124596 144.582170 0.000000
1692972563418131740 144.695548 0.000000
1692972563521386211 144.768659 0.000000
1692972563563015325 144.562174 0.000000
1692972563563684208 144.830847 0.000000
1692972563635806704 144.615668 0.000000
1692972563708316841 144.513673 0.000000
1692972563780181465 144.655962 0.000000
1692972563852672765 144.671393 0.000000
1692972563925549568 144.558487 0.000000
1692972563997376502 144.658598 0.000000
1692972564070214796 144.590664 0.000000
1692972564244989133 144.546025 0.000000
1692972564317334957 144.539400 0.000000
1692972564360057500 144.580586 0.000000
1692972564462055929 144.602000 0.000000
1692972564505131096 144.832821 0.000000
1692972564577015163 144.486272 0.000000
1692972564577322281 144.648609 0.000000
1692972564679740921 144.750586 0.000000
1692972564721982577 144.691083 0.000000
1692972564794670612 144.588439 0.000000
1692972564824798144 144.944922 0.000000
1692972564867256709 144.602918 0.000000
1692972564896990617 144.550692 0.000000
1692972564969358804 144.514212 0.000000
1692972565012086137 144.846238 0.000000
1692972565012342448 144.644268 0.000000
1692972565083930397 144.607287 0.000000
1692972565258837187 144.605576 0.000000
1692972565374511029 144.665149 0.000000
1692972565518787072 144.520729 0.000000
1692972565518827226 144.583131 0.000000
1692972565590984105 144.597850 0.000000
1692972565591452043 144.659449 0.000000
1692972565620952668 144.604863 0.000000
1692972565663842355 144.529005 0.000000
1692972565693552849 144.671923 0.000000
1692972565881623971 145.070202 0.000000
1692972565911022983 144.784115 0.000000
1692972565953166384 144.804331 0.000000
1692972565953165783 144.677702 0.000000
1692972565953225186 144.837718 0.000000
1692972566025784751 144.721914 0.000000
1692972566025825711 144.793781 0.000000
1692972566056037710 144.787586 0.000000
1692972566098282751 144.671220 0.000000
1692972566127738306 144.539433 0.000000
1692972566170737681 144.643060 0.000000
1692972566170863944 144.510292 0.000000
1692972566243296749 144.662390 0.000000
1692972566315741609 144.811236 0.000000
1692972566533342584 144.780824 0.000000
1692972566562488301 144.493834 0.000000
1692972566750606206 145.071690 0.000000
1692972566895340543 144.674453 0.000000
1692972566967947952 144.611314 0.000000
1692972567112724925 144.476347 0.000000
1692972567141779801 144.670945 0.000000
1692972567402037235 144.821604 0.000000
1692972567474206333 144.572791 0.000000
1692972567504478576 144.652766 0.000000
1692972567648968956 144.659622 0.000000
1692972567836337124 144.471351 0.000000
1692972567866430046 144.838752 0.000000
1692972567909198625 144.540346 0.000000
1692972568010967214 144.647849 0.000000
1692972568011082382 144.721471 0.000000
1692972568053730867 144.791133 0.000000
1692972568155841480 144.746107 0.000000
1692972568198327909 144.585395 0.000000
1692972568198808450 144.765835 0.000000
1692972568271201969 144.761940 0.000000
1692972568416103188 144.657207 0.000000
1692972568488786380 144.628801 0.000000
1692972568517958072 144.626942 0.000000
1692972568561002019 144.526375 0.000000
1692972568561486636 144.718034 0.000000
1692972568633020644 144.690483 0.000000
1692972568777686331 144.592887 0.000000
1692972568777842914 144.641194 0.000000
1692972568807696280 144.634715 0.000000
1692972568994804483 144.615756 0.000000
1692972568994854730 144.707504 0.000000
1692972569067688962 144.660203 0.000000
1692972569212743521 144.508300 0.000000
1692972569242583190 144.705438 0.000000
1692972569532682179 144.824194 0.000000
1692972569574108546 144.678365 0.000000
1692972569574228831 144.604288 0.000000
1692972569604606749 144.589349 0.000000
1692972569605265334 144.811920 0.000000
1692972569647169270 144.630795 0.000000
1692972569750525886 145.019282 0.000000
1692972569936757608 144.574128 0.000000
1692972570081440860 144.620100 0.000000
1692972570111992402 144.874626 0.000000
1692972570153469341 144.655542 0.000000
1692972570184771355 144.576388 0.000000
1692972570256671503 144.608337 0.000000
1692972570443851261 144.627883 0.000000
1692972570474676338 144.620986 0.000000
1692972570515783935 144.691872 0.000000
1692972570660956533 144.519937 0.000000
1692972570732974424 144.677177 0.000000
1692972570805453953 144.600118 0.000000
1692972570805907857 144.751650 0.000000
1692972570980800414 144.628023 0.000000
1692972570980846161 144.758656 0.000000
1692972571198004517 144.700985 0.000000
1692972571198007717 144.731788 0.000000
1692972571240678960 144.824809 0.000000
1692972571313051790 144.540639 0.000000
1692972571530234625 144.485948 0.000000
1692972571560458491 144.809509 0.000000
1692972571602620005 144.496487 0.000000
1692972571747102249 144.698582 0.000000
1692972571819363054 144.609334 0.000000
1692972572139834637 144.733882 0.000000
1692972572181497553 144.605439 0.000000
1692972572212155983 144.631740 0.000000
1692972572254317501 144.680358 0.000000
1692972572326704349 144.526616 0.000000
1692972572471373231 144.793702 0.000000
1692972572544053991 144.697342 0.000000
1692972572616487166 144.615377 0.000000
1692972572689190143 144.780075 0.000000
1692972572792038694 144.798688 0.000000
1692972572833526623 144.628884 0.000000
1692972572906659353 144.693579 0.000000
1692972573082051084 144.869271 0.000000
1692972573123239984 144.624463 0.000000
1692972573268265889 144.590850 0.000000
1692972573299714665 144.774211 0.000000
1692972573341430268 144.736859 0.000000
1692972573412993061 144.710919 0.000000
1692972573443919322 144.656642 0.000000
1692972573630398713 144.625791 0.000000
1692972573661035607 144.603044 0.000000
1692972573703088197 144.799835 0.000000
1692972573848541275 144.640365 0.000000
1692972573878930269 144.507873 0.000000
1692972573920152928 144.651501 0.000000
1692972573920365822 144.557197 0.000000
1692972573921025148 144.635754 0.000000
1692972574064796800 144.619571 0.000000
1692972574065278244 144.599420 0.000000
1692972574065562604 144.543169 0.000000
1692972574386044998 144.781983 0.000000
1692972574427655218 144.632818 0.000000
1692972574500443893 144.794944 0.000000
1692972574530280539 144.656126 0.000000
1692972574572775747 144.838594 0.000000
1692972574572787239 145.091291 0.000000
1692972574603047032 144.571294 0.000000
1692972574675436250 144.501162 0.000000
1692972574861851706 144.628867 0.000000
1692972575514472189 144.534173 0.000000
1692972575586289623 144.649170 0.000000
1692972575617139146 144.900643 0.000000
1692972575658880874 144.534462 0.000000
1692972575689234872 144.577037 0.000000
1692972575731637675 144.524048 0.000000
1692972575803426729 144.578019 0.000000
1692972575803482904 144.595686 0.000000
1692972575875984092 144.737335 0.000000
1692972576093290792 144.677891 0.000000
1692972576093677319 144.702684 0.000000
1692972576238158398 144.800194 0.000000
1692972576310892251 144.618563 0.000000
1692972576455671402 144.733520 0.000000
1692972576455806065 144.644684 0.000000
1692972576528063946 144.534106 0.000000
1692972576558103558 144.539740 0.000000
1692972576775423674 144.670403 0.000000
1692972576818303851 144.704016 0.000000
1692972576963137960 144.814218 0.000000
1692972576963325736 144.608856 0.000000
1692972577108400088 144.847961 0.000000
1692972577181029517 144.739423 0.000000
1692972577253380410 144.635692 0.000000
1692972577283301206 144.491061 0.000000
1692972577325391519 144.661798 0.000000
1692972577355418106 144.635046 0.000000
1692972577427635037 144.634059 0.000000
1692972577470353794 144.650557 0.000000
1692972577470832927 144.627262 0.000000
1692972577471030867 144.765399 0.000000
1692972577542722388 144.620808 0.000000
1692972577572759905 144.778339 0.000000
1692972577615326820 144.730523 0.000000
1692972577687868566 144.526784 0.000000
1692972577905124903 144.935158 0.000000
1692972577905124858 144.616442 0.000000
1692972577905303337 144.600856 0.000000
1692972577935138419 144.578122 0.000000
1692972578224877038 144.645670 0.000000
1692972578413038822 144.815859 0.000000
1692972578485532937 144.982788 0.000000
1692972578732039352 144.704567 0.000000
1692972578876671926 144.626274 0.000000
1692972578949205418 144.705188 0.000000
1692972578992937127 144.733785 0.000000
1692972578993303889 144.630550 0.000000
1692972579093770475 144.602575 0.000000
1692972579355740290 144.831953 0.000000
1692972579355831963 144.911913 0.000000
1692972579428297918 144.617745 0.000000
1692972579428657788 144.671305 0.000000
1692972579500575314 144.731599 0.000000
1692972579501134603 144.584252 0.000000
1692972579673225559 144.555440 0.000000
1692972579790567666 144.790841 0.000000
1692972579863198799 144.717848 0.000000
1692972580080923372 144.743071 0.000000
1692972580225935682 144.619603 0.000000
1692972580443644492 145.004727 0.000000
1692972580515468892 144.555118 0.000000
1692972580542378209 144.520022 0.000000
1692972580542467932 144.539893 0.000000
1692972580587994565 144.669751 0.000000
1692972580588122036 144.803987 0.000000
1692972580614820338 144.495966 0.000000
1692972580660510259 144.790450 0.000000
1692972580660620240 144.510610 0.000000
1692972580732972049 144.842205 0.000000
1692972580759679893 144.790661 0.000000
1692972580878202922 144.804913 0.000000
1692972581121789082 144.629541 0.000000
1692972581167438180 144.563333 0.000000
1692972581385214461 144.539121 0.000000
1692972581529958608 144.707838 0.000000
1692972581602116046 144.668371 0.000000
1692972581701075231 144.521255 0.000000
1692972581819969381 145.158945 0.000000
1692972581820005050 144.881720 0.000000
1692972581892413119 144.652304 0.000000
1692972581990631407 144.552276 0.000000
1692972582182443130 144.950426 0.000000
1692972582207781705 144.609459 0.000000
1692972582327691608 144.856422 0.000000
1692972582399995461 144.780095 0.000000
1692972582400232576 144.732735 0.000000
1692972582424823950 144.632904 0.000000
1692972582497109766 144.452019 0.000000
1692972582569720561 144.729758 0.000000
1692972582617608372 144.632747 0.000000
1692972582641781930 144.640466 0.000000
1692972582690227000 144.858357 0.000000
1692972582714336360 144.575099 0.000000
1692972583052791976 144.727097 0.000000
1692972583052985084 144.684142 0.000000
1692972583148741842 144.680924 0.000000
1692972583342590494 144.671022 0.000000
1692972583365831918 144.653846 0.000000
1692972583560316757 144.849431 0.000000
1692972583632875576 144.779794 0.000000
1692972583944746599 144.573551 0.000000
1692972583995065866 144.577169 0.000000
1692972583995333292 144.914953 0.000000
1692972584140394684 144.755913 0.000000
1692972584357426986 144.563326 0.000000
1692972584429903990 144.883094 0.000000
1692972584720335071 144.837808 0.000000
1692972584865457896 144.807889 0.000000
1692972585082876008 144.742958 0.000000
1692972585176196953 144.571244 0.000000
1692972585227475668 144.603914 0.000000
1692972585320900083 144.581037 0.000000
1692972585372368393 144.694686 0.000000
1692972585734936262 144.780901 0.000000
1692972585734988784 144.824577 0.000000
1692972585879955702 144.869722 0.000000
1692972585879994587 144.963455 0.000000
1692972585900048323 144.586174 0.000000
1692972585900098229 144.541766 0.000000
1692972586024945903 144.774330 0.000000
1692972586097290404 144.769730 0.000000
1692972586117198267 144.690410 0.000000
1692972586169825417 144.772561 0.000000
1692972586387371816 144.851590 0.000000
1692972586387540789 144.739404 0.000000
1692972586551355206 144.559857 0.000000
1692972586604335206 144.779496 0.000000
1692972586677090786 144.548089 0.000000
1692972586749297086 144.691177 0.000000
1692972586822160057 144.723167 0.000000
1692972586841270612 144.993278 0.000000
1692972586967047354 144.480778 0.000000
1692972587038702313 144.659613 0.000000
1692972587131104183 144.599589 0.000000
1692972587183747206 144.708291 0.000000
1692972587473384701 144.605787 0.000000
1692972587473724896 144.550374 0.000000
1692972587473779472 144.549101 0.000000
1692972587546245661 144.593815 0.000000
1692972587835386944 144.629468 0.000000
1692972587907945391 144.688450 0.000000
1692972587926543476 144.590151 0.000000
1692972588125006331 144.649679 0.000000
1692972588216100705 144.660454 0.000000
1692972588270351662 144.739273 0.000000
1692972588360790112 144.504718 0.000000
1692972588414626270 144.549532 0.000000
1692972588487072977 144.675189 0.000000
1692972588578370598 144.679715 0.000000
1692972588921460599 144.642523 0.000000
1692972588922225010 144.777025 0.000000
1692972589138911385 144.628470 0.000000
1692972589139577421 144.523005 0.000000
1692972589157583501 144.667540 0.000000
1692972589356289490 144.866322 0.000000
1692972589591716396 144.477569 0.000000
1692972589646097049 144.690423 0.000000
1692972589736651107 144.620021 0.000000
1692972589809338037 144.838272 0.000000
1692972589863867105 144.674733 0.000000
1692972589936186657 144.602644 0.000000
1692972589936306229 144.651243 0.000000
1692972590008613343 144.466383 0.000000
1692972590080859359 144.663677 0.000000
1692972590081112592 144.940719 0.000000
1692972590298248129 144.875814 0.000000
1692972590388351966 144.587750 0.000000
1692972590460626338 144.535017 0.000000
1692972590532981848 144.563423 0.000000
1692972590588943077 144.913681 0.000000
1692972590749885222 144.498793 0.000000
1692972590950542471 144.554602 0.000000
1692972590950758487 144.543086 0.000000
1692972591023547885 144.545291 0.000000
1692972591112033945 144.544088 0.000000
1692972591256738250 144.676100 0.000000
1692972591256861401 144.722082 0.000000
1692972591385642017 144.927734 0.000000
1692972591530307733 144.695524 0.000000
1692972591546302622 144.512415 0.000000
1692972591546562586 144.698115 0.000000
1692972591675888482 144.810049 0.000000
1692972591964959975 144.592681 0.000000
1692972592037496114 144.726542 0.000000
1692972592037524139 144.827456 0.000000
1692972592053022200 144.656329 0.000000
1692972592125229116 144.614046 0.000000
1692972592270075865 144.490688 0.000000
1692972592400407593 144.575455 0.000000
1692972592414679902 144.672585 0.000000
1692972592414770247 144.677547 0.000000
1692972592472547823 144.690583 0.000000
1692972592487240874 144.634597 0.000000
1692972592545545384 145.062046 0.000000
1692972592559347261 144.643038 0.000000
1692972592762991767 144.736791 0.000000
1692972592835357189 144.605079 0.000000
1692972592849092140 144.611444 0.000000
1692972592921400586 144.463380 0.000000
1692972592980580229 144.792154 0.000000
1692972593052563328 144.593843 0.000000
1692972593342550681 144.596759 0.000000
1692972593342757626 144.721654 0.000000
1692972593487542342 144.795752 0.000000
1692972593487560374 144.719770 0.000000
1692972593560099109 145.011663 0.000000
1692972593560114439 144.764289 0.000000
1692972593573010688 144.647317 0.000000
1692972593632596313 144.567226 0.000000
1692972593717673651 144.639354 0.000000
1692972593862567405 144.563868 0.000000
1692972593922230214 144.612375 0.000000
1692972593922899252 144.736599 0.000000
1692972594067363990 144.697930 0.000000
1692972594067830709 144.669489 0.000000
1692972594067904515 144.766850 0.000000
1692972594139539136 144.635929 0.000000
1692972594139780601 144.637333 0.000000
1692972594357238284 144.482644 0.000000
1692972594501918962 144.665393 0.000000
1692972594574449909 144.647401 0.000000
1692972594586520500 144.527523 0.000000
1692972594646899808 144.872644 0.000000
1692972594864514344 144.526375 0.000000
1692972594864825377 144.723623 0.000000
1692972594936864466 144.784891 0.000000
1692972595020961392 144.763620 0.000000
1692972595153903169 144.661599 0.000000
1692972595238124574 144.697828 0.000000
1692972595371521975 144.564108 0.000000
1692972595443395500 144.596307 0.000000
1692972595444013856 144.592383 0.000000
1692972595455323234 144.607188 0.000000
1692972595733916520 144.773514 0.000000
1692972595806161772 144.638527 0.000000
1692972596023701925 144.904686 0.000000
1692972596023918628 144.998709 0.000000
1692972596095831229 144.723452 0.000000
1692972596168448100 144.730369 0.000000
1692972596313468642 144.593229 0.000000
1692972596313477588 144.594217 0.000000
1692972596530896123 144.563300 0.000000
1692972596530935960 144.852175 0.000000
1692972596540968879 144.544797 0.000000
1692972596748612188 144.763474 0.000000
1692972596893111520 144.822878 0.000000
1692972596975017088 144.515395 0.000000
1692972597110432694 144.722856 0.000000
1692972597111088021 145.058735 0.000000
1692972597120040571 144.518941 0.000000
1692972597400754258 144.903233 0.000000
1692972597409457644 144.543990 0.000000
1692972597690956550 144.764598 0.000000
1692972597691049456 144.799428 0.000000
1692972597835943855 144.856215 0.000000
1692972597843447575 144.601965 0.000000
1692972597980612650 144.621280 0.000000
1692972598060332014 144.485478 0.000000
1692972598125668654 144.844002 0.000000
1692972598125685007 144.821995 0.000000
1692972598270751479 144.747782 0.000000
1692972598277550744 144.481990 0.000000
1692972598488168063 144.787956 0.000000
1692972598712023103 144.596120 0.000000
1692972599141584097 145.025543 0.000000
1692972599214087239 144.784663 0.000000
1692972599286542168 144.915893 0.000000
1692972599363652634 144.723646 0.000000
1692972599648749363 144.835014 0.000000
1692972599797750583 144.533680 0.000000
1692972599866886094 144.869119 0.000000
1692972599942337897 144.558092 0.000000
1692972600304815725 144.521441 0.000000
1692972600374880183 144.680902 0.000000
1692972600447354857 144.578217 0.000000
1692972600519743898 144.854860 0.000000
1692972600519947596 144.791358 0.000000
1692972600592158905 144.716098 0.000000
1692972600664256008 144.500538 0.000000
1692972600664594835 144.628119 0.000000
1692972600736731850 144.557405 0.000000
1692972600739039284 144.449849 0.000000
1692972600809219451 144.525250 0.000000
1692972600881967455 144.649128 0.000000
1692972600954358481 144.803732 0.000000
1692972601028147117 144.379155 0.000000
1692972601028423935 144.616055 0.000000
1692972601100669979 144.453778 0.000000
1692972601171338033 144.774914 0.000000
1692972601171848759 144.778948 0.000000
1692972601316128694 144.643063 0.000000
1692972601533723630 144.810021 0.000000
1692972601534132405 144.640046 0.000000
1692972601606315276 144.710289 0.000000
1692972601607664174 144.970168 0.000000
1692972601752604016 144.790345 0.000000
1692972601970051290 144.712580 0.000000
1692972602041554062 144.407396 0.000000
1692972602258613739 144.461566 0.000000
1692972602329895002 144.447162 0.000000
1692972602331081808 144.751850 0.000000
1692972602331636737 144.502205 0.000000
1692972602547566811 144.680825 0.000000
1692972602548849239 144.896687 0.000000
1692972602692024654 144.797307 0.000000
1692972602764589608 144.653833 0.000000
1692972602764595271 144.742579 0.000000
1692972602838493391 145.026492 0.000000
1692972602838521972 144.796875 0.000000
1692972603054541870 144.750307 0.000000
1692972603127167285 144.647042 0.000000
1692972603272267995 144.899162 0.000000
1692972603416757079 144.716483 0.000000
1692972603490978184 144.927382 0.000000
1692972603708011494 144.467405 0.000000
1692972603779897752 144.567812 0.000000
1692972603851725479 144.704159 0.000000
1692972603852055946 144.611458 0.000000
1692972603924723684 144.834186 0.000000
1692972603996928086 144.734590 0.000000
1692972603997708032 144.630603 0.000000
1692972604070215713 144.820680 0.000000
1692972604141778534 144.593256 0.000000
1692972604214595093 145.145399 0.000000
1692972604287887401 145.223620 0.000000
1692972604287960736 145.277906 0.000000
1692972604505208659 144.952466 0.000000
1692972604578344694 144.655105 0.000000
1692972604794229306 144.668680 0.000000
1692972604794314739 144.775062 0.000000
1692972604867383954 144.724215 0.000000
1692972604939104783 144.782436 0.000000
1692972605084165018 144.859093 0.000000
1692972605085171465 144.654478 0.000000
1692972605229210699 144.602863 0.000000
1692972605519938254 144.964178 0.000000
1692972605591582910 144.567766 0.000000
1692972605736902423 144.541606 0.000000
1692972605737424956 144.624683 0.000000
1692972605809253064 144.783893 0.000000
1692972605882349962 144.795405 0.000000
1692972605955503217 145.323868 0.000000
1692972606026747869 144.613202 0.000000
1692972606244798836 144.696970 0.000000
1692972606245220836 144.508418 0.000000
1692972606316587026 144.667182 0.000000
1692972606461749196 144.562082 0.000000
1692972606462161850 144.697507 0.000000
1692972606535599916 144.808264 0.000000
1692972606606416840 144.656657 0.000000
1692972606679699544 144.728970 0.000000
1692972606823542613 144.628938 0.000000
1692972607040930670 144.680393 0.000000
1692972607041960407 144.729858 0.000000
1692972607186564055 144.876205 0.000000
1692972607259165643 144.668445 0.000000
1692972607259222069 144.656377 0.000000
1692972607332650728 144.870759 0.000000
1692972607476740233 144.533457 0.000000
1692972607621256986 144.774651 0.000000
1692972607694748210 144.632736 0.000000
1692972607765707273 144.661278 0.000000
1692972607766783067 144.729291 0.000000
1692972607984327491 144.691798 0.000000
1692972608057425732 144.770532 0.000000
1692972608128780650 144.606215 0.000000
1692972608130214931 144.510047 0.000000
1692972608201441456 144.544456 0.000000
1692972608490201409 144.686055 0.000000
1692972608490690485 144.620222 0.000000
1692972608563195814 144.456957 0.000000
1692972608564133025 144.538251 0.000000
1692972608635607230 144.805421 0.000000
1692972608708719213 144.567961 0.000000
1692972608708876554 144.511304 0.000000
1692972608853284328 144.464912 0.000000
1692972608925522868 144.453275 0.000000
1692972609070752725 144.889642 0.000000
1692972609070978148 144.961604 0.000000
1692972609215531440 144.650818 0.000000
1692972609359329442 144.588202 0.000000
1692972609505363577 144.565063 0.000000
1692972609649651777 144.513083 0.000000
1692972609650460796 144.514290 0.000000
1692972609651209096 144.621307 0.000000
1692972609721259376 144.467239 0.000000
1692972609796004347 144.635101 0.000000
1692972609868509285 144.530824 0.000000
1692972609939773898 144.616122 0.000000
1692972610011187036 144.500925 0.000000
1692972610229164369 144.559766 0.000000
1692972610446835350 145.143802 0.000000
1692972610448037131 145.210454 0.000000
1692972610592781090 144.789725 0.000000
1692972610592955114 144.948394 0.000000
1692972610663343141 144.763534 0.000000
1692972610953001413 144.704642 0.000000
1692972610953487883 144.443019 0.000000
1692972611243160258 144.728602 0.000000
1692972611244507647 144.674387 0.000000
1692972611315665130 144.505168 0.000000
1692972611315702662 144.792100 0.000000
1692972611532780642 144.613836 0.000000
1692972611533041949 144.655729 0.000000
1692972611533190258 144.600240 0.000000
1692972611533555506 144.769087 0.000000
1692972611606491966 144.775793 0.000000
1692972611750654734 144.511387 0.000000
1692972611751087765 144.573176 0.000000
1692972611822383013 144.564842 0.000000
1692972611823262185 145.010466 0.000000
1692972611823951365 144.576008 0.000000
1692972611967746585 144.514296 0.000000
1692972612039694234 144.708255 0.000000
1692972612185915598 144.762501 0.000000
1692972612258070587 144.536030 0.000000
1692972612474338635 144.717020 0.000000
1692972612619961368 144.843774 0.000000
1692972612620296832 144.771586 0.000000
1692972612692965655 144.589038 0.000000
1692972612765214959 144.704044 0.000000
1692972612838206627 145.219446 0.000000
1692972612838266766 145.113150 0.000000
1692972613055448937 144.609851 0.000000
1692972613271315320 144.695860 0.000000
1692972613271749018 144.678384 0.000000
1692972613344827397 144.482200 0.000000
1692972613345096727 144.380849 0.000000
1692972613489955097 144.490892 0.000000
1692972613778302656 144.510580 0.000000
1692972613778494938 144.502441 0.000000
1692972613851495000 144.587413 0.000000
1692972614067456800 144.603030 0.000000
1692972614067801611 144.724752 0.000000
1692972614142000202 144.625587 0.000000
1692972614212581807 144.813874 0.000000
1692972614213486799 144.502316 0.000000
1692972614214576594 144.671083 0.000000
1692972614357786489 144.720186 0.000000
1692972614357908231 144.764545 0.000000
1692972614429582585 144.549470 0.000000
1692972614720108294 144.663019 0.000000
1692972614792731766 144.547726 0.000000
1692972615010101200 144.829761 0.000000
1692972615301108225 144.728967 0.000000
1692972615663905893 144.654358 0.000000
1692972615735764806 144.967475 0.000000
1692972615806887372 144.640537 0.000000
1692972616098260092 144.581093 0.000000
1692972616169909457 144.638341 0.000000
1692972616315695843 144.502764 0.000000
1692972616315924945 144.667161 0.000000
1692972616532719462 144.425896 0.000000
1692972616604078889 144.576612 0.000000
1692972616822947368 144.716522 0.000000
1692972616893888663 144.757087 0.000000
1692972616895549114 145.032816 0.000000
1692972616967042321 144.544307 0.000000
1692972617183965277 144.505235 0.000000
1692972617256130680 144.760013 0.000000
1692972617256576832 144.674190 0.000000
1692972617328730542 144.709616 0.000000
1692972617400920477 144.761325 0.000000
1692972617401199323 144.617626 0.000000
1692972617475359943 144.591419 0.000000
1692972617618471756 144.876317 0.000000
1692972617692681958 144.642485 0.000000
1692972618125687010 144.742602 0.000000
1692972618199054554 144.783426 0.000000
1692972618271747983 144.855649 0.000000
1692972618343825196 145.032771 0.000000
1692972618344057480 145.024472 0.000000
1692972618488742699 144.640535 0.000000
1692972618561567273 144.575518 0.000000
1692972618633416692 144.768793 0.000000
1692972618778148709 144.646444 0.000000
1692972618778689385 144.709254 0.000000
1692972618779806048 144.518887 0.000000
1692972618924524308 144.695031 0.000000
1692972618995212450 144.628487 0.000000
1692972618995954343 144.641046 0.000000
1692972619140168373 144.623034 0.000000
1692972619141528241 144.494029 0.000000
1692972619142280713 144.601063 0.000000
1692972619286408472 144.640855 0.000000
1692972619358416283 144.575203 0.000000
1692972619431280804 144.685764 0.000000
1692972619649467352 145.028405 0.000000
1692972619722106736 144.475872 0.000000
1692972619793430203 144.650593 0.000000
1692972619938154061 144.569670 0.000000
1692972619939120210 144.693698 0.000000
1692972620082491046 144.697797 0.000000
1692972620084387996 144.640118 0.000000
1692972620227220411 144.703870 0.000000
1692972620373965136 145.107172 0.000000
1692972620444707449 144.664335 0.000000
1692972620445097344 144.581663 0.000000
1692972620446175598 144.915773 0.000000
1692972620663637433 144.612213 0.000000
1692972620734506094 144.577633 0.000000
1692972620807593627 144.561906 0.000000
1692972620808782709 144.754558 0.000000
1692972620881083892 144.775107 0.000000
1692972621024041057 144.534688 0.000000
1692972621096520874 144.679223 0.000000
1692972621098772273 144.921782 0.000000
1692972621169108367 144.721887 0.000000
1692972621241380431 144.729229 0.000000
1692972621242847599 144.665241 0.000000
1692972621315590732 144.749011 0.000000
1692972621458515061 144.625263 0.000000
1692972621460559759 144.486305 0.000000
1692972621603707531 144.524474 0.000000
1692972621750406735 144.734181 0.000000
1692972621895764314 144.987379 0.000000
1692972621968101941 144.667757 0.000000
1692972622040303492 144.528759 0.000000
1692972622111245438 144.813034 0.000000
1692972622184041449 144.547954 0.000000
1692972622402627348 144.715220 0.000000
1692972622546274735 144.664809 0.000000
1692972622547405355 144.633166 0.000000
1692972622617356881 144.669395 0.000000
1692972622837154509 144.510456 0.000000
1692972623198338895 144.596406 0.000000
1692972623272018336 145.055436 0.000000
1692972623777243189 144.678752 0.000000
1692972623851935128 144.867835 0.000000
1692972624067831685 144.434685 0.000000
1692972624068129181 144.427884 0.000000
1692972624069016827 144.640252 0.000000
1692972624139376396 144.727500 0.000000
1692972624140770012 144.490724 0.000000
1692972624141754513 144.784777 0.000000
1692972624211804573 144.913095 0.000000
1692972624284199818 144.790264 0.000000
1692972624285690865 144.435385 0.000000
1692972624429973402 144.699199 0.000000
1692972624501767040 144.955113 0.000000
1692972624575149011 144.718427 0.000000
1692972624793075643 144.557454 0.000000
1692972624864603043 144.721565 0.000000
1692972624938051935 144.626224 0.000000
1692972624938088926 144.614496 0.000000
1692972625082913581 144.772819 0.000000
1692972625154134975 144.660037 0.000000
1692972625154467211 144.597006 0.000000
1692972625155132992 144.568274 0.000000
1692972625226935747 144.558583 0.000000
1692972625227077772 144.665580 0.000000
1692972625300344536 144.924577 0.000000
1692972625517833851 144.707252 0.000000
1692972625588757614 144.533212 0.000000
1692972625589367971 144.793447 0.000000
1692972625661792239 144.969025 0.000000
1692972625661920196 144.552948 0.000000
1692972625662703796 144.780532 0.000000
1692972625733356935 144.586055 0.000000
1692972625878751323 144.572314 0.000000
1692972625952378163 144.476626 0.000000
1692972626313189199 144.627000 0.000000
1692972626387092278 144.609721 0.000000
1692972626458771806 144.577811 0.000000
1692972626675819710 144.557995 0.000000
1692972626892849679 144.750813 0.000000
1692972627037602020 144.653376 0.000000
1692972627037645586 144.711692 0.000000
1692972627183488670 144.563762 0.000000
1692972627183873910 144.545906 0.000000
1692972627255401530 145.015838 0.000000
1692972627255539726 144.738228 0.000000
1692972627328213351 144.971790 0.000000
1692972627400423120 144.861108 0.000000
1692972627401106026 144.663620 0.000000
1692972627401526768 144.540304 0.000000
1692972627546347112 145.129356 0.000000
1692972627763052536 144.575510 0.000000
1692972627763380522 144.617959 0.000000
1692972627836031762 144.591504 0.000000
1692972627836748251 144.537387 0.000000
1692972627981414556 144.854493 0.000000
1692972628125579723 144.813012 0.000000
1692972628344196755 145.508667 0.000000
1692972628487647238 144.713911 0.000000
1692972628488719377 144.568609 0.000000
1692972628633395636 144.429525 0.000000
1692972628633955105 144.488994 0.000000
1692972628924335951 144.503272 0.000000
1692972628995802358 144.474095 0.000000
1692972629430403288 144.722401 0.000000
1692972629430766296 144.886582 0.000000
1692972629431009365 144.689369 0.000000
1692972629502642189 144.596268 0.000000
1692972629576046376 145.021810 0.000000
1692972629721223146 144.724967 0.000000
1692972629866075469 144.471799 0.000000
1692972629937806190 144.449908 0.000000
1692972630009541672 144.676028 0.000000
1692972630082225948 144.644971 0.000000
1692972630083230094 144.732119 0.000000
1692972630300703539 144.697522 0.000000
1692972630373852764 144.985500 0.000000
1692972630446276129 144.824161 0.000000
1692972630735057890 145.129345 0.000000
1692972630807442825 145.115959 0.000000
1692972630807936045 144.569104 0.000000
1692972630880095737 144.920971 0.000000
1692972630880896863 144.675777 0.000000
1692972630952395484 144.597906 0.000000
1692972631024387507 144.699181 0.000000
1692972631025702441 144.777288 0.000000
1692972631245978304 145.602686 0.000000
1692972631246096668 145.633235 0.000000
1692972631390185200 144.900064 0.000000
1692972631464257143 145.004053 0.000000
1692972631609065412 144.684808 0.000000
1692972631897088140 144.716095 0.000000
1692972631970076901 144.764312 0.000000
1692972632043552053 144.637909 0.000000
1692972632188521757 144.582745 0.000000
1692972632188642808 144.650577 0.000000
1692972632331839549 144.603267 0.000000
1692972632549264245 144.758087 0.000000
1692972632622752638 144.607202 0.000000
1692972632622789118 144.560915 0.000000
1692972632768074399 144.581913 0.000000
1692972632911175413 144.574095 0.000000
1692972633200883873 144.496911 0.000000
1692972633273446435 144.731004 0.000000
1692972633345777425 144.599569 0.000000
1692972633345867118 144.618217 0.000000
1692972633418090763 144.708501 0.000000
1692972633635458260 144.673881 0.000000
1692972633635736306 144.822702 0.000000
1692972633782086735 144.531105 0.000000
1692972633925403826 144.723883 0.000000
1692972634000001774 144.542958 0.000000
1692972634070680546 144.967838 0.000000
1692972634071689114 144.659011 0.000000
1692972634071988965 144.488279 0.000000
1692972634072130909 144.579216 0.000000
1692972634362074465 144.844547 0.000000
1692972634362078935 144.792491 0.000000
1692972634432710478 144.825814 0.000000
1692972634433866924 144.547948 0.000000
1692972634578602698 144.680296 0.000000
1692972634650414071 144.763940 0.000000
1692972634651593354 144.649990 0.000000
1692972634941830887 144.962050 0.000000
1692972635231388681 144.575522 0.000000
1692972635376858605 144.559941 0.000000
1692972635593962744 144.668834 0.000000
1692972635738873620 144.648501 0.000000
1692972635739046552 144.616302 0.000000
1692972636171444457 144.586037 0.000000
1692972636316580847 144.585405 0.000000
1692972636318007650 144.603683 0.000000
1692972636679975856 144.601361 0.000000
1692972636822979824 144.531469 0.000000
1692972636825230946 144.485705 0.000000
1692972637042337757 144.542164 0.000000
1692972637258868609 144.860358 0.000000
1692972637259092985 144.599778 0.000000
1692972637332093383 144.712384 0.000000
1692972637403659485 144.551160 0.000000
1692972637475768584 144.545477 0.000000
1692972637476621720 144.504091 0.000000
1692972637476995317 144.579882 0.000000
1692972637548871810 144.778918 0.000000
1692972637692961162 144.546835 0.000000
1692972637910450401 144.871824 0.000000
1692972637982581174 144.705172 0.000000
1692972637983217070 144.649814 0.000000
1692972638055470950 145.015512 0.000000
1692972638055963018 144.861440 0.000000
1692972638127401573 144.804358 0.000000
1692972638201668147 144.691114 0.000000
1692972638345028579 144.838498 0.000000
1692972638417644486 144.553961 0.000000
1692972638489650660 144.607482 0.000000
1692972638635895157 144.487381 0.000000
1692972638924659681 144.862146 0.000000
1692972639071391874 144.923380 0.000000
1692972639215868591 144.552528 0.000000
1692972639289081872 144.672034 0.000000
1692972639359167316 144.575480 0.000000
1692972639359797364 144.986600 0.000000
1692972639432002275 144.969225 0.000000
1692972639433076259 144.581425 0.000000
1692972639504524592 144.600579 0.000000
1692972639576970502 144.657771 0.000000
1692972639577600625 144.509617 0.000000
1692972639721436192 144.496187 0.000000
1692972639795477236 144.507917 0.000000
1692972639795697783 144.610047 0.000000
1692972639867165512 144.779697 0.000000
1692972639940045555 144.905853 0.000000
1692972640303007620 144.893388 0.000000
1692972640374948813 144.743686 0.000000
1692972640446881741 144.610868 0.000000
1692972640447843685 144.496577 0.000000
1692972640448070928 144.670922 0.000000
1692972640519605697 144.781709 0.000000
1692972640591207476 144.686127 0.000000
1692972640591456189 144.557613 0.000000
1692972640663701343 144.835814 0.000000
1692972640808720002 144.942221 0.000000
1692972640810540810 144.931372 0.000000
1692972640953799798 144.817572 0.000000
1692972641099219854 144.571526 0.000000
1692972641244168926 144.712578 0.000000
1692972641315974519 144.689024 0.000000
1692972641317011617 144.572233 0.000000
1692972641533017764 144.655345 0.000000
1692972641533514472 144.740764 0.000000
1692972641534712685 144.680409 0.000000
1692972641750626462 144.837863 0.000000
1692972641895901235 145.072002 0.000000
1692972642040363099 144.532927 0.000000
1692972642040771774 144.662016 0.000000
1692972642330518071 144.598302 0.000000
1692972642549193546 144.892787 0.000000
1692972642692525923 144.765385 0.000000
1692972642693742633 144.532985 0.000000
1692972642982470559 144.840986 0.000000
1692972642983345902 145.262955 0.000000
1692972643055325899 144.559202 0.000000
1692972643056633608 144.823070 0.000000
1692972643128302283 144.562956 0.000000
1692972643201513391 144.522303 0.000000
1692972643272828581 144.792429 0.000000
1692972643273726060 144.651178 0.000000
1692972643345465067 144.606316 0.000000
1692972643418565145 144.913412 0.000000
1692972643708885022 144.572181 0.000000
1692972643780560101 144.610977 0.000000
1692972643997349977 144.672724 0.000000
1692972644069461084 144.648951 0.000000
1692972644070423098 144.959501 0.000000
1692972644070718484 144.929700 0.000000
1692972644214285565 144.807060 0.000000
1692972644216136984 144.679721 0.000000
1692972644216354273 144.880459 0.000000
1692972644286997547 144.618047 0.000000
1692972644287029511 144.679845 0.000000
1692972644288338461 144.594267 0.000000
1692972644504882209 144.901765 0.000000
1692972644505621155 144.502734 0.000000
1692972644577150591 144.812027 0.000000
1692972644795054467 144.537410 0.000000
1692972644796005010 144.802756 0.000000
1692972644868423049 144.611745 0.000000
1692972645012147732 144.862172 0.000000
1692972645229319954 144.549929 0.000000
1692972645301710576 144.835954 0.000000
1692972645301812867 144.645273 0.000000
1692972645302111851 144.515043 0.000000
1692972645374396887 145.060940 0.000000
1692972645664860857 144.688420 0.000000
1692972645810648490 144.923165 0.000000
1692972645810711722 144.841561 0.000000
1692972645882997980 144.458692 0.000000
1692972645954873108 144.475386 0.000000
1692972646027630666 144.643105 0.000000
1692972646099724471 144.836152 0.000000
1692972646243644532 144.772671 0.000000
1692972646244574246 144.834445 0.000000
1692972646462208336 144.572556 0.000000
1692972646462342111 144.577763 0.000000
1692972646606957246 144.543353 0.000000
1692972646607156559 144.586759 0.000000
1692972646751053029 144.606900 0.000000
1692972646896122951 145.208603 0.000000
1692972646968759818 144.683138 0.000000
1692972647041324251 144.986808 0.000000
1692972647042242228 144.700468 0.000000
1692972647185687837 144.732382 0.000000
1692972647258456465 144.747617 0.000000
1692972647259514642 144.563300 0.000000
1692972647330895597 144.531319 0.000000
1692972647331984962 144.460455 0.000000
1692972647403025081 144.855638 0.000000
1692972647547787883 144.739699 0.000000
1692972647547958559 144.554007 0.000000
1692972647621107917 144.532257 0.000000
1692972647765258081 144.740425 0.000000
1692972647837701619 144.671465 0.000000
1692972648055056765 144.695902 0.000000
1692972648272911049 144.591318 0.000000
1692972648345377425 144.800333 0.000000
1692972648418535923 144.603106 0.000000
1692972648490258507 144.511859 0.000000
1692972648490584504 144.819950 0.000000
1692972648634913237 144.574264 0.000000
1692972648636054337 144.546164 0.000000
1692972648779755745 144.837410 0.000000
1692972648851899251 144.700011 0.000000
1692972648996687652 144.761394 0.000000
1692972649142757388 144.618221 0.000000
1692972649142986926 144.792891 0.000000
1692972649288078958 144.597458 0.000000
1692972649358742873 144.639966 0.000000
1692972649361220325 144.615279 0.000000
1692972649431184435 144.678956 0.000000
1692972649432084315 144.479839 0.000000
1692972649795374694 144.551692 0.000000
1692972649867118888 144.690433 0.000000
1692972649867471602 144.637831 0.000000
1692972650011799173 144.664319 0.000000
1692972650084430507 144.630159 0.000000
1692972650373221102 144.772860 0.000000
1692972650374395356 144.694284 0.000000
1692972650374974124 144.711133 0.000000
1692972650519558023 144.590662 0.000000
1692972650519754374 144.533413 0.000000
1692972650663859589 144.643224 0.000000
1692972650735819272 144.877388 0.000000
1692972650880436385 144.606408 0.000000
1692972650880741920 144.643720 0.000000
1692972650953863392 144.698793 0.000000
1692972651025297620 144.784156 0.000000
1692972651026216439 144.582242 0.000000
1692972651098220691 144.830874 0.000000
1692972651098532265 144.652164 0.000000
1692972651171400127 144.688558 0.000000
1692972651243076803 144.555869 0.000000
1692972651243151607 144.612311 0.000000
1692972651387628103 144.685301 0.000000
1692972651388008557 144.891745 0.000000
1692972651388281129 144.887501 0.000000
1692972651388507305 144.784577 0.000000
1692972651460970137 144.531509 0.000000
1692972651605212579 144.590721 0.000000
1692972651678190197 145.127152 0.000000
1692972651896209848 144.684975 0.000000
1692972651969231092 144.962595 0.000000
1692972652039731920 144.774191 0.000000
1692972652113106417 144.493195 0.000000
1692972652186603249 144.551109 0.000000
1692972652186623286 144.533778 0.000000
1692972652256792432 144.661436 0.000000
1692972652331158649 144.568124 0.000000
1692972652547872728 144.622009 0.000000
1692972652547968430 144.508220 0.000000
1692972652692870870 144.825030 0.000000
1692972652765397395 144.524410 0.000000
1692972652908999455 144.920606 0.000000
1692972652909050709 144.759259 0.000000
1692972653273126197 144.612096 0.000000
1692972653345570004 144.599832 0.000000
1692972653488523583 144.626844 0.000000
1692972653490049642 144.495439 0.000000
1692972653561824286 144.729788 0.000000
1692972653634409296 144.892847 0.000000
1692972653634497551 144.960695 0.000000
1692972653851504966 144.895002 0.000000
1692972653851967380 144.535191 0.000000
1692972653924448922 144.515341 0.000000
1692972653924475762 144.522216 0.000000
1692972654068256031 144.470465 0.000000
1692972654068839185 144.572953 0.000000
1692972654069023819 144.621622 0.000000
1692972654069184096 144.515717 0.000000
1692972654139896312 144.536465 0.000000
1692972654284722544 144.634051 0.000000
1692972654286633802 144.699233 0.000000
1692972654286662329 144.668261 0.000000
1692972654503935661 144.500185 0.000000
1692972654503975513 144.551384 0.000000
1692972654575221178 144.573461 0.000000
1692972654647321979 144.741595 0.000000
1692972654720733300 144.462695 0.000000
1692972654721119761 144.494115 0.000000
1692972654793403947 144.567967 0.000000
1692972654864500511 144.722035 0.000000
1692972654938308636 144.583243 0.000000
1692972655154153897 144.801724 0.000000
1692972655155366522 144.727538 0.000000
1692972655445565450 145.274042 0.000000
1692972655518265943 144.913244 0.000000
1692972655590462391 144.592920 0.000000
1692972655663183326 144.649006 0.000000
1692972655735028453 144.549388 0.000000
1692972655807891940 144.467794 0.000000
1692972655951450473 144.609523 0.000000
1692972656169618030 144.555352 0.000000
1692972656170122557 144.699913 0.000000
1692972656170420393 144.554892 0.000000
1692972656314722553 144.621411 0.000000
1692972656458504544 144.651395 0.000000
1692972656460494124 144.422419 0.000000
1692972656677498300 144.533486 0.000000
1692972656821123713 144.517374 0.000000
1692972657109810182 144.428112 0.000000
1692972657183116957 144.536177 0.000000
1692972657183389475 144.559140 0.000000
1692972657184724315 144.485139 0.000000
1692972657328416924 144.630286 0.000000
1692972657473117432 144.736573 0.000000
1692972657473679924 144.534002 0.000000
1692972657618341738 144.647115 0.000000
1692972657618672747 144.398518 0.000000
1692972657835042664 144.548111 0.000000
1692972657981246885 144.554490 0.000000
1692972658197156959 144.621405 0.000000
1692972658270920641 144.485248 0.000000
1692972658341802906 144.528234 0.000000
1692972658415389442 144.532193 0.000000
1692972658560502809 144.581036 0.000000
1692972658630560885 144.686521 0.000000
1692972658705201603 144.682567 0.000000
1692972658777250347 144.449380 0.000000
1692972658994717572 144.603589 0.000000
1692972659211611922 144.800491 0.000000
1692972659573654569 144.681018 0.000000
1692972659718565601 144.894333 0.000000
1692972659718969358 144.785245 0.000000
1692972660009226378 144.856506 0.000000
1692972660226256447 144.491813 0.000000
1692972660442825475 144.577518 0.000000
1692972660443701329 144.624051 0.000000
1692972660443733283 144.598287 0.000000
1692972660514639850 144.825819 0.000000
1692972660515715357 144.670643 0.000000
1692972660804244588 144.618568 0.000000
1692972660877043393 144.570539 0.000000
1692972661093998995 144.547502 0.000000
1692972661095901528 144.854675 0.000000
1692972661312931917 144.666834 0.000000
1692972661385449960 144.477029 0.000000
1692972661456002485 144.578756 0.000000
1692972661529577447 144.633011 0.000000
1692972661820070042 144.622893 0.000000
1692972661820354834 144.823569 0.000000
1692972661965126777 144.735478 0.000000
1692972662108237643 144.734936 0.000000
1692972662182274964 144.430575 0.000000
1692972662326353302 144.594616 0.000000
1692972662327174539 144.579637 0.000000
1692972662472202992 144.767813 0.000000
1692972662543003412 144.598236 0.000000
1692972662543892286 144.633873 0.000000
1692972662615527434 144.731715 0.000000
1692972662978882687 144.540866 0.000000
1692972663050721923 144.513652 0.000000
1692972663195012613 144.665546 0.000000
1692972663195256640 144.952166 0.000000
1692972663195563954 144.732351 0.000000
1692972663267476847 144.493867 0.000000
1692972663411477629 144.554417 0.000000
1692972663412790232 144.591940 0.000000
1692972663484257806 144.535975 0.000000
1692972663485384437 144.676335 0.000000
1692972663629860432 144.469039 0.000000
1692972663630141660 144.771287 0.000000
1692972663630603468 144.903022 0.000000
1692972663630641696 144.666904 0.000000
1692972663703086730 144.671590 0.000000
1692972663703289366 144.712360 0.000000
1692972663774650422 144.522789 0.000000
1692972663846729335 144.618411 0.000000
1692972663846762387 144.556242 0.000000
1692972663848251700 144.793167 0.000000
1692972663918796887 144.648275 0.000000
1692972664137154119 144.591087 0.000000
1692972664281031451 144.645569 0.000000
1692972664282672131 144.518311 0.000000
1692972664282743838 144.759268 0.000000
1692972664572342574 144.514444 0.000000
1692972664717324189 144.956852 0.000000
1692972664717553711 144.767077 0.000000
1692972664933077165 144.573411 0.000000
1692972664933717371 144.556382 0.000000
1692972664934853349 144.751223 0.000000
1692972665005457664 144.759724 0.000000
1692972665078918560 144.679974 0.000000
1692972665079181346 144.955634 0.000000
1692972665150259991 144.696020 0.000000
1692972665223763998 144.567738 0.000000
1692972665367696080 144.700768 0.000000
1692972665369442089 144.610603 0.000000
1692972665514145772 144.552136 0.000000
1692972665658493680 144.890092 0.000000
1692972665730103409 144.813117 0.000000
1692972665730174990 144.928515 0.000000
1692972665803589193 144.594099 0.000000
1692972665874832913 144.713657 0.000000
1692972665949088545 144.696657 0.000000
1692972666020259625 144.921473 0.000000
1692972666093130050 144.902320 0.000000
1692972666093811117 144.607234 0.000000
1692972666166034941 144.612962 0.000000
1692972666166152158 144.559669 0.000000
1692972666166301741 144.626614 0.000000
1692972666237504930 144.729123 0.000000
1692972666238411425 144.582927 0.000000
1692972666382415148 144.654278 0.000000
1692972666383335425 144.603370 0.000000
1692972666383869801 144.880469 0.000000
1692972666454723929 144.842806 0.000000
1692972666527557184 144.778507 0.000000
1692972666600121188 144.857821 0.000000
1692972666601294147 144.704345 0.000000
1692972666817651551 144.795562 0.000000
1692972666817681691 144.511611 0.000000
1692972666890272192 144.594961 0.000000
1692972666891010081 144.719951 0.000000
1692972667034553730 144.605270 0.000000
1692972667035157797 144.870987 0.000000
1692972667035434886 144.531657 0.000000
1692972667325184265 144.832407 0.000000
1692972667397642213 144.755278 0.000000
1692972667470746913 144.784611 0.000000
1692972667904348498 144.672872 0.000000
1692972667905132183 144.479878 0.000000
1692972667978071945 144.659686 0.000000
1692972667978196745 144.568224 0.000000
1692972668049517286 144.842225 0.000000
1692972668122232255 145.149693 0.000000
1692972668122569358 144.682132 0.000000
1692972668340320302 144.759352 0.000000
1692972668340346858 144.703908 0.000000
1692972668484876542 144.604091 0.000000
1692972668556626926 144.742713 0.000000
1692972668557736398 144.516047 0.000000
1692972668629531972 144.696301 0.000000
1692972668701283490 144.640732 0.000000
1692972668701296475 144.839342 0.000000
1692972668701566266 144.516603 0.000000
1692972668774419246 144.662130 0.000000
1692972669064565196 144.800562 0.000000
1692972669064820304 144.764263 0.000000
1692972669135900159 144.786026 0.000000
1692972669208408741 144.765621 0.000000
1692972669280917217 144.780940 0.000000
1692972669353138647 144.710907 0.000000
1692972669354525152 144.640228 0.000000
1692972669716059418 144.503762 0.000000
1692972669716316531 144.611893 0.000000
1692972669788561596 144.900758 0.000000
1692972669860991926 144.483199 0.000000
1692972670006968012 144.647380 0.000000
1692972670079462530 144.783957 0.000000
1692972670151046410 144.678402 0.000000
1692972670223661569 144.605138 0.000000
1692972670296147988 144.855226 0.000000
1692972670297012821 144.635028 0.000000
1692972670440804406 144.693439 0.000000
1692972670441658644 144.656398 0.000000
1692972670512963740 144.612119 0.000000
1692972670513705807 144.847397 0.000000
1692972670658231701 144.827852 0.000000
1692972670875067288 144.624103 0.000000
1692972670875802790 144.587668 0.000000
1692972670947428021 144.754501 0.000000
1692972671020191081 145.094339 0.000000
1692972671020260142 144.752428 0.000000
1692972671093858036 144.719746 0.000000
1692972671166599263 144.802210 0.000000
1692972671237209155 144.553065 0.000000
1692972671237528282 144.599142 0.000000
1692972671237924970 144.689313 0.000000
1692972671383756621 144.730148 0.000000
1692972671455660705 144.687047 0.000000
1692972671599851313 144.534388 0.000000
1692972671671767254 144.469044 0.000000
1692972671743797835 144.638250 0.000000
1692972671816533751 144.749376 0.000000
1692972671818153340 144.682605 0.000000
1692972671888923941 144.707699 0.000000
1692972671961318050 144.490335 0.000000
1692972672033666292 144.563044 0.000000
1692972672106615301 144.516334 0.000000
1692972672107861987 144.599197 0.000000
1692972672251295605 144.975340 0.000000
1692972672396496741 144.918057 0.000000
1692972672396809058 144.804914 0.000000
1692972672469720610 144.538885 0.000000
1692972672613640669 144.868773 0.000000
1692972672614537621 144.801867 0.000000
1692972672615157319 144.968850 0.000000
1692972672758546067 144.865465 0.000000
1692972672903061818 144.625452 0.000000
1692972673119965316 144.531704 0.000000
1692972673193867891 144.644794 0.000000
1692972673555214209 144.468447 0.000000
1692972673699167944 144.763891 0.000000
1692972673772525628 144.548484 0.000000
1692972673773627537 144.472086 0.000000
1692972673773788727 144.595072 0.000000
1692972673846303479 144.449134 0.000000
1692972674062040047 144.535489 0.000000
1692972674424177549 144.771887 0.000000
1692972674496576996 144.592764 0.000000
1692972674497966304 144.707958 0.000000
1692972674568739783 144.591702 0.000000
1692972674643101280 144.640989 0.000000
1692972674713327199 144.634908 0.000000
1692972674714882028 144.454918 0.000000
1692972674714970454 144.558976 0.000000
1692972674785959188 144.588043 0.000000
1692972674859127915 144.771154 0.000000
1692972674859188451 144.687064 0.000000
1692972674931639208 144.642305 0.000000
1692972675221573209 144.966256 0.000000
1692972675222214923 144.495450 0.000000
1692972675293545301 144.805161 0.000000
1692972675366932450 144.729530 0.000000
1692972675439632595 144.624209 0.000000
1692972675511226571 144.824687 0.000000
1692972675583977595 144.798269 0.000000
1692972675728575062 144.635626 0.000000
1692972675946578142 145.010013 0.000000
1692972675947000375 145.071801 0.000000
1692972676018087256 144.613284 0.000000
1692972676091158689 144.542628 0.000000
1692972676091987438 144.950974 0.000000
1692972676162700011 144.590233 0.000000
1692972676164499138 144.445751 0.000000
1692972676309884321 144.555993 0.000000
1692972676381111412 144.489704 0.000000
1692972676453307032 144.580259 0.000000
1692972676525861837 144.740598 0.000000
1692972676526853706 144.571664 0.000000
1692972676597434573 144.514552 0.000000
1692972676743759433 144.633483 0.000000
1692972676816757570 144.627234 0.000000
1692972676886928558 144.788384 0.000000
1692972676888329418 144.539138 0.000000
1692972676960176477 144.607444 0.000000
1692972676961039014 144.870440 0.000000
1692972677178235630 144.565958 0.000000
1692972677321529653 144.557729 0.000000
1692972677394238536 144.465360 0.000000
1692972677467478811 144.548894 0.000000
1692972677538679599 144.684615 0.000000
1692972677540870698 144.655432 0.000000
1692972677684724890 144.786848 0.000000
1692972677757262836 144.587604 0.000000
1692972677758151072 144.603802 0.000000
1692972677901109169 144.748007 0.000000
1692972677902299905 144.756957 0.000000
1692972677975403807 144.597286 0.000000
1692972678046675164 144.490067 0.000000
1692972678119287345 144.687094 0.000000
1692972678336036605 145.056567 0.000000
1692972678480756168 144.644705 0.000000
1692972678626068806 144.622857 0.000000
1692972678697917185 144.709390 0.000000
1692972678699374116 145.269593 0.000000
1692972678989463771 144.652808 0.000000
1692972679059953938 144.561248 0.000000
1692972679060133521 144.769107 0.000000
1692972679061662123 144.488429 0.000000
1692972679132915185 144.824796 0.000000
1692972679204694457 144.722913 0.000000
1692972679205306983 144.593347 0.000000
1692972679206483992 144.743927 0.000000
