1692972530967024399 75.556353 206.993635 207 16 0.000000
1692972531951197502 76.214723 212.361016 209 16 0.000000
1692972532964723417 76.450279 211.144032 214 16 0.000000
1692972533971150646 79.122058 201.703622 203 16 0.000000
1692972534950354385 75.844222 215.481238 211 16 0.000000
1692972535964625022 75.116799 213.946843 217 16 0.000000
1692972536979370564 75.839346 209.904835 213 16 0.000000
1692972537960412450 79.052942 199.787595 196 16 0.000000
1692972538973827528 76.120651 210.180417 213 16 0.000000
1692972539984019983 76.212913 206.891233 209 16 0.000000
1692972540962686931 75.857229 215.599429 211 16 0.000000
1692972541977020145 77.998132 205.060823 208 16 0.000000
1692972542991930300 77.602540 207.900173 211 16 0.000000
1692972543969198509 78.301035 201.582268 197 16 0.000000
1692972544982729458 74.752927 214.103047 217 16 0.000000
1692972545996768998 74.793784 213.995599 217 16 0.000000
1692972546978977308 78.167201 206.677084 203 16 0.000000
1692972547992138642 77.197555 207.272046 210 16 0.000000
1692972549004091339 75.573798 202.578630 205 16 0.000000
1692972549979184248 75.809729 217.415211 212 16 0.000000
1692972550993329099 76.163783 211.015225 214 16 0.000000
1692972552007357676 76.889481 208.080920 211 16 0.000000
1692972552989239371 76.954455 209.801247 206 16 0.000000
1692972554003543831 75.129127 210.982017 214 16 0.000000
1692972555017096236 76.233060 205.218793 208 16 0.000000
1692972555989024844 75.170579 216.065241 210 16 0.000000
1692972557003171466 77.588031 207.070657 210 16 0.000000
1692972558017382529 76.842467 209.029443 212 16 0.000000
1692972559000860870 76.253332 210.477438 207 16 0.000000
1692972560014983260 78.754567 203.131327 206 16 0.000000
1692972561028930169 78.711778 204.152701 207 16 0.000000
1692972562000903610 76.378320 206.795772 201 16 0.000000
1692972563014491828 77.987983 204.224918 207 16 0.000000
1692972564028259229 78.695393 204.188877 207 16 0.000000
1692972565012379529 78.921866 204.243324 201 16 0.000000
1692972566026364026 78.763978 202.172719 205 16 0.000000
1692972567040554082 77.222818 208.047791 211 16 0.000000
1692972568011233067 76.341607 208.101747 202 16 0.000000
1692972569025808100 77.984938 205.011936 208 16 0.000000
1692972570040441435 76.174096 208.942483 212 16 0.000000
1692972571023480343 77.305622 210.571530 207 16 0.000000
1692972572037341031 75.452570 211.074365 214 16 0.000000
1692972573051822854 76.948607 206.016500 209 16 0.000000
1692972574023935601 79.100361 200.594021 195 16 0.000000
1692972575037436725 77.186191 210.162568 213 16 0.000000
1692972576051492727 75.458132 210.047571 213 16 0.000000
1692972577036305309 77.383167 209.176857 206 16 0.000000
1692972578050632194 78.750626 204.076223 207 16 0.000000
1692972579065953490 75.530086 210.770719 214 16 0.000000
1692972580035677256 76.043514 209.337965 203 16 0.000000
1692972581049798783 77.644692 206.089700 209 16 0.000000
1692972582063207357 76.171796 210.181761 213 16 0.000000
1692972583053307643 78.156845 206.039734 204 16 0.000000
1692972584068212115 75.488457 210.857285 214 16 0.000000
1692972585031700142 74.572456 214.844393 207 16 0.000000
1692972586045110165 76.916667 207.221158 210 16 0.000000
1692972587058719884 77.981759 205.207189 208 16 0.000000
1692972588071585182 76.102941 211.281790 214 16 0.000000
1692972589085445647 75.823508 209.101760 212 16 0.000000
1692972590081353882 78.033331 206.846365 206 16 0.000000
1692972591039828949 75.640457 211.794760 203 16 0.000000
1692972592053103624 76.522024 209.222640 212 16 0.000000
1692972593066470084 77.630810 207.230070 210 16 0.000000
1692972594079985696 77.692309 204.239574 207 16 0.000000
1692972595093419875 76.143490 211.163198 214 16 0.000000
1692972596096547808 76.252884 207.351420 208 16 0.000000
1692972597047824790 75.652635 212.346148 202 16 0.000000
1692972598060792689 76.168543 211.260382 214 16 0.000000
1692972599074231878 74.460127 216.095859 219 16 0.000000
1692972600087927059 75.492019 213.081797 216 16 0.000000
1692972601100817321 78.451449 202.391129 205 16 0.000000
1692972602115077685 75.767391 212.963052 216 16 0.000000
1692972603056421004 77.661666 205.026172 193 16 0.000000
1692972604070696514 77.642227 206.058413 209 16 0.000000
1692972605085778590 76.576227 209.835240 213 16 0.000000
1692972606100916926 75.533387 211.793810 215 16 0.000000
1692972607115386835 76.922829 207.004659 210 16 0.000000
1692972608129453834 77.063724 202.156265 205 16 0.000000
1692972609071600383 77.075564 214.404015 202 16 0.000000
1692972610085756804 76.133655 210.026773 213 16 0.000000
1692972611099825707 75.473518 212.017150 215 16 0.000000
1692972612113785921 78.396843 203.163788 206 16 0.000000
1692972613128375022 76.165423 210.922829 214 16 0.000000
1692972614142146416 76.248141 204.188043 207 16 0.000000
1692972615083787119 75.602035 217.705120 205 16 0.000000
1692972616098929742 74.164865 214.748151 218 16 0.000000
1692972617113609371 75.464628 211.889533 215 16 0.000000
1692972618127848053 76.518528 209.023774 212 16 0.000000
1692972619142462460 78.381380 205.003999 208 16 0.000000
1692972620155751296 76.000537 202.311511 205 16 0.000000
1692972621098772273 77.830918 213.144773 201 16 0.000000
1692972622113189257 76.547151 208.987038 212 16 0.000000
1692972623127062160 75.095028 213.044460 216 16 0.000000
1692972624141754513 75.823417 210.901365 214 16 0.000000
1692972625155712202 77.657017 205.136767 208 16 0.000000
1692972626168721261 76.712881 200.393066 203 16 0.000000
1692972627112260706 75.205766 221.506353 209 16 0.000000
1692972628126950151 77.641350 207.945407 211 16 0.000000
1692972629141565917 74.805789 212.888490 216 16 0.000000
1692972630156590455 76.560830 209.847142 213 16 0.000000
1692972631174044882 76.473576 207.380299 211 16 0.000000
1692972632116398118 76.115591 210.112287 198 16 0.000000
1692972633131044555 75.104676 213.867607 217 16 0.000000
1692972634144900944 77.592318 207.129924 210 16 0.000000
1692972635159982254 75.888582 209.835411 213 16 0.000000
1692972636173969451 74.736704 214.992846 218 16 0.000000
1692972637187374133 74.744204 212.156120 215 16 0.000000
1692972638129500137 78.847394 203.794363 192 16 0.000000
1692972639144467141 74.798902 213.800087 217 16 0.000000
1692972640158207193 77.638906 206.167251 209 16 0.000000
1692972641172876655 78.014075 204.992864 208 16 0.000000
1692972642187529476 76.521007 209.924030 213 16 0.000000
1692972643201711577 76.582647 207.063389 210 16 0.000000
1692972644144080374 76.524207 207.986518 196 16 0.000000
1692972645158293852 76.879792 210.014960 213 16 0.000000
1692972646172881201 76.933444 206.980700 210 16 0.000000
1692972647187595035 77.276082 206.954900 210 16 0.000000
1692972648201894064 76.514223 209.997243 213 16 0.000000
1692972649216625670 76.573598 208.922235 212 16 0.000000
1692972650158032890 76.411430 210.323440 198 16 0.000000
1692972651171601409 77.657045 204.228914 207 16 0.000000
1692972652186810265 78.046316 205.868971 209 16 0.000000
1692972653200981484 76.154707 210.023708 213 16 0.000000
1692972654214569867 78.404335 202.251718 205 16 0.000000
1692972655228187781 77.154639 210.138362 213 16 0.000000
1692972656170851820 77.309638 206.860546 195 16 0.000000
1692972657184954419 77.226462 207.079641 210 16 0.000000
1692972658198812133 75.813820 210.088650 213 16 0.000000
1692972659211976764 76.111063 211.219377 214 16 0.000000
1692972660226821453 74.448809 214.811194 218 16 0.000000
1692972661240997453 75.464879 211.008740 214 16 0.000000
1692972662182619744 76.068707 211.337393 199 16 0.000000
1692972663196288371 77.247002 206.181767 209 16 0.000000
1692972664210646205 78.808793 201.112458 204 16 0.000000
1692972665224822601 78.288826 207.064580 210 16 0.000000
1692972666239223967 78.398422 204.061244 207 16 0.000000
1692972667254055384 77.310791 205.945523 209 16 0.000000
1692972668195633739 76.087196 211.347269 199 16 0.000000
1692972669209996563 77.281031 206.040673 209 16 0.000000
1692972670224625607 76.218298 208.943359 212 16 0.000000
1692972671238995798 78.316516 206.039145 209 16 0.000000
1692972672252786474 76.869756 208.129783 211 16 0.000000
1692972673267012333 75.841656 209.026409 212 16 0.000000
1692972674208430901 75.285027 214.569817 202 16 0.000000
1692972675222672423 77.272482 206.065316 209 16 0.000000
1692972676237572320 76.928695 207.902274 211 16 0.000000
1692972677251397858 76.866124 208.122564 211 16 0.000000
1692972678265248082 77.234705 207.131219 210 16 0.000000
1692972679279427107 76.888457 208.050053 211 16 0.000000
