1692972530933725437 93.196218 172.246145 166 16 0.000000
1692972531906127319 92.078784 172.768064 168 16 0.000000
1692972532967003539 93.747403 171.556310 182 16 0.000000
1692972533968696133 97.207186 159.729620 160 16 0.000000
1692972534941548461 92.625695 172.688079 168 16 0.000000
1692972535972460080 93.259074 176.542805 182 16 0.000000
1692972536975012417 93.699339 167.572272 168 16 0.000000
1692972537947108386 93.789436 168.707623 164 16 0.000000
1692972538978818363 93.734946 176.406185 182 16 0.000000
1692972539980142366 93.191890 165.780503 166 16 0.000000
1692972540952755753 94.229367 171.702353 167 16 0.000000
1692972541984842935 92.806304 175.372784 181 16 0.000000
1692972542956429886 93.081089 172.912985 168 16 0.000000
1692972543957028041 96.585270 160.903717 161 16 0.000000
1692972544989728752 94.841852 172.363627 178 16 0.000000
1692972545989784793 90.933906 172.990279 173 16 0.000000
1692972546962640924 93.749647 169.603700 165 16 0.000000
1692972547995538655 92.754020 177.171489 183 16 0.000000
1692972548995727328 93.680068 166.968471 167 16 0.000000
1692972549967944020 92.628417 171.772422 167 16 0.000000
1692972551001024208 94.824280 173.268264 179 16 0.000000
1692972552001023007 97.137440 161.000166 161 16 0.000000
1692972552973605643 93.238938 168.623234 164 16 0.000000
1692972554007204975 92.201997 178.986183 185 16 0.000000
1692972555006826516 94.239358 166.062820 166 16 0.000000
1692972555979322002 94.216141 170.694882 166 16 0.000000
1692972557011169542 92.791579 175.413539 181 16 0.000000
1692972558012509108 92.634574 165.777900 166 16 0.000000
1692972558984937710 96.472390 168.649913 164 16 0.000000
1692972560015179925 93.763735 174.716226 180 16 0.000000
1692972561018082265 92.566453 169.508003 170 16 0.000000
1692972561990267503 92.626801 172.806570 168 16 0.000000
1692972563021616359 92.788749 175.498359 181 16 0.000000
1692972564023549990 93.102606 168.673821 169 16 0.000000
1692972564995660536 91.507688 174.877226 170 16 0.000000
1692972566027675342 92.828127 174.416134 180 16 0.000000
1692972567028668695 91.436666 172.828290 173 16 0.000000
1692972568001037581 91.514830 173.802351 169 16 0.000000
1692972569033399040 93.301167 175.326217 181 16 0.000000
1692972570034364990 91.998857 169.835923 170 16 0.000000
1692972571006587333 94.201082 170.742849 166 16 0.000000
1692972572037364905 91.732213 177.535864 183 16 0.000000
1692972573039632413 91.986194 169.615416 170 16 0.000000
1692972574012264068 92.008761 174.783513 170 16 0.000000
1692972575042026779 92.801271 175.768673 181 16 0.000000
1692972576045226180 93.096552 167.464192 168 16 0.000000
1692972577017635737 94.301398 168.653216 164 16 0.000000
1692972578047052621 92.240176 179.713391 185 16 0.000000
1692972579051370213 94.250262 165.286388 166 16 0.000000
1692972580023550441 92.581554 172.807450 168 16 0.000000
1692972581051471305 92.757963 177.056444 182 16 0.000000
1692972582056649454 90.956469 171.113922 172 16 0.000000
1692972583029137393 91.547514 173.781090 169 16 0.000000
1692972584057186323 92.795195 175.088956 180 16 0.000000
1692972585062456742 95.280150 166.124427 167 16 0.000000
1692972586034542826 94.856348 168.709339 164 16 0.000000
1692972587063203063 94.913186 172.068503 177 16 0.000000
1692972588067484568 90.965243 171.266694 172 16 0.000000
1692972589039824128 92.049721 174.836042 170 16 0.000000
1692972590070286605 93.870660 173.708437 179 16 0.000000
1692972591072602471 94.802862 165.616430 166 16 0.000000
1692972592045340501 90.464622 174.764448 170 16 0.000000
1692972593076579228 94.816506 173.577657 179 16 0.000000
1692972594078388911 93.787294 164.701916 165 16 0.000000
1692972595050796249 95.886886 169.681978 165 16 0.000000
1692972596082565250 91.983675 168.642425 174 16 0.000000
1692972597084148422 92.862866 177.718633 178 16 0.000000
1692972598056253409 95.459427 166.648673 162 16 0.000000
1692972599088136823 93.429708 170.561898 176 16 0.000000
1692972600089445317 94.032003 171.775240 172 16 0.000000
1692972601033710778 90.505311 180.034121 170 16 0.000000
1692972602092928695 94.130136 159.551655 169 16 0.000000
1692972603066754825 91.802999 184.837959 180 16 0.000000
1692972604066758223 94.194081 167.999402 168 16 0.000000
1692972605039648326 94.334057 168.569913 164 16 0.000000
1692972606072701051 94.844536 172.304881 178 16 0.000000
1692972607073159870 93.118314 168.922469 169 16 0.000000
1692972608045381829 93.732127 170.742931 166 16 0.000000
1692972609078609646 93.328426 173.243497 179 16 0.000000
1692972610078235776 91.566810 169.063209 169 16 0.000000
1692972611050688941 97.694492 166.588972 162 16 0.000000
1692972612085835567 93.288127 174.854480 181 16 0.000000
1692972613083838839 92.588736 170.340121 170 16 0.000000
1692972614031148029 94.333450 173.121937 164 16 0.000000
1692972615092525393 94.867549 167.706608 178 16 0.000000
1692972616088092154 93.080644 169.752557 169 16 0.000000
1692972617060000741 90.442703 174.913563 170 16 0.000000
1692972618097870592 95.327643 171.505108 178 16 0.000000
1692972619091978196 96.022115 162.960226 162 16 0.000000
1692972620063769014 93.693116 172.876736 168 16 0.000000
1692972621124830424 92.823503 171.526335 182 16 0.000000
1692972622097433214 92.085625 173.760554 169 16 0.000000
1692972623070094139 91.582967 174.778276 170 16 0.000000
1692972624131006048 94.407336 167.780188 178 16 0.000000
1692972625103534962 94.209125 171.717259 167 16 0.000000
1692972626075675478 95.450169 168.699903 164 16 0.000000
1692972627136031059 93.259993 170.697463 181 16 0.000000
1692972628090309738 96.653468 167.665916 160 16 0.000000
1692972629063210464 93.157124 172.679488 168 16 0.000000
1692972630140695951 91.239813 173.552217 187 16 0.000000
1692972631112701246 93.776716 168.723367 164 16 0.000000
1692972632089688219 95.305781 169.910138 166 16 0.000000
1692972633135456238 93.309681 172.122311 180 16 0.000000
1692972634122482446 94.284813 168.181952 166 16 0.000000
1692972635094458605 93.804941 169.757257 165 16 0.000000
1692972636142925119 92.751869 175.494400 184 16 0.000000
1692972637127731940 92.043348 172.622657 170 16 0.000000
1692972638099655646 94.838446 168.737524 164 16 0.000000
1692972639159744757 91.809315 173.570340 184 16 0.000000
1692972640131309014 94.274730 170.858488 166 16 0.000000
1692972641103565777 93.238644 169.708229 165 16 0.000000
1692972642164326743 93.790268 172.517684 183 16 0.000000
1692972643136440542 96.038240 166.647130 162 16 0.000000
1692972644108517180 93.171843 171.797182 167 16 0.000000
1692972645169378580 91.271255 175.329192 186 16 0.000000
1692972646141784088 92.079631 173.795834 169 16 0.000000
1692972647113570244 92.581714 172.877543 168 16 0.000000
1692972648173763886 93.285409 169.780279 180 16 0.000000
1692972649145701413 94.847910 170.792870 166 16 0.000000
1692972650117582164 94.279648 169.773943 165 16 0.000000
1692972651177664765 91.740920 173.571372 184 16 0.000000
1692972652149280429 92.651427 171.878667 167 16 0.000000
1692972653121378460 89.926000 180.022968 175 16 0.000000
1692972654182705123 90.838181 175.252384 186 16 0.000000
1692972655155682130 94.338669 169.582631 165 16 0.000000
1692972656127925038 91.472877 175.881963 171 16 0.000000
1692972657189979061 94.411885 168.541339 179 16 0.000000
1692972658162599203 92.086954 174.785604 170 16 0.000000
1692972659135545027 93.172760 171.643680 167 16 0.000000
1692972660196443290 93.813281 169.667542 180 16 0.000000
1692972661169588874 91.010117 176.746393 172 16 0.000000
1692972662141945755 92.625240 171.747667 167 16 0.000000
1692972663202535342 92.428798 165.945435 176 16 0.000000
1692972664176254918 92.960267 180.750185 176 16 0.000000
1692972665148722707 91.544147 174.812994 170 16 0.000000
1692972666121318264 93.162665 171.705493 167 16 0.000000
1692972667182238720 93.774479 170.606569 181 16 0.000000
1692972668155255614 93.791266 169.575671 165 16 0.000000
1692972669127472111 92.034376 174.858182 170 16 0.000000
1692972670188748283 92.784033 171.491649 182 16 0.000000
1692972671162144796 91.061992 176.700856 172 16 0.000000
1692972672134966227 94.324347 169.609745 165 16 0.000000
1692972673196102834 94.823453 168.687011 179 16 0.000000
1692972674169843340 93.858463 169.449706 165 16 0.000000
1692972675142156406 93.653734 171.755374 167 16 0.000000
1692972676202438815 93.227319 170.709243 181 16 0.000000
1692972677174390602 93.684785 170.790364 166 16 0.000000
1692972678147047486 90.978748 175.807116 171 16 0.000000
1692972679207739950 94.259144 170.643241 181 16 0.000000
