1692971951343199349 144.505374 0.000000
1692971951415040242 144.571311 0.000000
1692971951487785961 144.674120 0.000000
1692971951560260500 144.625703 0.000000
1692971951704925499 144.510310 0.000000
1692971951888704623 144.745692 0.000000
1692971951922808578 144.984881 0.000000
1692971952067617050 144.745892 0.000000
1692971952139724798 144.613962 0.000000
1692971952140055801 144.554980 0.000000
1692971952140071167 144.658199 0.000000
1692971952178397668 144.680114 0.000000
1692971952192993117 144.767436 0.000000
1692971952323172492 144.669635 0.000000
1692971952337693528 144.652891 0.000000
1692971952357370936 144.863329 0.000000
1692971952482397507 144.673819 0.000000
1692971952502572401 144.724151 0.000000
1692971952502755391 144.889772 0.000000
1692971952647342183 144.872821 0.000000
1692971952685640780 144.892833 0.000000
1692971952685637848 144.690864 0.000000
1692971952699683240 144.600103 0.000000
1692971952937183217 144.654219 0.000000
1692971952989215361 144.508195 0.000000
1692971953226667212 144.536842 0.000000
1692971953227227713 144.737752 0.000000
1692971953278576636 144.538621 0.000000
1692971953423109589 144.508621 0.000000
1692971953640402408 144.642095 0.000000
1692971953733756707 144.674531 0.000000
1692971953771637178 144.747897 0.000000
1692971953805821961 144.621057 0.000000
1692971953878244700 144.549851 0.000000
1692971953878648693 144.527891 0.000000
1692971953916822870 144.916457 0.000000
1692971954095879332 144.660408 0.000000
1692971954147207687 144.698146 0.000000
1692971954168106862 144.538230 0.000000
1692971954529898384 144.499088 0.000000
1692971954870993696 144.546244 0.000000
1692971955036738459 144.495365 0.000000
1692971955109391387 144.684519 0.000000
1692971955109419447 144.535152 0.000000
1692971955148401510 144.634663 0.000000
1692971955181259789 144.571239 0.000000
1692971955181540731 144.442526 0.000000
1692971955326188519 144.549951 0.000000
1692971955365506031 144.824764 0.000000
1692971955470988869 144.556113 0.000000
1692971955471495938 144.712157 0.000000
1692971955543370556 144.471499 0.000000
1692971955543893219 144.506364 0.000000
1692971955594950505 144.575405 0.000000
1692971955616150719 144.638408 0.000000
1692971955688500052 144.588961 0.000000
1692971955739803861 144.577311 0.000000
1692971955760504771 144.754791 0.000000
1692971955977550746 144.707026 0.000000
1692971956122737541 144.507763 0.000000
1692971956195339421 144.627261 0.000000
1692971956246491963 144.520519 0.000000
1692971956267648977 144.497545 0.000000
1692971956306891604 144.664552 0.000000
1692971956411924983 144.781218 0.000000
1692971956451653608 144.631125 0.000000
1692971956629481703 144.641985 0.000000
1692971956774060586 144.591398 0.000000
1692971956774754773 144.949103 0.000000
1692971956919435488 144.425117 0.000000
1692971957135969728 144.525892 0.000000
1692971957425898321 144.602389 0.000000
1692971957477114106 144.487586 0.000000
1692971957477332212 144.609735 0.000000
1692971957570725511 144.820158 0.000000
1692971957610811301 144.798695 0.000000
1692971957715553443 144.828243 0.000000
1692971957787702586 144.642831 0.000000
1692971957859555567 144.551073 0.000000
1692971957859836765 144.520061 0.000000
1692971957860196465 144.618851 0.000000
1692971957860596964 144.584126 0.000000
1692971957911146231 144.559313 0.000000
1692971958045129736 144.798688 0.000000
1692971958077620337 144.547219 0.000000
1692971958117845425 144.615374 0.000000
1692971958222770827 144.594591 0.000000
1692971958490226776 144.576162 0.000000
1692971958583289343 144.573090 0.000000
1692971958655660702 144.520123 0.000000
1692971958707253571 144.585945 0.000000
1692971958729273999 144.694652 0.000000
1692971958802096144 144.633269 0.000000
1692971958841866057 144.550314 0.000000
1692971959090969671 144.727538 0.000000
1692971959091772390 145.010089 0.000000
1692971959141889238 144.661761 0.000000
1692971959494133267 144.606196 0.000000
1692971959503647591 144.532702 0.000000
1692971959670121265 144.621557 0.000000
1692971959670529465 144.486184 0.000000
1692971959670558039 144.475202 0.000000
1692971959783763776 144.696642 0.000000
1692971959814832967 144.492399 0.000000
1692971959887028874 144.598529 0.000000
1692971959887390117 144.675474 0.000000
1692971959959836786 144.531538 0.000000
1692971960031570084 144.517946 0.000000
1692971960227791993 144.631581 0.000000
1692971960290750389 144.621523 0.000000
1692971960300090343 144.518508 0.000000
1692971960610501567 144.656869 0.000000
1692971960652737908 144.730806 0.000000
1692971960661835796 144.609098 0.000000
1692971960683794600 144.543286 0.000000
1692971960827846184 144.629280 0.000000
1692971960878896289 144.534997 0.000000
1692971960900294818 144.768663 0.000000
1692971961045097976 144.605860 0.000000
1692971961045519811 144.493590 0.000000
1692971961189768632 144.623672 0.000000
1692971961262609316 144.757603 0.000000
1692971961304653206 144.679712 0.000000
1692971961479378157 144.589368 0.000000
1692971961594403668 144.632733 0.000000
1692971961841718205 145.054642 0.000000
1692971961884244063 144.821110 0.000000
1692971961892533324 144.593312 0.000000
1692971961914190879 144.514624 0.000000
1692971961914584643 144.625146 0.000000
1692971962131395883 144.642376 0.000000
1692971962536224938 144.783087 0.000000
1692971962566524588 144.619860 0.000000
1692971962710505928 144.603334 0.000000
1692971962906394959 144.493089 0.000000
1692971963073031381 144.558345 0.000000
1692971963122925322 144.533973 0.000000
1692971963145108387 144.773364 0.000000
1692971963188092333 144.690852 0.000000
1692971963195815986 144.630859 0.000000
1692971963289607910 144.524663 0.000000
1692971963332942160 144.605470 0.000000
1692971963435032166 144.785879 0.000000
1692971963435094515 144.813097 0.000000
1692971963557383670 144.476149 0.000000
1692971963579060696 144.583930 0.000000
1692971963579617804 144.533437 0.000000
1692971963651542241 144.534054 0.000000
1692971963695112403 144.665378 0.000000
1692971963695219687 144.686828 0.000000
1692971963701840319 144.607864 0.000000
1692971963723651812 144.565215 0.000000
1692971963724324749 144.455361 0.000000
1692971963869140181 144.553995 0.000000
1692971964063671796 144.532811 0.000000
1692971964085432926 144.533708 0.000000
1692971964086246174 144.499834 0.000000
1692971964157843231 144.525414 0.000000
1692971964375171475 144.463329 0.000000
1692971964419847570 144.735947 0.000000
1692971964492111374 144.657461 0.000000
1692971964520023742 144.594880 0.000000
1692971964592877531 144.718186 0.000000
1692971964664994460 144.747690 0.000000
1692971964787112667 144.489375 0.000000
1692971964809903905 144.636457 0.000000
1692971964881808580 144.553529 0.000000
1692971964882333975 144.701221 0.000000
1692971964998897625 144.592760 0.000000
1692971965026652643 144.597621 0.000000
1692971965222132449 144.452685 0.000000
1692971965316397050 144.593907 0.000000
1692971965433978408 144.741024 0.000000
1692971965461466091 144.533974 0.000000
1692971965583634094 144.596152 0.000000
1692971965750238376 144.654492 0.000000
1692971965750621064 144.400024 0.000000
1692971965823242058 144.517690 0.000000
1692971966040149485 144.515981 0.000000
1692971966157552589 144.689424 0.000000
1692971966185121811 144.582160 0.000000
1692971966257398219 144.668526 0.000000
1692971966329772029 144.633880 0.000000
1692971966380106848 144.855629 0.000000
1692971966692116941 144.603885 0.000000
1692971966741769021 144.481718 0.000000
1692971966881243775 144.561532 0.000000
1692971966881428589 144.629686 0.000000
1692971966886355290 144.565210 0.000000
1692971966909370020 144.549455 0.000000
1692971966959067520 144.501071 0.000000
1692971967026046012 144.591367 0.000000
1692971967054279325 144.846193 0.000000
1692971967126182302 144.617427 0.000000
1692971967199032176 144.786289 0.000000
1692971967315693473 144.750340 0.000000
1692971967343940142 144.584592 0.000000
1692971967537846250 144.538098 0.000000
1692971967633804297 144.756991 0.000000
1692971967755139157 144.733913 0.000000
1692971967778908403 144.799950 0.000000
1692971967779136853 144.901612 0.000000
1692971967851006062 144.648063 0.000000
1692971967923673763 144.630743 0.000000
1692971968040144583 144.612490 0.000000
1692971968184681458 144.521519 0.000000
1692971968334280768 144.551954 0.000000
1692971968431933684 144.507626 0.000000
1692971968503056940 144.686342 0.000000
1692971968546633222 144.621457 0.000000
1692971968546671271 144.521174 0.000000
1692971968691580946 144.581072 0.000000
1692971968768539778 144.553745 0.000000
1692971968938667472 144.654989 0.000000
1692971968938977080 144.548522 0.000000
1692971969010944622 144.578601 0.000000
1692971969155746988 144.521669 0.000000
1692971969300514493 144.554180 0.000000
1692971969416389119 145.127190 0.000000
1692971969492545638 144.563742 0.000000
1692971969517490875 144.527458 0.000000
1692971969662016017 144.511300 0.000000
1692971969662046262 144.577103 0.000000
1692971969806467318 144.776646 0.000000
1692971969807253959 144.599144 0.000000
1692971969854389332 144.523047 0.000000
1692971969952411574 145.111669 0.000000
1692971970068233447 144.597565 0.000000
1692971970144192840 144.727512 0.000000
1692971970288714584 144.576091 0.000000
1692971970313499824 144.598547 0.000000
1692971970386957725 144.638821 0.000000
1692971970433613554 144.628357 0.000000
1692971970603926177 144.522657 0.000000
1692971970749113031 144.656066 0.000000
1692971970820853771 144.522316 0.000000
1692971970821417134 144.551479 0.000000
1692971970867635838 144.539556 0.000000
1692971971183865304 144.533441 0.000000
1692971971255876126 144.569420 0.000000
1692971971299876542 144.687104 0.000000
1692971971328717966 144.591706 0.000000
1692971971446733737 144.479427 0.000000
1692971971736105598 144.499834 0.000000
1692971971762142528 144.622924 0.000000
1692971971762761606 144.449499 0.000000
1692971972051455853 144.536900 0.000000
1692971972124184616 144.692651 0.000000
1692971972341803569 144.548796 0.000000
1692971972486647325 144.543098 0.000000
1692971972603797552 144.467553 0.000000
1692971972821772335 144.635519 0.000000
1692971972892530534 144.583277 0.000000
1692971972893291180 144.528665 0.000000
1692971972921300509 144.405840 0.000000
1692971973065885154 144.737019 0.000000
1692971973138372712 144.803403 0.000000
1692971973138883828 144.943458 0.000000
1692971973283308763 144.620689 0.000000
1692971973355964616 144.567591 0.000000
1692971973400544387 144.546572 0.000000
1692971973472359179 144.931174 0.000000
1692971973718010082 144.607869 0.000000
1692971973934905931 144.608822 0.000000
1692971973979777449 144.644664 0.000000
1692971974124906062 144.602131 0.000000
1692971974196930009 144.629915 0.000000
1692971974341616124 144.661739 0.000000
1692971974369779245 144.739239 0.000000
1692971974369881226 144.532906 0.000000
1692971974559415485 144.785040 0.000000
1692971974587421135 144.793074 0.000000
1692971974659301273 144.558580 0.000000
1692971974659576006 144.705676 0.000000
1692971974659651060 144.756264 0.000000
1692971974659683140 144.708839 0.000000
1692971974659763506 144.653806 0.000000
1692971974776792866 144.606109 0.000000
1692971974804013951 144.683925 0.000000
1692971974804640450 144.854336 0.000000
1692971974876876825 144.569886 0.000000
1692971974949310994 144.643837 0.000000
1692971974994259485 144.565770 0.000000
1692971975166694384 144.441428 0.000000
1692971975211577800 144.635949 0.000000
1692971975310926787 144.555593 0.000000
1692971975311291093 144.662997 0.000000
1692971975311584048 144.836269 0.000000
1692971975383906968 144.850763 0.000000
1692971975528476228 144.526406 0.000000
1692971975672804944 144.610711 0.000000
1692971975718195025 144.567445 0.000000
1692971975818059062 144.513760 0.000000
1692971975962383774 144.527322 0.000000
1692971975962974921 144.603584 0.000000
1692971976152628927 144.555462 0.000000
1692971976397356888 144.510848 0.000000
1692971976397592856 144.645652 0.000000
1692971976397749068 144.610721 0.000000
1692971976514807556 144.586695 0.000000
1692971976615005133 144.649782 0.000000
1692971976686509800 144.664947 0.000000
1692971976733019871 144.640876 0.000000
1692971976805776939 144.546326 0.000000
1692971976950394986 144.931404 0.000000
1692971976976086314 144.582781 0.000000
1692971977022577806 144.665127 0.000000
1692971977022829572 144.689990 0.000000
1692971977048587259 144.517765 0.000000
1692971977120658801 144.529171 0.000000
1692971977121741484 144.512933 0.000000
1692971977239575647 144.627028 0.000000
1692971977239789970 144.574967 0.000000
1692971977266381733 144.600285 0.000000
1692971977482905833 144.919707 0.000000
1692971977483660304 144.797203 0.000000
1692971977747597407 144.584474 0.000000
1692971977773379591 144.518932 0.000000
1692971977819602821 144.702678 0.000000
1692971977964408999 144.790477 0.000000
1692971978062165525 144.624217 0.000000
1692971978063058428 144.527613 0.000000
1692971978254037781 144.594819 0.000000
1692971978351585216 144.618768 0.000000
1692971978424714433 144.785130 0.000000
1692971978497155127 144.624211 0.000000
1692971978569213624 144.484648 0.000000
1692971978641946672 144.570712 0.000000
1692971978786765680 144.533425 0.000000
1692971978859026412 144.586940 0.000000
1692971979003693203 144.648278 0.000000
1692971979003969885 144.641918 0.000000
1692971979148527451 144.563771 0.000000
1692971979195592280 144.632240 0.000000
1692971979630692037 144.610449 0.000000
1692971979702681293 144.601534 0.000000
1692971979799833536 144.497411 0.000000
1692971979800280834 144.660591 0.000000
1692971979847899774 144.557471 0.000000
1692971979872742277 144.521448 0.000000
1692971979944253213 144.469993 0.000000
1692971979944587403 144.556729 0.000000
1692971980089031151 144.427640 0.000000
1692971980233237492 144.558890 0.000000
1692971980234467352 144.710181 0.000000
1692971980378276040 144.567695 0.000000
1692971980450758065 144.465001 0.000000
1692971980522944399 144.651625 0.000000
1692971980524410166 144.653534 0.000000
1692971980571662515 144.627524 0.000000
1692971980571708126 144.638439 0.000000
1692971980669007324 144.581412 0.000000
1692971980716360567 144.637056 0.000000
1692971980933459417 144.596457 0.000000
1692971980957578515 144.684781 0.000000
1692971981078454809 144.624587 0.000000
1692971981320447345 144.662740 0.000000
1692971981681396629 144.632315 0.000000
1692971981682298732 144.492987 0.000000
1692971981730623696 144.559381 0.000000
1692971981754677377 144.553342 0.000000
1692971981948629335 144.646538 0.000000
1692971982044323218 144.673892 0.000000
1692971982116217689 144.477912 0.000000
1692971982260760896 144.528057 0.000000
1692971982454706479 144.560158 0.000000
1692971982550732988 144.525743 0.000000
1692971982600268286 144.619907 0.000000
1692971982673162758 144.875600 0.000000
1692971982695017772 144.658030 0.000000
1692971982695074839 144.686400 0.000000
1692971982767837971 144.790351 0.000000
1692971982768019467 144.584970 0.000000
1692971982961827791 144.589841 0.000000
1692971982985026223 144.775708 0.000000
1692971983130002822 144.520115 0.000000
1692971983323960531 144.596285 0.000000
1692971983346652262 144.579221 0.000000
1692971983419455848 144.803577 0.000000
1692971983636786605 144.560137 0.000000
1692971983637028437 144.500068 0.000000
1692971983925850795 144.610384 0.000000
1692971983975592231 144.483415 0.000000
1692971983976674032 144.644238 0.000000
1692971983998922288 144.599885 0.000000
1692971984048910677 144.604570 0.000000
1692971984288214331 144.482011 0.000000
1692971984410692026 144.509950 0.000000
1692971984627763813 144.738992 0.000000
1692971984700075000 144.650502 0.000000
1692971984722061088 144.573823 0.000000
1692971984866782775 144.493228 0.000000
1692971984939637270 144.380240 0.000000
1692971984990544321 144.759755 0.000000
1692971985084034007 144.608775 0.000000
1692971985229144843 144.708577 0.000000
1692971985446289297 144.486486 0.000000
1692971985590917281 144.759285 0.000000
1692971985736181377 144.728928 0.000000
1692971985736246528 144.770881 0.000000
1692971985736271992 144.729365 0.000000
1692971986004424815 144.892796 0.000000
1692971986005449487 144.552745 0.000000
1692971986026013077 144.465678 0.000000
1692971986170680429 144.649119 0.000000
1692971986242847351 144.528949 0.000000
1692971986315145209 144.449490 0.000000
1692971986604480737 144.689427 0.000000
1692971986801732448 144.609917 0.000000
1692971986821706906 144.570852 0.000000
1692971987039011622 144.561259 0.000000
1692971987039051158 144.503916 0.000000
1692971987039496813 144.576434 0.000000
1692971987256260929 144.657598 0.000000
1692971987328521164 144.673229 0.000000
1692971987401194745 144.551065 0.000000
1692971987454188373 144.606013 0.000000
1692971987618156734 144.529405 0.000000
1692971987816366037 144.666428 0.000000
1692971987835060434 144.423765 0.000000
1692971988105130355 144.571192 0.000000
1692971988124891252 144.637291 0.000000
1692971988178096603 144.540190 0.000000
1692971988467420114 144.668584 0.000000
1692971988559030793 144.659297 0.000000
1692971988704138511 144.490405 0.000000
1692971988757104511 144.579035 0.000000
1692971988901897147 144.820421 0.000000
1692971989046860124 144.653693 0.000000
1692971989047057903 144.830434 0.000000
1692971989264328910 144.864398 0.000000
1692971989264458276 144.937818 0.000000
1692971989355707597 144.599297 0.000000
1692971989355944256 144.775195 0.000000
1692971989500538672 144.604715 0.000000
1692971989572610058 144.605161 0.000000
1692971989626172654 144.639596 0.000000
1692971989645107995 144.721471 0.000000
1692971989699006730 144.696277 0.000000
1692971989790077723 144.436966 0.000000
1692971989843610458 144.587149 0.000000
1692971989862781712 144.929940 0.000000
1692971989916107182 144.564472 0.000000
1692971990151934075 144.549431 0.000000
1692971990152519935 144.798851 0.000000
1692971990278528619 144.829209 0.000000
1692971990297230450 144.537479 0.000000
1692971990495556093 144.735218 0.000000
1692971990568023584 144.550620 0.000000
1692971990586087502 144.555040 0.000000
1692971990586582431 144.452377 0.000000
1692971990640476957 144.666654 0.000000
1692971990659045156 144.588397 0.000000
1692971990803891216 144.536607 0.000000
1692971990857795720 144.705424 0.000000
1692971990876153240 144.600883 0.000000
1692971991002734576 144.782553 0.000000
1692971991020874535 144.494837 0.000000
1692971991147429054 144.687778 0.000000
1692971991238111885 144.585481 0.000000
1692971991238164958 144.514556 0.000000
1692971991292272132 144.685713 0.000000
1692971991364663280 144.608043 0.000000
1692971991455333758 144.857783 0.000000
1692971991672677177 144.737363 0.000000
1692971991745340713 144.829405 0.000000
1692971991799071564 144.613215 0.000000
1692971992016437186 144.730807 0.000000
1692971992233566228 144.626354 0.000000
1692971992251910422 144.536421 0.000000
1692971992251964152 144.543232 0.000000
1692971992523140099 144.653605 0.000000
1692971992540909137 144.397789 0.000000
1692971992613001453 144.537048 0.000000
1692971992613710514 144.572070 0.000000
1692971992903132411 144.536255 0.000000
1692971992975029268 144.592083 0.000000
1692971993102331692 144.550173 0.000000
1692971993120148917 144.581886 0.000000
1692971993191940182 144.554012 0.000000
1692971993192005698 144.567381 0.000000
1692971993265029518 144.551031 0.000000
1692971993265058550 144.689251 0.000000
1692971993464666669 144.689923 0.000000
1692971993482349408 144.687327 0.000000
1692971993482363295 144.709088 0.000000
1692971993482395886 144.995948 0.000000
1692971993609430378 144.721396 0.000000
1692971993625983835 144.602073 0.000000
1692971993626935489 144.575627 0.000000
1692971993771430008 144.480381 0.000000
1692971993898922583 144.596220 0.000000
1692971994188661822 144.620728 0.000000
1692971994206219557 144.528251 0.000000
1692971994277337519 144.579542 0.000000
1692971994277339930 144.545147 0.000000
1692971994278803537 144.679042 0.000000
1692971994333734983 144.969230 0.000000
1692971994405424499 144.635772 0.000000
1692971994783733880 144.630610 0.000000
1692971994856322933 144.614397 0.000000
1692971995072987481 144.514955 0.000000
1692971995145603743 144.397434 0.000000
1692971995363725649 144.437832 0.000000
1692971995492290909 144.636067 0.000000
1692971995652831688 144.474426 0.000000
1692971995725612155 144.455002 0.000000
1692971995781511629 144.619530 0.000000
1692971995869579531 144.647108 0.000000
1692971995942113671 144.554123 0.000000
1692971996015201810 144.666088 0.000000
1692971996086732620 144.627207 0.000000
1692971996376354033 144.604339 0.000000
1692971996376431241 144.642009 0.000000
1692971996665783522 144.584131 0.000000
1692971996665861649 144.648151 0.000000
1692971996882791454 144.508778 0.000000
1692971996955935404 144.493221 0.000000
1692971997013078805 144.575317 0.000000
1692971997172738730 144.568746 0.000000
1692971997244569642 144.561990 0.000000
1692971997374590917 144.563097 0.000000
1692971997447383261 144.653005 0.000000
1692971997519073838 144.462464 0.000000
1692971997678912568 144.598706 0.000000
1692971997808516388 144.575552 0.000000
1692971997809259869 144.503129 0.000000
1692971998387590667 144.645012 0.000000
1692971998475655109 144.614527 0.000000
1692971998532805998 144.582031 0.000000
1692971998548204660 144.543276 0.000000
1692971998548284525 144.582117 0.000000
1692971998692587179 144.609511 0.000000
1692971998823627864 144.705162 0.000000
1692971998823627528 144.634443 0.000000
1692971999127389069 144.486074 0.000000
1692971999184885159 144.642747 0.000000
1692971999200078740 144.546749 0.000000
1692971999272365887 144.431667 0.000000
1692971999330623694 144.731604 0.000000
1692971999417120795 144.617338 0.000000
1692971999489045866 144.581766 0.000000
1692971999489558160 144.603711 0.000000
1692971999634043683 144.675739 0.000000
1692971999706557190 144.614727 0.000000
1692971999764285493 144.575882 0.000000
1692971999851325644 144.669875 0.000000
1692971999908898356 144.592010 0.000000
1692971999996246006 144.709698 0.000000
1692972000213244980 144.434670 0.000000
1692972000357834950 144.450155 0.000000
1692972000647517611 144.600600 0.000000
1692972000705930063 144.455448 0.000000
1692972000864484501 144.585746 0.000000
1692972000937670459 144.430479 0.000000
1692972001009772486 144.521090 0.000000
1692972001010048256 144.486975 0.000000
1692972001067962562 144.508571 0.000000
1692972001285199473 144.709577 0.000000
1692972001298963597 144.584286 0.000000
1692972001299431428 144.521060 0.000000
1692972001429987147 144.648295 0.000000
1692972001443805701 144.568665 0.000000
1692972001444082594 144.633711 0.000000
1692972001502302249 144.709512 0.000000
1692972001574656035 144.676416 0.000000
1692972001588369550 144.529619 0.000000
1692972001588668685 144.481112 0.000000
1692972001588719873 144.463782 0.000000
1692972001647226855 144.742328 0.000000
1692972001661512749 144.464469 0.000000
1692972001805877561 144.432405 0.000000
1692972001806092505 144.426225 0.000000
1692972001878001309 144.685522 0.000000
1692972002095712876 144.400883 0.000000
1692972002153715447 144.622503 0.000000
1692972002370837792 144.637645 0.000000
1692972002371008930 144.501955 0.000000
1692972002457570695 144.574358 0.000000
1692972002602215957 144.568744 0.000000
1692972002747339947 144.784221 0.000000
1692972002819315931 144.641560 0.000000
1692972002878371089 144.779073 0.000000
1692972003181750352 144.988695 0.000000
1692972003398743061 144.435776 0.000000
1692972003471387382 144.619492 0.000000
1692972003471419065 144.516378 0.000000
1692972003603573877 144.655788 0.000000
1692972003748012065 144.421795 0.000000
1692972003760983652 144.553514 0.000000
1692972003833382147 144.710609 0.000000
1692972003905737472 144.409877 0.000000
1692972003977907562 144.570560 0.000000
1692972004037968946 144.658052 0.000000
1692972004050053887 144.561208 0.000000
1692972004110224550 144.539071 0.000000
1692972004267125625 144.629381 0.000000
1692972004327763101 144.716113 0.000000
1692972004340214588 144.780883 0.000000
1692972004485146856 144.623702 0.000000
1692972004617137902 144.648850 0.000000
1692972004629961407 144.550875 0.000000
1692972004835022712 144.742494 0.000000
1692972004979967004 144.883390 0.000000
1692972005063946555 144.779524 0.000000
1692972005124534666 144.691059 0.000000
1692972005136492001 144.564090 0.000000
1692972005341981169 144.810160 0.000000
1692972005426232155 144.726046 0.000000
1692972005703866064 144.781248 0.000000
1692972005788444981 144.653296 0.000000
1692972005788948079 144.950917 0.000000
1692972005861420736 144.513156 0.000000
1692972005933494181 144.537938 0.000000
1692972006210939122 144.499444 0.000000
1692972006573255212 144.762194 0.000000
1692972006585120187 144.605966 0.000000
1692972006717905676 144.643178 0.000000
1692972006729747734 144.603366 0.000000
1692972006790727860 144.837363 0.000000
1692972006875198681 144.530325 0.000000
1692972006935287649 144.652054 0.000000
1692972007019246562 144.463450 0.000000
1692972007080342468 144.657186 0.000000
1692972007152763324 144.752250 0.000000
1692972007224919547 144.609659 0.000000
1692972007514675261 144.636021 0.000000
1692972007526295574 144.725705 0.000000
1692972007526459925 144.897058 0.000000
1692972007599101754 144.550868 0.000000
1692972007659615388 144.739141 0.000000
1692972007743738407 144.614947 0.000000
1692972007816024361 144.640431 0.000000
1692972007888611504 144.589925 0.000000
1692972008022274465 144.705197 0.000000
1692972008032988178 144.538885 0.000000
1692972008105340996 144.629427 0.000000
1692972008177561749 144.454780 0.000000
1692972008178216684 144.598428 0.000000
1692972008384224189 144.550585 0.000000
1692972008529398745 144.472822 0.000000
1692972008674156314 144.565032 0.000000
1692972008683969722 144.519776 0.000000
1692972008891228096 144.665164 0.000000
1692972008901001074 144.558055 0.000000
1692972008901403519 144.519089 0.000000
1692972008963442965 144.608663 0.000000
1692972008974304014 144.696626 0.000000
1692972009036014265 144.687861 0.000000
1692972009191288078 144.630478 0.000000
1692972009469767679 144.608908 0.000000
1692972009553093612 144.457226 0.000000
1692972009842103628 144.400830 0.000000
1692972009904466637 144.676726 0.000000
1692972010049078151 144.586034 0.000000
1692972010131674456 144.525855 0.000000
1692972010204111696 144.491440 0.000000
1692972010338966262 144.605049 0.000000
1692972010493430140 144.639964 0.000000
1692972010710519864 144.609670 0.000000
1692972011073111859 144.573155 0.000000
1692972011217695869 144.561528 0.000000
1692972011354176084 144.529212 0.000000
1692972011362132557 144.618800 0.000000
1692972011426815553 144.660933 0.000000
1692972011434931541 144.703472 0.000000
1692972011498692040 144.587388 0.000000
1692972011643570148 144.591677 0.000000
1692972011652041160 144.577679 0.000000
1692972011797011592 144.547911 0.000000
1692972011933668002 144.571130 0.000000
1692972011941591919 144.791166 0.000000
1692972012013809584 144.674976 0.000000
1692972012086632158 144.681587 0.000000
1692972012303866041 144.715475 0.000000
1692972012376520774 144.687794 0.000000
1692972012448872571 144.507277 0.000000
1692972012593470709 144.606483 0.000000
1692972012737948891 144.436635 0.000000
1692972012882393855 144.520530 0.000000
1692972012955456827 144.554064 0.000000
1692972013099563439 144.576420 0.000000
1692972013099913167 144.434393 0.000000
1692972013237013630 144.846940 0.000000
1692972013244546250 144.588194 0.000000
1692972013309372699 144.637718 0.000000
1692972013316437236 144.551935 0.000000
1692972013533442844 144.545817 0.000000
1692972013599093411 144.451703 0.000000
1692972013599294778 144.483867 0.000000
1692972013743583042 144.664732 0.000000
1692972013744015896 144.505272 0.000000
1692972013750683452 144.553394 0.000000
1692972013961071516 144.673047 0.000000
1692972013961525539 144.974266 0.000000
1692972014040091785 144.489185 0.000000
1692972014105687689 144.780515 0.000000
1692972014185939914 144.588681 0.000000
1692972014186050646 144.669138 0.000000
1692972014251314189 144.635445 0.000000
1692972014258177500 144.518428 0.000000
1692972014540453783 144.772874 0.000000
1692972014613631190 144.601194 0.000000
1692972014619077401 144.616710 0.000000
1692972014686136257 145.032019 0.000000
1692972014837479741 144.584530 0.000000
1692972014908515793 144.573149 0.000000
1692972014976143434 144.948952 0.000000
1692972014982215298 144.641323 0.000000
1692972015199200157 144.543054 0.000000
1692972015270811445 144.443148 0.000000
1692972015632424371 144.483642 0.000000
1692972015699991782 144.522447 0.000000
1692972015851197766 144.468070 0.000000
1692972015989124870 144.519837 0.000000
1692972016062854534 144.475663 0.000000
1692972016138676495 144.547750 0.000000
1692972016568813111 144.746552 0.000000
1692972016645477242 144.580090 0.000000
1692972016719465432 144.896601 0.000000
1692972016786603030 144.569105 0.000000
1692972016790026250 144.523986 0.000000
1692972016858715034 145.025825 0.000000
1692972017003488232 144.757692 0.000000
1692972017008721184 144.600372 0.000000
1692972017076151702 144.672590 0.000000
1692972017079683600 144.658021 0.000000
1692972017225986469 144.607224 0.000000
1692972017226146290 144.529288 0.000000
1692972017441412365 144.543254 0.000000
1692972017442793064 144.460337 0.000000
1692972017655633409 144.763867 0.000000
1692972017660188703 144.479948 0.000000
1692972017803170278 144.494406 0.000000
1692972017948010321 144.602092 0.000000
1692972017948271798 144.538644 0.000000
1692972018234866040 144.382650 0.000000
1692972018307718977 144.731793 0.000000
1692972018381951995 144.517213 0.000000
1692972018383703209 144.504607 0.000000
1692972018454149342 144.505417 0.000000
1692972018455843033 144.528260 0.000000
1692972018525522341 144.762465 0.000000
1692972018528622557 144.558833 0.000000
1692972018743553549 144.589883 0.000000
1692972018817687486 144.480654 0.000000
1692972018887370061 144.540077 0.000000
1692972018887575909 144.612260 0.000000
1692972018888386370 144.509256 0.000000
1692972018890011763 144.541861 0.000000
1692972019031572370 144.657851 0.000000
1692972019034528952 144.501257 0.000000
1692972019107017285 144.461515 0.000000
1692972019176203598 144.612164 0.000000
1692972019176314080 144.653300 0.000000
1692972019251638125 144.518001 0.000000
1692972019322373564 144.655610 0.000000
1692972019393532342 144.743502 0.000000
1692972019539678010 144.852451 0.000000
1692972019611065759 144.464252 0.000000
1692972019611299682 144.624614 0.000000
1692972019613542994 144.682708 0.000000
1692972019684292871 144.654313 0.000000
1692972020189998024 144.563462 0.000000
1692972020264448456 144.493489 0.000000
1692972020264602060 144.572069 0.000000
1692972020336589528 144.541275 0.000000
1692972020407827789 144.613333 0.000000
1692972020408306415 145.022746 0.000000
1692972020409765998 144.538699 0.000000
1692972020479439738 144.646283 0.000000
1692972020481526321 144.650734 0.000000
1692972020553552907 144.948981 0.000000
1692972020626816925 144.528756 0.000000
1692972020696698908 144.719171 0.000000
1692972020769925490 144.527543 0.000000
1692972020771045309 144.544668 0.000000
1692972020771186253 144.635611 0.000000
1692972020771292663 144.467914 0.000000
1692972020843108179 144.539596 0.000000
1692972020915234036 144.671407 0.000000
1692972020915671476 144.707536 0.000000
1692972020987942053 144.822343 0.000000
1692972021132700589 145.122541 0.000000
1692972021132730728 144.771625 0.000000
1692972021350926537 144.528094 0.000000
1692972021421914221 144.574892 0.000000
1692972021422812346 144.585652 0.000000
1692972021422842786 144.562523 0.000000
1692972021494217204 144.638746 0.000000
1692972021712978937 144.674780 0.000000
1692972021783782569 144.710878 0.000000
1692972021785670040 144.799795 0.000000
1692972021856679185 144.640150 0.000000
1692972022001397175 144.697091 0.000000
1692972022002605850 144.527193 0.000000
1692972022365639754 144.665147 0.000000
1692972022436736711 144.824607 0.000000
1692972022943260384 144.622503 0.000000
1692972022944439711 144.637223 0.000000
1692972023016119084 144.647808 0.000000
1692972023161405460 144.586208 0.000000
1692972023234888336 144.631683 0.000000
1692972023305302099 144.600758 0.000000
1692972023595545428 144.756244 0.000000
1692972023596730043 144.938352 0.000000
1692972023741722459 144.730383 0.000000
1692972023958200922 144.961000 0.000000
1692972023958295582 144.953441 0.000000
1692972023958667741 144.561632 0.000000
1692972024102918947 144.661143 0.000000
1692972024104036361 144.564774 0.000000
1692972024175564063 144.555252 0.000000
1692972024248241405 145.052035 0.000000
1692972024248422771 145.008779 0.000000
1692972024249176736 144.687037 0.000000
1692972024392743273 144.487110 0.000000
1692972024393512153 144.735075 0.000000
1692972024537533831 144.639197 0.000000
1692972024538171777 144.542958 0.000000
1692972024538276680 144.487654 0.000000
1692972024682252112 144.724244 0.000000
1692972024755696739 144.493689 0.000000
1692972025044746652 144.737280 0.000000
1692972025117182032 144.702670 0.000000
1692972025118048909 144.690772 0.000000
1692972025118115349 144.673397 0.000000
1692972025190860427 144.842384 0.000000
1692972025261972775 144.703796 0.000000
1692972025334761004 144.721738 0.000000
1692972025335397492 144.521042 0.000000
1692972025406840754 144.843797 0.000000
1692972025479547789 144.779560 0.000000
1692972025480547852 144.583994 0.000000
1692972025551814701 144.620051 0.000000
1692972025769126144 144.634737 0.000000
1692972025770832059 144.759346 0.000000
1692972025842310507 144.998205 0.000000
1692972025842475595 144.495735 0.000000
1692972025842970098 144.626027 0.000000
1692972025843111296 144.566087 0.000000
1692972025986580832 144.575474 0.000000
1692972026060232054 144.616675 0.000000
1692972026060815659 144.433906 0.000000
1692972026204028685 144.835908 0.000000
1692972026204371120 144.861728 0.000000
1692972026204833057 144.814519 0.000000
1692972026276864249 144.653515 0.000000
1692972026277596704 144.453055 0.000000
1692972026277768152 144.609478 0.000000
1692972026278185150 144.784910 0.000000
1692972027001450885 144.480147 0.000000
1692972027001801088 144.616313 0.000000
1692972027002081920 144.666299 0.000000
1692972027073243328 144.655680 0.000000
1692972027146631895 144.535807 0.000000
1692972027362992359 144.629469 0.000000
1692972027509463663 144.465754 0.000000
1692972027726913961 144.459885 0.000000
1692972027797906386 144.536203 0.000000
1692972027798390711 144.464692 0.000000
1692972027871231430 144.586118 0.000000
1692972028088136197 144.894178 0.000000
1692972028161037549 144.561275 0.000000
1692972028305816520 144.485931 0.000000
1692972028450968421 144.595349 0.000000
1692972028451291767 144.700614 0.000000
1692972028451388767 144.763234 0.000000
1692972028522800320 144.578801 0.000000
1692972028523207861 144.776500 0.000000
1692972028523381103 144.891267 0.000000
1692972028668697712 144.918925 0.000000
1692972028669067029 145.014898 0.000000
1692972028741181269 144.836561 0.000000
1692972028812272965 144.595461 0.000000
1692972028957539161 144.482844 0.000000
1692972029102252145 144.581052 0.000000
1692972029102801249 144.687812 0.000000
1692972029174508137 144.510644 0.000000
1692972029175097009 144.677918 0.000000
1692972029248073578 144.402293 0.000000
1692972029319360493 144.603684 0.000000
1692972029392925715 144.511482 0.000000
1692972029609429100 144.778690 0.000000
1692972029826721517 144.548987 0.000000
1692972029971517948 144.778981 0.000000
1692972029971778363 144.491569 0.000000
1692972030044185186 144.606040 0.000000
1692972030044272479 144.477496 0.000000
1692972030044551321 144.481009 0.000000
1692972030189327305 144.762342 0.000000
1692972030261002209 144.569454 0.000000
1692972030333376066 144.561441 0.000000
1692972030913024265 144.736287 0.000000
1692972030913092463 144.724334 0.000000
1692972030984689447 144.543178 0.000000
1692972031058667521 144.564904 0.000000
1692972031202957046 144.532644 0.000000
1692972031275715190 144.817207 0.000000
1692972031346838539 144.635890 0.000000
1692972031491568040 144.714155 0.000000
1692972031491647279 144.753196 0.000000
1692972031637167951 144.654412 0.000000
1692972031637170206 144.616554 0.000000
1692972031709152469 144.518571 0.000000
1692972031927175386 144.478809 0.000000
1692972032071909312 144.718505 0.000000
1692972032144428276 144.459690 0.000000
1692972032218003911 144.573620 0.000000
1692972032436158534 144.830631 0.000000
1692972032506475451 144.558108 0.000000
1692972032579025145 144.535354 0.000000
1692972032725759445 144.808334 0.000000
1692972032942310967 144.609627 0.000000
1692972032942877968 144.718931 0.000000
1692972033086120477 144.603824 0.000000
1692972033087700896 144.666064 0.000000
1692972033158567824 144.669377 0.000000
1692972033159484577 144.662977 0.000000
1692972033231739278 144.600252 0.000000
1692972033232207877 144.499413 0.000000
1692972033304696563 144.515653 0.000000
1692972033376389664 145.084094 0.000000
1692972033449687175 145.467317 0.000000
1692972033521894820 144.704718 0.000000
1692972033522286635 144.878808 0.000000
1692972033739252112 144.834509 0.000000
1692972033811651383 144.744491 0.000000
1692972033811906009 144.764883 0.000000
1692972033883045435 144.648613 0.000000
1692972033884535233 144.664475 0.000000
1692972033956164747 144.532168 0.000000
1692972034100179698 144.649625 0.000000
1692972034246084136 144.752876 0.000000
1692972034319693395 144.941311 0.000000
1692972034392037809 144.884846 0.000000
1692972034463489700 144.533380 0.000000
1692972034607574404 144.593034 0.000000
1692972034608589450 144.939718 0.000000
1692972034898320362 144.715643 0.000000
1692972034970885814 144.703570 0.000000
1692972035042459262 144.709214 0.000000
1692972035550788712 144.574320 0.000000
1692972035551642474 144.542897 0.000000
1692972035623153192 144.609743 0.000000
1692972035694278039 144.594513 0.000000
1692972035767945869 144.777992 0.000000
1692972035768896485 144.467898 0.000000
1692972035913550421 144.719387 0.000000
1692972035985964776 145.001922 0.000000
1692972035986258387 144.854225 0.000000
1692972036201753767 144.599699 0.000000
1692972036202918165 144.541589 0.000000
1692972036275757969 144.496340 0.000000
1692972036346912981 144.744636 0.000000
1692972036347212561 144.676427 0.000000
1692972036637192235 144.902137 0.000000
1692972036637404483 144.929039 0.000000
1692972036783113132 144.883854 0.000000
1692972036853725539 144.673150 0.000000
1692972036854530177 144.733645 0.000000
1692972036854613701 144.569580 0.000000
1692972036928116487 144.733775 0.000000
1692972036998414355 144.656440 0.000000
1692972036999138431 144.614193 0.000000
1692972037071548547 144.633433 0.000000
1692972037072692006 144.549994 0.000000
1692972037290255244 144.667642 0.000000
1692972037362378715 144.563385 0.000000
1692972037505554985 144.661101 0.000000
1692972037507170149 144.776860 0.000000
1692972037507331574 144.660710 0.000000
1692972037652129398 144.586255 0.000000
1692972037868005165 144.574089 0.000000
1692972037942538759 144.844251 0.000000
1692972038012685016 144.658015 0.000000
1692972038014426037 144.670855 0.000000
1692972038159020949 144.578730 0.000000
1692972038159257804 144.485719 0.000000
1692972038447303740 144.646778 0.000000
1692972038593533908 144.754113 0.000000
1692972038665908572 144.648573 0.000000
1692972038666357554 144.592408 0.000000
1692972038738362399 144.813430 0.000000
1692972038809579801 144.642639 0.000000
1692972038883509363 144.582740 0.000000
1692972038884095752 144.541700 0.000000
1692972038954477396 144.766039 0.000000
1692972039028093130 144.562974 0.000000
1692972039245768920 144.467161 0.000000
1692972039389319719 144.813385 0.000000
1692972039390201506 144.811406 0.000000
1692972039606796719 144.868669 0.000000
1692972039607420211 144.714571 0.000000
1692972039607649664 144.756504 0.000000
1692972039679656613 144.614899 0.000000
1692972039751259304 144.446939 0.000000
1692972039752102657 144.581712 0.000000
1692972039897616808 144.828885 0.000000
1692972039897620875 144.703995 0.000000
1692972039970224112 144.593560 0.000000
1692972040186134740 144.722900 0.000000
1692972040187497332 144.577442 0.000000
1692972040258342791 144.612909 0.000000
1692972040403613382 144.723457 0.000000
1692972040476196078 145.034363 0.000000
1692972040477148654 144.559315 0.000000
1692972040838434030 144.761810 0.000000
1692972040839557147 144.569694 0.000000
1692972040912343200 144.795699 0.000000
1692972041055689354 144.631211 0.000000
1692972041127990000 144.739107 0.000000
1692972041200391841 144.676943 0.000000
1692972041273225890 144.725446 0.000000
1692972041417873476 144.659850 0.000000
1692972041418514820 144.548756 0.000000
1692972041490500640 144.796210 0.000000
1692972041707754040 144.494459 0.000000
1692972041708386036 144.698358 0.000000
1692972041780684387 144.472333 0.000000
1692972041997300332 144.667997 0.000000
1692972041997681833 144.801056 0.000000
1692972041998041979 144.541449 0.000000
1692972041998095648 144.458551 0.000000
1692972042141981019 144.655257 0.000000
1692972042142259921 144.444653 0.000000
1692972042287582402 144.456882 0.000000
1692972042288221315 145.019609 0.000000
1692972042358967028 144.585285 0.000000
1692972042359093827 144.622256 0.000000
1692972042504205554 145.070291 0.000000
1692972042578247487 144.445846 0.000000
1692972042649020397 144.775060 0.000000
1692972042649074057 144.595544 0.000000
1692972042793596521 144.710035 0.000000
1692972042940136814 144.569735 0.000000
1692972043010978949 144.605973 0.000000
1692972043011298616 144.658148 0.000000
1692972043011554600 144.738790 0.000000
1692972043228090940 144.577542 0.000000
1692972043301365672 144.755069 0.000000
1692972043301933089 144.669210 0.000000
1692972043445856769 144.639646 0.000000
1692972043446238335 144.843094 0.000000
1692972043446655613 145.053833 0.000000
1692972043735094179 144.586543 0.000000
1692972043736203680 144.804474 0.000000
1692972043808414132 144.545347 0.000000
1692972043881654679 144.966184 0.000000
1692972043953114975 144.495336 0.000000
1692972043953803764 144.698844 0.000000
1692972044169833122 144.686785 0.000000
1692972044243137077 144.543789 0.000000
1692972044314652481 144.812207 0.000000
1692972044386745360 144.653734 0.000000
1692972044460222346 144.494589 0.000000
1692972044531696875 144.580319 0.000000
1692972044532204548 144.832408 0.000000
1692972044604706136 144.724769 0.000000
1692972044677801497 145.017172 0.000000
1692972044749568645 144.847349 0.000000
1692972044750301571 144.604314 0.000000
1692972044750420151 144.610303 0.000000
1692972044967709734 144.940094 0.000000
1692972045039236664 144.596715 0.000000
1692972045039450410 144.670708 0.000000
1692972045039480475 144.579030 0.000000
1692972045328965881 144.556002 0.000000
1692972045619651884 144.591861 0.000000
1692972045764464587 144.597854 0.000000
1692972045909149367 144.535980 0.000000
1692972046053988657 144.746474 0.000000
1692972046125903122 144.495366 0.000000
1692972046270610390 144.780232 0.000000
1692972046271236483 144.619801 0.000000
1692972046415878043 144.698487 0.000000
1692972046488420701 144.592410 0.000000
1692972046488564109 144.678671 0.000000
1692972046633402003 144.655699 0.000000
1692972046704804888 144.569373 0.000000
1692972046850250595 144.522510 0.000000
1692972046850805263 144.539704 0.000000
1692972046850989305 144.632189 0.000000
1692972047139615511 144.569283 0.000000
1692972047139789125 144.605466 0.000000
1692972047139967012 144.577577 0.000000
1692972047140283807 144.599183 0.000000
1692972047285161050 144.858248 0.000000
1692972047430126016 144.743136 0.000000
1692972047503004102 144.776599 0.000000
1692972047573907275 144.549422 0.000000
1692972047575077285 144.618317 0.000000
1692972047719675636 144.568121 0.000000
1692972047719824471 144.493553 0.000000
1692972047791884769 144.406865 0.000000
1692972047792494208 144.638824 0.000000
1692972047935937448 144.605607 0.000000
1692972047936397932 144.499140 0.000000
1692972047936772321 144.624772 0.000000
1692972048009732733 144.498668 0.000000
1692972048009931587 144.619195 0.000000
1692972048154048958 144.527259 0.000000
1692972048154504355 144.562966 0.000000
1692972048225591946 144.470784 0.000000
1692972048226502690 144.464649 0.000000
1692972048298170121 144.619309 0.000000
1692972048370303248 144.682220 0.000000
1692972048444167453 144.775200 0.000000
1692972048589349844 145.010492 0.000000
1692972048804833119 144.577736 0.000000
1692972048879321047 144.603722 0.000000
1692972048949880336 144.859236 0.000000
1692972048951516514 144.486616 0.000000
1692972049022273056 144.606510 0.000000
1692972049023888030 144.550565 0.000000
1692972049167457942 144.700792 0.000000
1692972049167493490 144.709192 0.000000
1692972049313392554 144.568311 0.000000
1692972049384635775 144.686434 0.000000
1692972049457381725 144.488850 0.000000
1692972049457416095 144.959433 0.000000
1692972049529980889 144.718414 0.000000
1692972049530427701 144.788156 0.000000
1692972049602349323 144.640017 0.000000
1692972049673935489 144.614853 0.000000
1692972049746934116 144.534060 0.000000
1692972049891721515 145.142158 0.000000
1692972049891795968 145.172192 0.000000
1692972049964376217 144.678811 0.000000
1692972049965197649 144.704085 0.000000
1692972049965227739 144.558277 0.000000
1692972050181627220 144.742896 0.000000
1692972050181912913 144.823522 0.000000
1692972050181964668 144.852113 0.000000
1692972050327759461 144.813530 0.000000
1692972050471189218 144.688163 0.000000
1692972050544133914 144.717038 0.000000
1692972050544417708 144.789564 0.000000
1692972050544947238 144.667472 0.000000
1692972050617393396 144.537429 0.000000
1692972050689137048 144.704261 0.000000
1692972050762445759 144.817433 0.000000
1692972050906026427 144.790220 0.000000
1692972050906732746 145.205254 0.000000
1692972050907415681 144.893776 0.000000
1692972050907581872 144.913566 0.000000
1692972051123327696 144.726913 0.000000
1692972051125263068 144.876100 0.000000
1692972051269769030 144.490751 0.000000
1692972051270602093 144.745477 0.000000
1692972051415562679 144.621478 0.000000
1692972051487953760 144.544421 0.000000
1692972051704927825 144.569774 0.000000
1692972051922287445 144.564442 0.000000
1692972052066219247 144.791954 0.000000
1692972052066317515 144.578845 0.000000
1692972052139514055 144.793337 0.000000
1692972052139540827 144.639650 0.000000
1692972052211442457 144.573668 0.000000
1692972052284315131 144.673259 0.000000
1692972052355949244 144.548194 0.000000
1692972052356776219 144.519311 0.000000
1692972052431239314 148.535243 0.000000
1692972052431309612 147.466412 0.000000
1692972052431380833 147.631184 0.000000
1692972052503920263 147.174991 0.000000
1692972052648542634 144.741497 0.000000
1692972052649851707 144.812687 0.000000
1692972052940328976 145.077120 0.000000
1692972053013384502 145.439528 0.000000
1692972053013421287 145.221893 0.000000
1692972053159316758 145.355081 0.000000
1692972053159484908 145.545448 0.000000
1692972053375330257 144.861244 0.000000
1692972053520550899 145.194337 0.000000
1692972053665624540 144.798589 0.000000
1692972053665871122 144.629512 0.000000
1692972053737607363 144.590858 0.000000
1692972053811780004 144.741201 0.000000
1692972054027754178 144.614978 0.000000
1692972054028443147 144.788230 0.000000
1692972054172730410 144.587965 0.000000
1692972054172858377 144.517387 0.000000
1692972054245950545 144.640147 0.000000
1692972054246327936 144.804204 0.000000
1692972054318856360 144.796219 0.000000
1692972054462627099 144.604218 0.000000
1692972054463695473 144.711934 0.000000
1692972054535168288 144.813149 0.000000
1692972054536458904 145.045076 0.000000
1692972054752509850 144.689427 0.000000
1692972055042115153 144.654294 0.000000
1692972055114922536 144.692889 0.000000
1692972055260637383 144.908261 0.000000
1692972055550889376 144.780695 0.000000
1692972055623390635 145.004289 0.000000
1692972055695667330 144.629722 0.000000
1692972055769170664 144.474498 0.000000
1692972055841647350 144.724686 0.000000
1692972055986126942 144.503968 0.000000
1692972056058946886 144.521817 0.000000
1692972056201862405 144.658158 0.000000
1692972056276024902 144.629822 0.000000
1692972056276055809 144.633121 0.000000
1692972056347689322 144.576117 0.000000
1692972056419503431 144.531569 0.000000
1692972056492764986 144.441008 0.000000
1692972056492890799 144.479141 0.000000
1692972056780770237 144.583384 0.000000
1692972056927514638 144.676210 0.000000
1692972056927661896 144.709065 0.000000
1692972057071452650 144.537166 0.000000
1692972057072482376 144.750141 0.000000
1692972057144827889 144.507379 0.000000
1692972057217451820 144.659008 0.000000
1692972057288751781 145.562349 0.000000
1692972057361914886 144.748225 0.000000
1692972057580076890 144.785888 0.000000
1692972057651511449 144.835117 0.000000
1692972057652561978 144.503475 0.000000
1692972057796088214 144.551306 0.000000
1692972057940260874 144.514306 0.000000
1692972058012924974 144.666570 0.000000
1692972058013807111 144.762844 0.000000
1692972058085088152 144.805000 0.000000
1692972058086916200 144.538079 0.000000
1692972058086968993 144.648506 0.000000
1692972058302474706 144.965337 0.000000
1692972058592724818 144.628708 0.000000
1692972058665534204 144.627902 0.000000
1692972058666715532 144.660763 0.000000
1692972058666906822 144.808111 0.000000
1692972058810568601 144.618004 0.000000
1692972058811410891 144.728862 0.000000
1692972059027290850 144.519834 0.000000
1692972059027866449 144.804126 0.000000
1692972059173548896 144.515573 0.000000
1692972059244280186 144.670087 0.000000
1692972059389421344 144.819319 0.000000
1692972059462716649 144.590622 0.000000
1692972059535227007 144.817454 0.000000
1692972059607597331 144.734492 0.000000
1692972059680355395 144.724393 0.000000
1692972059680384187 144.736742 0.000000
1692972059752347188 144.764912 0.000000
1692972059897627324 144.794125 0.000000
1692972059897738147 144.888871 0.000000
1692972059898258051 144.719011 0.000000
1692972060043402190 145.106818 0.000000
1692972060115507325 144.575614 0.000000
1692972060115812235 144.710183 0.000000
1692972060331421149 144.689609 0.000000
1692972060332651727 144.575153 0.000000
1692972060477211400 144.541415 0.000000
1692972060695212821 144.660737 0.000000
1692972060695387617 144.429925 0.000000
1692972060839125488 144.902520 0.000000
1692972060984817208 144.722144 0.000000
1692972061057748132 145.060080 0.000000
1692972061130264012 144.845150 0.000000
1692972061201427749 144.788965 0.000000
1692972061202637358 144.766134 0.000000
1692972061273794426 144.827392 0.000000
1692972061418907437 144.662558 0.000000
1692972061419331008 144.628499 0.000000
1692972061419755616 144.622725 0.000000
1692972061563960830 144.801496 0.000000
1692972061564789473 144.399832 0.000000
1692972061636254283 144.835459 0.000000
1692972061709541535 145.005687 0.000000
1692972061781745122 145.096097 0.000000
1692972061854510831 144.661300 0.000000
1692972061927625314 145.325842 0.000000
1692972061927807132 145.265061 0.000000
1692972062071596898 144.639398 0.000000
1692972062144560361 144.425208 0.000000
1692972062289309654 144.681094 0.000000
1692972062433733022 144.849480 0.000000
1692972062434751813 144.859819 0.000000
1692972062796477893 144.591004 0.000000
1692972062868355390 144.896063 0.000000
1692972062870845820 144.779066 0.000000
1692972062870890724 144.878222 0.000000
1692972062941731608 144.692142 0.000000
1692972062943074654 144.544631 0.000000
1692972063158606131 144.654687 0.000000
1692972063159656394 144.655822 0.000000
1692972063160690610 144.575174 0.000000
1692972063230729208 144.733173 0.000000
1692972063377879699 144.656042 0.000000
1692972063377938355 144.638171 0.000000
1692972063448275602 144.651346 0.000000
1692972063448362810 144.647427 0.000000
1692972063595023516 144.656077 0.000000
1692972063666451491 144.599260 0.000000
1692972063738249717 144.844064 0.000000
1692972063883663122 144.791142 0.000000
1692972064102397638 144.900809 0.000000
1692972064173062216 144.596731 0.000000
1692972064174706882 144.811792 0.000000
1692972064246222609 144.639205 0.000000
1692972064463905482 144.518720 0.000000
1692972064681715956 144.837668 0.000000
1692972064754325748 144.855093 0.000000
1692972064897672337 144.622593 0.000000
1692972064970029993 144.549927 0.000000
1692972064971017656 144.535309 0.000000
1692972065116261751 144.565060 0.000000
1692972065261655935 144.484713 0.000000
1692972065334154663 144.606882 0.000000
1692972066202387915 144.470649 0.000000
1692972066420503545 144.615163 0.000000
1692972066491733951 144.608889 0.000000
1692972066493096426 144.538019 0.000000
1692972066493211007 144.504451 0.000000
1692972066563783979 144.742154 0.000000
1692972066636545571 144.560311 0.000000
1692972066637944691 144.560612 0.000000
1692972066781122160 144.550954 0.000000
1692972066781669311 144.576018 0.000000
1692972066782570139 144.612658 0.000000
1692972066853934702 144.672923 0.000000
1692972066999623228 144.402063 0.000000
1692972067071039499 144.638807 0.000000
1692972067288865256 144.494144 0.000000
1692972067361609854 144.354140 0.000000
1692972067722794618 144.730675 0.000000
1692972067723479231 144.815727 0.000000
1692972067723565818 144.818585 0.000000
1692972067869011500 144.855064 0.000000
1692972067940346934 144.886522 0.000000
1692972067940665144 144.653505 0.000000
1692972068012965177 144.696349 0.000000
1692972068013801798 144.767390 0.000000
1692972068086268282 144.504251 0.000000
1692972068157240063 144.646501 0.000000
1692972068373911695 144.681211 0.000000
1692972068374882599 144.938284 0.000000
1692972068447533662 144.868698 0.000000
1692972068808866224 144.862834 0.000000
1692972068953620080 144.818851 0.000000
1692972068954877931 144.638396 0.000000
1692972069026936385 144.563433 0.000000
1692972069027723857 144.735453 0.000000
1692972069171521079 144.591650 0.000000
1692972069389333982 144.612865 0.000000
1692972069389777239 145.013687 0.000000
1692972069534857175 144.763761 0.000000
1692972069897000721 145.040255 0.000000
1692972069897201940 145.199385 0.000000
1692972070185659639 144.504665 0.000000
1692972070187993508 144.734370 0.000000
1692972070260239405 144.563622 0.000000
1692972070477087390 144.490712 0.000000
1692972070621991023 144.503668 0.000000
1692972070693432880 144.801049 0.000000
1692972070766728765 144.562489 0.000000
1692972070766754249 144.482257 0.000000
1692972070838594398 144.682524 0.000000
1692972070983301504 144.650589 0.000000
1692972071055828971 144.573495 0.000000
1692972071128293140 144.622412 0.000000
1692972071128435917 144.466760 0.000000
1692972071272710479 144.566646 0.000000
1692972071272985819 144.513984 0.000000
1692972071344009657 144.581952 0.000000
1692972071417724100 144.723396 0.000000
1692972071489662255 144.538576 0.000000
1692972071562488235 144.750559 0.000000
1692972071562592282 144.547251 0.000000
1692972071634188873 144.567844 0.000000
1692972071634760438 144.573908 0.000000
1692972071635982671 144.987962 0.000000
1692972071706274547 144.851309 0.000000
1692972071851338044 144.716290 0.000000
1692972071852117813 144.784042 0.000000
1692972072068752897 144.656138 0.000000
1692972072141192452 144.570217 0.000000
1692972072214106060 144.695583 0.000000
1692972072285438730 144.627375 0.000000
1692972072286559854 144.467619 0.000000
1692972072504248770 144.784586 0.000000
1692972072576591119 144.538623 0.000000
1692972072577186625 144.831499 0.000000
1692972072793301415 144.608756 0.000000
1692972072938985974 144.599149 0.000000
1692972072939159513 144.486477 0.000000
1692972073228267417 144.698292 0.000000
1692972073374083805 144.457457 0.000000
1692972073445677029 144.585850 0.000000
1692972073590491097 144.650402 0.000000
1692972073662108252 144.616983 0.000000
1692972073662936484 144.951912 0.000000
1692972073663708500 144.505282 0.000000
1692972073806967293 144.716023 0.000000
1692972073951854534 144.593849 0.000000
1692972074098442832 144.715050 0.000000
1692972074098706219 144.913888 0.000000
1692972074171043404 144.681370 0.000000
1692972074243082675 144.633207 0.000000
1692972074460169107 144.453104 0.000000
1692972074532047329 144.613989 0.000000
1692972074532629182 144.572498 0.000000
1692972074677420377 145.240014 0.000000
1692972074677858231 144.859845 0.000000
1692972074895251291 144.579643 0.000000
1692972074968358763 144.770550 0.000000
1692972074968601663 144.578431 0.000000
1692972075112388283 144.612381 0.000000
1692972075112864020 144.570043 0.000000
1692972075113042310 144.676651 0.000000
1692972075256957053 144.718554 0.000000
1692972075330639230 144.561172 0.000000
1692972075474811232 144.519597 0.000000
1692972075620016225 144.440520 0.000000
1692972075691258302 144.516082 0.000000
1692972075691298155 144.480494 0.000000
1692972075764112367 144.517590 0.000000
1692972075764617553 144.714033 0.000000
1692972075837480550 144.841325 0.000000
1692972075909929773 144.808814 0.000000
1692972075982248327 144.840702 0.000000
1692972076200024145 144.627615 0.000000
1692972076272482919 144.650853 0.000000
1692972076416899719 144.882728 0.000000
1692972076560993475 144.578219 0.000000
1692972076562081311 144.535444 0.000000
1692972076778387484 144.851234 0.000000
1692972076779458291 144.660631 0.000000
1692972076851507242 144.753757 0.000000
1692972076996775867 144.546986 0.000000
1692972077068426480 144.544695 0.000000
1692972077141391721 144.580172 0.000000
1692972077286293386 145.102632 0.000000
1692972077357918454 144.622589 0.000000
1692972077502847546 144.475903 0.000000
1692972077503812662 144.763442 0.000000
1692972077503840782 144.721915 0.000000
1692972077504221157 144.811038 0.000000
1692972077647759720 144.892683 0.000000
1692972077720101075 144.874114 0.000000
1692972077793841379 144.654935 0.000000
1692972078010035608 144.801631 0.000000
1692972078010787648 144.506254 0.000000
1692972078011199135 144.620840 0.000000
1692972078082075801 144.715229 0.000000
1692972078082507215 144.580420 0.000000
1692972078082765701 144.565235 0.000000
1692972078155053500 144.557365 0.000000
1692972078226717665 144.616995 0.000000
1692972078227726951 144.944561 0.000000
1692972078302442251 146.160154 0.000000
1692972078372850663 144.691146 0.000000
1692972078443965043 144.722354 0.000000
1692972078445055870 144.702188 0.000000
1692972078664348688 144.700087 0.000000
1692972078735771485 144.533951 0.000000
1692972078807924320 144.686527 0.000000
1692972078809503528 144.635292 0.000000
1692972078878688961 144.685378 0.000000
1692972078880388229 144.633974 0.000000
1692972079026447467 144.602431 0.000000
1692972079026451286 144.626301 0.000000
1692972079171375832 144.510016 0.000000
1692972079242442224 144.768319 0.000000
1692972079243832393 144.476033 0.000000
1692972079460836957 144.621304 0.000000
1692972079533094400 144.647778 0.000000
1692972079604459572 144.619141 0.000000
1692972079677129047 144.522000 0.000000
1692972079677327839 144.647362 0.000000
1692972079677576769 144.439193 0.000000
1692972079967631555 144.468060 0.000000
1692972080256428737 144.681745 0.000000
1692972080257181247 144.674142 0.000000
1692972080473758821 144.658916 0.000000
1692972080474183965 144.501399 0.000000
1692972080546252180 144.554844 0.000000
1692972080691117882 144.852988 0.000000
1692972080763317969 144.581752 0.000000
1692972080910522116 144.823132 0.000000
1692972080910569521 144.716880 0.000000
1692972081126433212 145.000128 0.000000
1692972081128037915 144.512599 0.000000
1692972081197962758 144.620419 0.000000
1692972081271321363 144.430432 0.000000
1692972081345110115 144.532213 0.000000
1692972081489426481 144.538087 0.000000
1692972081489452387 144.601780 0.000000
1692972081559891887 144.765061 0.000000
1692972081560710862 144.695885 0.000000
1692972081704474568 144.613247 0.000000
1692972081704565209 144.656693 0.000000
1692972081705765150 144.640852 0.000000
1692972081706568795 144.755413 0.000000
1692972081779180222 144.572232 0.000000
1692972081995329490 144.710819 0.000000
1692972081995700177 144.586525 0.000000
1692972082140583630 144.904742 0.000000
1692972082141496517 144.839116 0.000000
1692972082212792415 144.768736 0.000000
1692972082285412722 144.749125 0.000000
1692972082286097550 144.589247 0.000000
1692972082286235611 144.625518 0.000000
1692972082356674127 144.754428 0.000000
1692972082357921860 144.571266 0.000000
1692972082358270531 144.611780 0.000000
1692972082502889063 144.701234 0.000000
1692972082575773800 144.603617 0.000000
1692972082576100199 144.851568 0.000000
1692972082648149011 145.042723 0.000000
1692972082720643751 144.536666 0.000000
1692972083010783825 144.581475 0.000000
1692972083082474799 144.575340 0.000000
1692972083228209043 144.604822 0.000000
1692972083299659883 144.670405 0.000000
1692972083371906740 144.473933 0.000000
1692972083589265574 144.975840 0.000000
1692972083590027060 144.659469 0.000000
1692972083661297656 144.665965 0.000000
1692972083662606085 145.309261 0.000000
1692972083806225224 144.617607 0.000000
1692972083807699879 144.884979 0.000000
1692972083807800137 144.849956 0.000000
1692972083879689332 144.601170 0.000000
1692972084024977268 144.578175 0.000000
1692972084386742390 144.946329 0.000000
1692972084604660220 144.580097 0.000000
1692972084676623841 145.203392 0.000000
1692972084676857259 144.914293 0.000000
1692972084747851070 144.450575 0.000000
1692972084748447121 144.744484 0.000000
1692972084749417661 144.856069 0.000000
1692972084749557539 144.731790 0.000000
1692972084821447565 144.564486 0.000000
1692972084894017988 144.679368 0.000000
1692972084966486353 144.566698 0.000000
1692972084967136180 144.665269 0.000000
1692972085110107277 144.582787 0.000000
1692972085184025088 144.633709 0.000000
1692972085256815768 144.511886 0.000000
1692972085618451552 144.465969 0.000000
1692972085762081140 144.741385 0.000000
1692972085835186782 144.810055 0.000000
1692972085908354146 144.825953 0.000000
1692972085980997900 144.766643 0.000000
1692972086053207637 144.574681 0.000000
1692972086196749082 144.481978 0.000000
1692972086270882398 144.599551 0.000000
1692972086270955804 144.583359 0.000000
1692972086341292578 144.541506 0.000000
1692972086486612791 144.490889 0.000000
1692972086486913461 144.469529 0.000000
1692972086631621891 144.688514 0.000000
1692972086633116146 144.714173 0.000000
1692972086849214817 145.038778 0.000000
1692972086849367041 144.858468 0.000000
1692972086993820412 144.652796 0.000000
1692972086995392639 144.954848 0.000000
1692972087137898190 144.548383 0.000000
1692972087282503566 144.578618 0.000000
1692972087283669714 144.748481 0.000000
1692972087355966321 144.577634 0.000000
1692972087357629715 144.642086 0.000000
1692972087427928425 144.862921 0.000000
1692972087572848775 144.950405 0.000000
1692972087573002683 144.507264 0.000000
1692972087573861150 145.126961 0.000000
1692972087717340588 144.563611 0.000000
1692972087717384681 144.519954 0.000000
1692972087791975179 144.826206 0.000000
1692972087863239891 144.635929 0.000000
1692972087864188803 144.657714 0.000000
1692972088081202225 144.552327 0.000000
1692972088151452185 144.595590 0.000000
1692972088297197271 144.482749 0.000000
1692972088368816180 144.634336 0.000000
1692972088442791967 144.439980 0.000000
1692972088659506061 144.745646 0.000000
1692972088659603357 144.368338 0.000000
1692972088730930573 144.699890 0.000000
1692972088732201855 144.553013 0.000000
1692972088732309115 144.452499 0.000000
1692972088803703427 144.477193 0.000000
1692972088877402159 144.601891 0.000000
1692972089093881145 144.662717 0.000000
1692972089240159002 144.758278 0.000000
1692972089240202273 144.824546 0.000000
1692972089311760325 144.558418 0.000000
1692972089311974523 144.477575 0.000000
1692972089384964926 144.745990 0.000000
1692972089456365642 144.588287 0.000000
1692972089601925049 144.588188 0.000000
1692972089602024740 144.661153 0.000000
1692972089602224911 144.541364 0.000000
1692972089818710288 144.904217 0.000000
1692972089964192836 144.550511 0.000000
1692972090107759060 144.639229 0.000000
1692972090109146732 144.695631 0.000000
1692972090469560165 144.616250 0.000000
1692972090471193369 144.779350 0.000000
1692972090832480595 144.701889 0.000000
1692972090905067333 144.590415 0.000000
1692972090976888260 144.391743 0.000000
1692972090978106183 144.746929 0.000000
1692972091049800133 144.450830 0.000000
1692972091194302541 144.507910 0.000000
1692972091266175643 144.553071 0.000000
1692972091340325946 144.598020 0.000000
1692972091411699326 144.760032 0.000000
1692972091412939631 144.753186 0.000000
1692972091484886128 144.870805 0.000000
1692972091485308636 144.764672 0.000000
1692972091557212745 144.626631 0.000000
1692972091628291564 144.595515 0.000000
1692972091628451747 144.705350 0.000000
1692972091628984276 144.726579 0.000000
1692972091774923225 144.666494 0.000000
1692972091845361338 144.590057 0.000000
1692972092062664610 144.657277 0.000000
1692972092063495097 144.439580 0.000000
1692972092064401706 144.439065 0.000000
1692972092426601791 144.448765 0.000000
1692972092570390378 144.437088 0.000000
1692972092714765555 144.768768 0.000000
1692972092787460236 145.170534 0.000000
1692972092787496561 144.876991 0.000000
1692972093078755337 144.613763 0.000000
1692972093078945234 144.777148 0.000000
1692972093223749368 144.693663 0.000000
1692972093440470123 144.555195 0.000000
1692972093440932333 144.561174 0.000000
1692972093511858931 144.800671 0.000000
1692972093583979761 144.522419 0.000000
1692972093657000630 144.500327 0.000000
1692972093730128613 144.610118 0.000000
1692972093801960115 144.551933 0.000000
1692972093873919430 144.636128 0.000000
1692972093947644878 144.616132 0.000000
1692972094019154868 144.513078 0.000000
1692972094091016228 144.652150 0.000000
1692972094164045496 144.870366 0.000000
1692972094308233193 144.684462 0.000000
1692972094381033588 144.740699 0.000000
1692972094381875030 144.495343 0.000000
1692972094453505333 144.413738 0.000000
1692972094525488392 144.734806 0.000000
1692972094526291851 144.703503 0.000000
1692972094671495226 144.686799 0.000000
1692972094742945852 144.643298 0.000000
1692972094743980147 144.896973 0.000000
1692972094962267075 144.938780 0.000000
1692972095032574271 144.605740 0.000000
1692972095106473605 144.981207 0.000000
1692972095106676487 144.990373 0.000000
1692972095178769104 144.501054 0.000000
1692972095179115079 144.597528 0.000000
1692972095250142028 144.734402 0.000000
1692972095323537761 144.742807 0.000000
1692972095396754523 145.081198 0.000000
1692972095469380285 144.715438 0.000000
1692972095540460738 144.474508 0.000000
1692972095613460330 144.563223 0.000000
1692972095686372363 144.489813 0.000000
1692972095757247428 144.873035 0.000000
1692972095757557625 145.017560 0.000000
1692972095829917359 145.225935 0.000000
1692972095829951177 144.824594 0.000000
1692972095975741530 144.609051 0.000000
1692972096192649910 144.480625 0.000000
1692972096410160290 144.856859 0.000000
1692972096483215790 144.751455 0.000000
1692972096628218854 144.580712 0.000000
1692972096917848071 144.588199 0.000000
1692972097062734538 144.669247 0.000000
1692972097062954971 144.611448 0.000000
1692972097207509068 144.538963 0.000000
1692972097207644493 144.495696 0.000000
1692972097422854659 144.699094 0.000000
1692972097422947244 144.861016 0.000000
1692972097424507849 144.584272 0.000000
1692972097497401833 144.758267 0.000000
1692972097641533793 144.597032 0.000000
1692972097642181645 144.751727 0.000000
1692972097714188290 144.492840 0.000000
1692972097714400062 144.493496 0.000000
1692972097858689584 144.761414 0.000000
1692972097932000377 144.644809 0.000000
1692972098003660977 144.592803 0.000000
1692972098004186669 144.575954 0.000000
1692972098004260656 144.571849 0.000000
1692972098074875127 144.586441 0.000000
1692972098148784030 144.503472 0.000000
1692972098221262486 144.493489 0.000000
1692972098438487670 144.870175 0.000000
1692972098509963549 144.535161 0.000000
1692972098510705915 144.587517 0.000000
1692972098583239559 144.736625 0.000000
1692972098655880648 144.569240 0.000000
1692972098727440648 144.698104 0.000000
1692972098728322960 144.676430 0.000000
1692972098800612361 144.838722 0.000000
1692972098801114745 145.046345 0.000000
1692972098872292485 144.787873 0.000000
1692972099017507742 144.904074 0.000000
1692972099162270851 144.747612 0.000000
1692972099379236738 144.666068 0.000000
1692972099380659241 144.994568 0.000000
1692972099743083693 144.599598 0.000000
1692972100031149579 144.851644 0.000000
1692972100032526882 144.729028 0.000000
1692972100104451627 144.809393 0.000000
1692972100177487051 144.890362 0.000000
1692972100177693000 144.982191 0.000000
1692972100249465822 145.007454 0.000000
1692972100249802084 145.056092 0.000000
1692972100322245080 144.775885 0.000000
1692972100322325136 144.617105 0.000000
1692972100395512494 145.075302 0.000000
