1692985414334208602 145.040719 0.000000
1692985414479268908 145.058122 0.000000
1692985414481077278 145.210136 0.000000
1692985414570587172 144.954237 0.000000
1692985414607116051 145.156386 0.000000
1692985414607186873 144.887823 0.000000
1692985414772151988 145.217199 0.000000
1692985414988899152 145.089200 0.000000
1692985414988944287 145.106844 0.000000
1692985414988961499 145.202974 0.000000
1692985414992618766 145.170372 0.000000
1692985415280814619 145.102695 0.000000
1692985415283048638 145.071267 0.000000
1692985415407143545 145.253057 0.000000
1692985415480478422 145.540266 0.000000
1692985415573770557 145.115199 0.000000
1692985415625788787 145.307620 0.000000
1692985415716832265 145.170482 0.000000
1692985415770819897 145.055085 0.000000
1692985415843785942 144.956230 0.000000
1692985415988951275 145.040629 0.000000
1692985416098778562 145.107904 0.000000
1692985416153480914 145.216137 0.000000
1692985416207608098 144.945910 0.000000
1692985416882218085 145.440248 0.000000
1692985417044801424 145.218802 0.000000
1692985417154009260 145.373994 0.000000
1692985417246176255 145.442052 0.000000
1692985417299597505 145.038685 0.000000
1692985417318684331 144.921034 0.000000
1692985417444864589 145.042443 0.000000
1692985417445058642 145.151738 0.000000
1692985417537353247 145.186372 0.000000
1692985417589874340 145.007487 0.000000
1692985417901270281 145.538443 0.000000
1692985418244691596 144.952745 0.000000
1692985418411240720 145.362762 0.000000
1692985418483698923 144.902139 0.000000
1692985418608523951 145.429358 0.000000
1692985418899662781 145.604987 0.000000
1692985418920426200 145.170262 0.000000
1692985419045359219 145.492296 0.000000
1692985419117707847 145.201181 0.000000
1692985419139152033 144.997950 0.000000
1692985419189899099 144.934049 0.000000
1692985419284060354 144.906307 0.000000
1692985419429678285 145.022585 0.000000
1692985419429698663 145.257926 0.000000
1692985419553444757 145.152068 0.000000
1692985419699225654 145.032243 0.000000
1692985419917219664 145.196691 0.000000
1692985419939316113 145.275620 0.000000
1692985420012121106 145.095471 0.000000
1692985420157603093 145.375818 0.000000
1692985420207677648 144.988541 0.000000
1692985420207708766 145.154722 0.000000
1692985420375972276 145.417335 0.000000
1692985420390229817 144.914863 0.000000
1692985420425565348 145.041810 0.000000
1692985420521138961 144.809655 0.000000
1692985420521162645 145.107884 0.000000
1692985420593869164 144.841967 0.000000
1692985420593927894 144.778909 0.000000
1692985420680519105 145.017826 0.000000
1692985420716744725 145.476116 0.000000
1692985420739033054 145.246374 0.000000
1692985420739625234 145.657665 0.000000
1692985420789315610 144.919983 0.000000
1692985420884828408 144.940862 0.000000
1692985421116286160 145.047120 0.000000
1692985421175464696 144.764412 0.000000
1692985421515548746 145.197133 0.000000
1692985421538500849 144.976810 0.000000
1692985421733324657 145.043584 0.000000
1692985421806192247 144.981978 0.000000
1692985421878707469 145.381279 0.000000
1692985421988490763 145.265291 0.000000
1692985422047598365 144.912309 0.000000
1692985422242571432 145.088088 0.000000
1692985422265431733 145.086053 0.000000
1692985422496809738 144.957272 0.000000
1692985422847363305 145.016383 0.000000
1692985423065515934 145.295447 0.000000
1692985423114752890 145.183527 0.000000
1692985423210649487 145.131339 0.000000
1692985423332691766 145.020952 0.000000
1692985423355893697 145.242908 0.000000
1692985423428786416 144.837348 0.000000
1692985423574589393 145.315253 0.000000
1692985423792605635 145.183717 0.000000
1692985423842318823 145.180491 0.000000
1692985424010853751 145.172656 0.000000
1692985424133868374 145.452521 0.000000
1692985424229449409 145.233930 0.000000
1692985424520702775 145.312218 0.000000
1692985424570134746 145.185971 0.000000
1692985424787903073 145.132579 0.000000
1692985424860708027 144.784629 0.000000
1692985424884690683 145.000865 0.000000
1692985424884773679 144.899936 0.000000
1692985424957426065 144.750697 0.000000
1692985425005950554 145.104709 0.000000
1692985425042908898 145.337085 0.000000
1692985425394037023 145.158820 0.000000
1692985425406440037 145.281028 0.000000
1692985425442084117 144.995142 0.000000
1692985425466789148 145.026543 0.000000
1692985425878531038 144.841156 0.000000
1692985425878534144 145.220998 0.000000
1692985426194237691 145.177896 0.000000
1692985426412450913 145.276412 0.000000
1692985426630568394 144.889146 0.000000
1692985426678784986 145.335722 0.000000
1692985426678865698 145.263978 0.000000
1692985426848997302 145.108317 0.000000
1692985426896912918 145.129616 0.000000
1692985426969448786 145.046780 0.000000
1692985427212548328 145.064333 0.000000
1692985427430979578 145.478330 0.000000
1692985427504033477 145.463311 0.000000
1692985427551865859 144.933789 0.000000
1692985427623985026 145.273525 0.000000
1692985427649385932 145.300097 0.000000
1692985427794663734 145.183966 0.000000
1692985427915078101 144.912999 0.000000
1692985427940237242 144.801310 0.000000
1692985428158350506 144.916737 0.000000
1692985428205945593 145.017817 0.000000
1692985428205997851 145.016315 0.000000
1692985428206131963 145.178618 0.000000
1692985428278870773 144.962363 0.000000
1692985428570043826 145.148631 0.000000
1692985428570062942 145.200108 0.000000
1692985428642783538 145.149113 0.000000
1692985428667693320 145.295896 0.000000
1692985428897655861 145.751421 0.000000
1692985428958886543 145.351661 0.000000
1692985428958890600 145.322836 0.000000
1692985429079156519 145.205768 0.000000
1692985429104433952 145.017696 0.000000
1692985429249942350 145.300920 0.000000
1692985429322932359 145.192535 0.000000
1692985429370094634 145.212751 0.000000
1692985429541124200 145.149414 0.000000
1692985429541125312 145.088359 0.000000
1692985429541392784 144.883155 0.000000
1692985429614783995 145.906182 0.000000
1692985429686984866 145.171714 0.000000
1692985429832313446 145.123355 0.000000
1692985429878974900 144.872473 0.000000
1692985429879552944 144.895385 0.000000
1692985429904766018 145.210899 0.000000
1692985430050290716 145.374726 0.000000
1692985430061804603 145.096575 0.000000
1692985430169921432 144.928389 0.000000
1692985430195891824 145.356219 0.000000
1692985430242356532 145.071016 0.000000
1692985430341137508 145.020412 0.000000
1692985430387647079 144.925904 0.000000
1692985430388188675 145.261974 0.000000
1692985430460487750 145.449466 0.000000
1692985430605714116 144.896488 0.000000
1692985430678202168 144.936507 0.000000
1692985430705303259 145.081116 0.000000
1692985430777685609 144.953897 0.000000
1692985430923045355 145.086103 0.000000
1692985431041541897 144.778026 0.000000
1692985431332787347 144.884296 0.000000
1692985431369917634 144.833050 0.000000
1692985431432890052 145.072179 0.000000
1692985431578598975 145.271784 0.000000
1692985431724307575 145.705354 0.000000
1692985432088247243 145.231978 0.000000
1692985432088285725 145.149804 0.000000
1692985432088307966 145.228732 0.000000
1692985432088446867 145.310074 0.000000
1692985432096644606 145.004702 0.000000
1692985432233891983 145.190619 0.000000
1692985432278819748 145.183226 0.000000
1692985432459727515 145.020791 0.000000
1692985432677485043 145.090744 0.000000
1692985432815554571 145.122171 0.000000
1692985432859773448 145.005073 0.000000
1692985432932250617 144.998831 0.000000
1692985433033546138 145.085854 0.000000
1692985433113608688 145.124596 0.000000
1692985433149915931 145.064485 0.000000
1692985433178900737 144.961111 0.000000
1692985433368279144 144.796291 0.000000
1692985433368603683 145.129205 0.000000
1692985433368641564 144.891430 0.000000
1692985433397080103 145.388711 0.000000
1692985433469544438 145.094572 0.000000
1692985433585414215 145.036773 0.000000
1692985433730499988 145.082878 0.000000
1692985433760015337 145.118004 0.000000
1692985433948857781 144.884867 0.000000
1692985433978467176 145.124636 0.000000
1692985433978684453 145.015371 0.000000
1692985434021143861 144.716400 0.000000
1692985434123548811 145.116982 0.000000
1692985434166235606 144.943257 0.000000
1692985434166867361 144.999964 0.000000
1692985434196338977 144.898913 0.000000
1692985434239386537 145.043724 0.000000
1692985434269037852 144.830917 0.000000
1692985434414425381 144.981257 0.000000
1692985434456982502 145.030457 0.000000
1692985434705590813 145.014270 0.000000
1692985434850757248 145.164852 0.000000
1692985435110250144 145.044056 0.000000
1692985435141527977 145.218121 0.000000
1692985435147845302 144.921035 0.000000
1692985435255531255 144.821348 0.000000
1692985435473272290 144.918651 0.000000
1692985435546063907 145.091774 0.000000
1692985435656570778 144.927406 0.000000
1692985435723944348 145.511843 0.000000
1692985435763859907 145.112915 0.000000
1692985435796880217 145.291360 0.000000
1692985435836563770 145.036732 0.000000
1692985436087476644 145.307482 0.000000
1692985436127623954 145.294895 0.000000
1692985436272844712 145.190801 0.000000
1692985436379057993 145.397759 0.000000
1692985436418029251 145.144414 0.000000
1692985436597153945 145.119036 0.000000
1692985436669944821 145.044984 0.000000
1692985436999304694 145.034817 0.000000
1692985437072150173 144.930762 0.000000
1692985437106314669 145.117633 0.000000
1692985437290226970 144.875199 0.000000
1692985437470398607 145.279446 0.000000
1692985437507691837 144.805176 0.000000
1692985437798935064 144.953074 0.000000
1692985437834276777 145.219523 0.000000
1692985437907227394 145.177307 0.000000
1692985437979502042 144.938868 0.000000
1692985438052491912 145.262914 0.000000
1692985438162373221 144.863197 0.000000
1692985438270473230 145.237250 0.000000
1692985438380361120 144.835555 0.000000
1692985438415641497 145.165743 0.000000
1692985438416339085 145.006735 0.000000
1692985438453752813 145.249962 0.000000
1692985438488409082 145.198236 0.000000
1692985438489330690 145.143613 0.000000
1692985438562456483 145.662205 0.000000
1692985438707403386 144.945650 0.000000
1692985438707445585 144.907269 0.000000
1692985438708123947 145.476245 0.000000
1692985438744050947 145.368864 0.000000
1692985438852544454 145.158019 0.000000
1692985438924597318 145.141338 0.000000
1692985438998754816 144.953055 0.000000
1692985439142828191 144.915825 0.000000
1692985439252810169 144.879347 0.000000
1692985439361806538 145.053122 0.000000
1692985439433863218 145.271852 0.000000
1692985439507503107 144.857676 0.000000
1692985439543235824 145.053855 0.000000
1692985439834392386 145.107293 0.000000
1692985440089052914 144.944289 0.000000
1692985440124538907 145.160494 0.000000
1692985440124721980 145.152899 0.000000
1692985440234322351 144.724175 0.000000
1692985440269945000 145.220837 0.000000
1692985440306382528 145.179229 0.000000
1692985440343607141 144.835704 0.000000
1692985440415182770 145.235726 0.000000
1692985440487694174 144.980929 0.000000
1692985440705901012 145.298181 0.000000
1692985440852538315 145.316036 0.000000
1692985440888932550 145.186562 0.000000
1692985441069197432 144.932847 0.000000
1692985441288068820 144.717926 0.000000
1692985441324818833 145.300918 0.000000
1692985441433673668 144.929221 0.000000
1692985441687577086 144.983573 0.000000
1692985441796551665 144.960690 0.000000
1692985441833636064 144.867776 0.000000
1692985442051966136 145.044015 0.000000
1692985442524289032 145.401706 0.000000
1692985442597392004 145.112854 0.000000
1692985442705929572 145.002608 0.000000
1692985442923609575 145.008560 0.000000
1692985442960690068 144.896129 0.000000
1692985443070078833 144.877453 0.000000
1692985443215137787 144.773689 0.000000
1692985443397463361 145.140627 0.000000
1692985443687696404 144.906828 0.000000
1692985443870360043 145.185830 0.000000
1692985443942346262 144.849912 0.000000
1692985444015135726 145.101804 0.000000
1692985444196745538 145.081014 0.000000
1692985444269071114 145.208855 0.000000
1692985444487556014 145.605338 0.000000
1692985444596949988 145.415771 0.000000
1692985444705660132 144.985295 0.000000
1692985444888182956 144.716872 0.000000
1692985445034119194 145.179800 0.000000
1692985445141900294 145.044657 0.000000
1692985445179110510 144.990114 0.000000
1692985445360986683 144.903612 0.000000
1692985445396791695 145.226730 0.000000
1692985445433834838 145.432264 0.000000
1692985445470583338 145.079222 0.000000
1692985445506457369 145.132652 0.000000
1692985445615574477 145.461782 0.000000
1692985445870197170 145.227819 0.000000
1692985445870610305 145.376929 0.000000
1692985446343217966 144.986888 0.000000
1692985446415410420 145.048724 0.000000
1692985446452741553 145.690327 0.000000
1692985446525362290 144.870790 0.000000
1692985446561482995 144.801181 0.000000
1692985446597804506 145.021726 0.000000
1692985446706142980 145.182435 0.000000
1692985446851096245 144.951070 0.000000
1692985446888267348 145.098166 0.000000
1692985447360702074 144.819464 0.000000
1692985447360902750 144.861082 0.000000
1692985447615901422 144.908372 0.000000
1692985447724395239 145.397418 0.000000
1692985447906524165 145.102094 0.000000
1692985447978935030 145.126560 0.000000
1692985448196310220 145.095193 0.000000
1692985448233900460 145.106935 0.000000
1692985448234109481 145.335403 0.000000
1692985448559980894 145.427966 0.000000
1692985448632936771 144.963916 0.000000
1692985448670234290 144.660757 0.000000
1692985448923805515 145.311125 0.000000
1692985448996677905 144.967372 0.000000
1692985449141831917 145.111432 0.000000
1692985449432561052 145.013148 0.000000
1692985449433079704 145.146838 0.000000
1692985449469262663 144.900436 0.000000
1692985449505411068 145.010552 0.000000
1692985449578244426 145.163269 0.000000
1692985449615035595 144.755765 0.000000
1692985449688358972 145.277695 0.000000
1692985449723609051 145.453862 0.000000
1692985449723640250 145.393971 0.000000
1692985449905378735 144.800269 0.000000
1692985450050529772 145.149163 0.000000
1692985450160312566 144.944609 0.000000
1692985450232334741 145.205388 0.000000
1692985450232554633 145.249321 0.000000
1692985450523632521 145.112142 0.000000
1692985450559822775 145.021143 0.000000
1692985450741892772 145.177606 0.000000
1692985451177141778 144.971489 0.000000
1692985451251127745 144.878174 0.000000
1692985451360323868 145.090702 0.000000
1692985451395485974 145.175301 0.000000
1692985451396377065 145.247466 0.000000
1692985451614532149 145.010125 0.000000
1692985451614774173 145.204228 0.000000
1692985451650784097 145.023137 0.000000
1692985451796876890 145.321596 0.000000
1692985451796897288 144.999633 0.000000
1692985451832117693 144.912388 0.000000
1692985451868941504 144.841104 0.000000
1692985452051134942 145.325144 0.000000
1692985452159741651 145.018908 0.000000
1692985452378596095 145.116472 0.000000
1692985452378742530 145.065086 0.000000
1692985452414409321 145.166575 0.000000
1692985452559859368 145.447793 0.000000
1692985452778358978 144.681787 0.000000
1692985452887314180 144.957625 0.000000
1692985452923523439 145.138182 0.000000
1692985452997686398 145.305015 0.000000
1692985453068914226 145.388453 0.000000
1692985453069660015 144.982182 0.000000
1692985453142626849 145.224453 0.000000
1692985453142949734 145.176324 0.000000
1692985453251218472 145.355191 0.000000
1692985453323812649 145.233241 0.000000
1692985453578356327 145.035178 0.000000
1692985453905613517 145.347805 0.000000
1692985453942487423 145.485913 0.000000
1692985454014859685 145.159851 0.000000
1692985454087897495 145.002278 0.000000
1692985454270058753 145.098538 0.000000
1692985454378735813 145.337827 0.000000
1692985454414966032 144.903983 0.000000
1692985454523961960 145.223722 0.000000
1692985454524280447 144.867234 0.000000
1692985454560245629 145.277633 0.000000
1692985454561493188 145.312509 0.000000
1692985454815236336 145.212681 0.000000
1692985454815595820 145.078118 0.000000
1692985454852058975 144.995265 0.000000
1692985454887727732 145.094862 0.000000
1692985454924878755 145.198054 0.000000
1692985454960772012 145.093226 0.000000
1692985455033542000 144.704468 0.000000
1692985455105896429 144.994393 0.000000
1692985455178640148 145.095833 0.000000
1692985455178960659 144.921577 0.000000
1692985455360576573 145.191242 0.000000
1692985455433036040 145.238701 0.000000
1692985455724308240 145.441370 0.000000
1692985455873482270 149.111903 0.000000
1692985455945866544 145.018007 0.000000
1692985456237298867 145.108579 0.000000
1692985456309616416 145.207543 0.000000
1692985456310678337 145.216870 0.000000
1692985456346643469 145.229575 0.000000
1692985456637326916 144.637994 0.000000
1692985456818441982 144.798175 0.000000
1692985457182121532 144.857766 0.000000
1692985457291819897 144.925393 0.000000
1692985457291849583 144.873466 0.000000
1692985457327832698 145.084771 0.000000
1692985457364394849 145.084672 0.000000
1692985457472814727 144.953776 0.000000
1692985457581777393 145.067620 0.000000
1692985457618456473 144.942535 0.000000
1692985457800193085 145.417596 0.000000
1692985457800383752 144.793215 0.000000
1692985457909646491 145.087377 0.000000
1692985457945871129 145.676000 0.000000
1692985457980879948 145.061218 0.000000
1692985458017464682 144.946563 0.000000
1692985458163563707 144.708998 0.000000
1692985458199341908 145.317187 0.000000
1692985458599246146 144.982972 0.000000
1692985458962173527 145.037083 0.000000
1692985459144756886 145.156557 0.000000
1692985459144862925 145.228953 0.000000
1692985459181051826 145.176304 0.000000
1692985459252856924 144.884697 0.000000
1692985459289815208 144.625190 0.000000
1692985459325804745 144.751817 0.000000
1692985459362546754 144.902320 0.000000
1692985459544762924 144.892191 0.000000
1692985459725797689 145.432363 0.000000
1692985459762898751 145.257747 0.000000
1692985459799004466 145.121190 0.000000
1692985459943692304 145.027586 0.000000
1692985460052769926 145.065894 0.000000
1692985460089480648 145.149927 0.000000
1692985460162132392 145.395425 0.000000
1692985460380114111 145.160485 0.000000
1692985460416835741 144.936253 0.000000
1692985460526504082 144.886453 0.000000
1692985460707514830 145.411263 0.000000
1692985460889406797 145.205380 0.000000
1692985460889796868 144.909535 0.000000
1692985461035013646 145.174859 0.000000
1692985461181122860 144.971220 0.000000
1692985461326785909 145.172028 0.000000
1692985461398867113 144.781804 0.000000
1692985461472214544 144.960407 0.000000
1692985461581154637 144.881480 0.000000
1692985461690150235 145.346141 0.000000
1692985461726223561 145.008971 0.000000
1692985461763108728 145.641006 0.000000
1692985462053160502 145.234393 0.000000
1692985462053614353 144.833953 0.000000
1692985462308221900 145.415521 0.000000
1692985462599210521 145.046250 0.000000
1692985462636161832 144.798026 0.000000
1692985463108828052 145.217380 0.000000
1692985463254561642 145.731346 0.000000
1692985463400098100 145.426703 0.000000
1692985463619006085 145.960995 0.000000
1692985463654685471 144.874137 0.000000
1692985463800824440 145.321967 0.000000
1692985463836986080 145.058973 0.000000
1692985463873641015 145.022125 0.000000
1692985464054897276 144.855273 0.000000
1692985464091458115 144.852026 0.000000
1692985464163140333 145.044426 0.000000
1692985464345960827 144.846365 0.000000
1692985464455019393 144.987549 0.000000
1692985464672437374 145.376300 0.000000
1692985464673820167 145.362264 0.000000
1692985464745101503 145.142320 0.000000
1692985464745940276 145.075315 0.000000
1692985464781984655 145.026952 0.000000
1692985464819105725 145.005593 0.000000
1692985465145769121 144.783266 0.000000
1692985465146324863 145.135927 0.000000
1692985465254965646 145.102144 0.000000
1692985465364739664 145.506993 0.000000
1692985465400981916 145.105853 0.000000
1692985465436614474 145.212492 0.000000
1692985465583101545 145.421113 0.000000
1692985465619152678 144.837979 0.000000
1692985465910670971 145.441031 0.000000
1692985466019021529 145.146549 0.000000
1692985466201116884 145.038736 0.000000
1692985466310856557 145.536459 0.000000
1692985466346655948 144.927568 0.000000
1692985466383204012 144.809426 0.000000
1692985466528436154 144.928833 0.000000
1692985466564988334 145.273636 0.000000
1692985467001019208 145.372301 0.000000
1692985467146270723 145.286421 0.000000
1692985467328349916 145.248209 0.000000
1692985467546672635 145.020221 0.000000
1692985467909701864 145.026853 0.000000
1692985467946382226 145.438975 0.000000
1692985468128681282 145.259910 0.000000
1692985468200225453 145.061871 0.000000
1692985468237421461 144.960980 0.000000
1692985468418504779 145.106574 0.000000
1692985468418540516 145.167047 0.000000
1692985469073311950 144.980277 0.000000
1692985469256339693 145.235023 0.000000
1692985469291171771 145.018360 0.000000
1692985469363955604 145.005474 0.000000
1692985469364447476 145.055718 0.000000
1692985469436350468 145.176123 0.000000
1692985469764870576 145.183597 0.000000
1692985469765095868 145.169099 0.000000
1692985469910611840 145.071128 0.000000
1692985470018341184 145.242949 0.000000
1692985470055915523 145.611881 0.000000
1692985470128642980 145.026110 0.000000
1692985470163672598 144.944279 0.000000
1692985470382298324 144.915494 0.000000
1692985470564599334 145.022023 0.000000
1692985470565168962 145.169470 0.000000
1692985470710087403 144.954129 0.000000
1692985470855096554 144.962333 0.000000
1692985470891384070 145.316927 0.000000
1692985471000700048 144.919372 0.000000
1692985471255644388 145.000082 0.000000
1692985471292206870 145.201301 0.000000
1692985471473225094 145.245495 0.000000
1692985471473655622 144.936035 0.000000
1692985471509461825 145.212871 0.000000
1692985471691902385 145.006275 0.000000
1692985471800421490 145.188267 0.000000
1692985471836972369 145.033896 0.000000
1692985471873215622 145.154231 0.000000
1692985471983181339 144.916437 0.000000
1692985472238097706 145.693403 0.000000
1692985472273337088 145.080516 0.000000
1692985472273405305 145.178419 0.000000
1692985472382370758 145.344340 0.000000
1692985472600723394 145.527335 0.000000
1692985472964903681 145.253508 0.000000
1692985473001049451 145.379684 0.000000
1692985473037868244 145.023367 0.000000
1692985473146237779 145.187467 0.000000
1692985473219598023 145.210979 0.000000
1692985473220232883 144.991277 0.000000
1692985473257074898 145.558952 0.000000
1692985473401295481 145.148402 0.000000
1692985473655551732 145.254902 0.000000
1692985473838001281 144.704770 0.000000
1692985473873935445 145.533704 0.000000
1692985474129261271 145.061999 0.000000
1692985474165090751 145.148775 0.000000
1692985474237616089 145.470376 0.000000
1692985474382894924 145.276571 0.000000
1692985474420664040 145.082299 0.000000
1692985474492897832 144.924122 0.000000
1692985474600986688 145.163008 0.000000
1692985474711102238 145.031905 0.000000
1692985474784404613 144.923269 0.000000
1692985474857274178 144.967302 0.000000
1692985474892046402 145.232399 0.000000
1692985475075538738 144.846056 0.000000
1692985475255604405 145.209446 0.000000
1692985475366301176 144.868890 0.000000
1692985475401567325 144.923481 0.000000
1692985475546652890 145.448516 0.000000
1692985475584196320 144.913321 0.000000
1692985475656599691 144.976189 0.000000
1692985475729705130 144.891823 0.000000
1692985475837577180 145.365961 0.000000
1692985475910811289 145.258860 0.000000
1692985476166183333 145.187358 0.000000
1692985476238449675 145.053044 0.000000
1692985476384119295 144.875030 0.000000
1692985476492686328 144.773559 0.000000
1692985476529199046 145.141768 0.000000
1692985476674970827 145.383883 0.000000
1692985476675097364 144.755595 0.000000
1692985476675237367 144.731841 0.000000
1692985477001674269 145.227970 0.000000
1692985477074794034 145.367101 0.000000
1692985477074909099 145.067139 0.000000
1692985477292820856 144.808654 0.000000
1692985477329593531 144.920154 0.000000
1692985477510709850 145.389200 0.000000
1692985477510733885 145.438613 0.000000
1692985477510744645 144.872993 0.000000
1692985477620235783 144.813545 0.000000
1692985477837519060 145.024750 0.000000
1692985477838965903 144.925904 0.000000
1692985477874584276 144.837008 0.000000
1692985477874615435 145.172607 0.000000
1692985478020743793 145.227690 0.000000
1692985478129943624 144.769930 0.000000
1692985478384086742 144.936083 0.000000
1692985478639234404 145.455417 0.000000
1692985478710767754 145.153542 0.000000
1692985478856594388 145.304726 0.000000
1692985478930342780 145.161815 0.000000
1692985479001674190 145.102154 0.000000
1692985479147885294 145.075285 0.000000
1692985479185212669 145.304062 0.000000
1692985479329808524 144.959887 0.000000
1692985479403161654 145.590236 0.000000
1692985479438438116 144.848098 0.000000
1692985479875659473 144.917140 0.000000
1692985479946942983 145.065666 0.000000
1692985480057404850 145.216910 0.000000
1692985480347803374 145.126340 0.000000
1692985480347835084 145.171115 0.000000
1692985480384273012 145.284836 0.000000
1692985480747536703 144.820428 0.000000
1692985481111690180 144.947583 0.000000
1692985481111973060 145.243538 0.000000
1692985481220568518 145.728438 0.000000
1692985481403150966 145.262715 0.000000
1692985481403243941 145.270591 0.000000
1692985481548697576 145.194599 0.000000
1692985481621189254 144.781245 0.000000
1692985481621313437 144.890039 0.000000
1692985481693756029 144.951513 0.000000
1692985482056724477 145.156117 0.000000
1692985482057723970 144.937797 0.000000
1692985482203523493 144.783437 0.000000
1692985482238933022 145.057610 0.000000
1692985482638890140 145.013057 0.000000
1692985482639375641 145.329911 0.000000
1692985482820696282 144.805558 0.000000
1692985482857238817 144.961010 0.000000
1692985483075259168 145.155325 0.000000
1692985483075438023 144.736880 0.000000
1692985483148037671 145.350470 0.000000
1692985483366041563 145.099631 0.000000
1692985483657834171 145.053114 0.000000
1692985483947917923 144.701693 0.000000
1692985483984482170 144.774542 0.000000
1692985484020411754 145.278807 0.000000
1692985484021269002 145.426484 0.000000
1692985484130739789 145.470313 0.000000
1692985484675391610 145.466339 0.000000
1692985484676153769 145.141811 0.000000
1692985484748926981 145.517274 0.000000
1692985484784728498 145.098210 0.000000
1692985484857365746 145.163039 0.000000
1692985485221351250 144.643104 0.000000
1692985485221812635 145.103046 0.000000
1692985485257568774 144.741107 0.000000
1692985485258153561 145.133664 0.000000
1692985485294643187 144.882303 0.000000
1692985485620749981 145.145265 0.000000
1692985485621697538 144.783347 0.000000
1692985485766172367 145.141399 0.000000
1692985485912869002 144.875851 0.000000
1692985485949263860 144.913510 0.000000
1692985486203046832 145.415112 0.000000
1692985486385623459 145.218644 0.000000
1692985486457591623 145.048493 0.000000
1692985486494331678 144.914182 0.000000
1692985486531173003 144.951573 0.000000
1692985486785856625 145.851561 0.000000
1692985486857527343 145.113828 0.000000
1692985486857867962 144.998442 0.000000
1692985486893332055 145.146709 0.000000
1692985487075639447 145.005445 0.000000
1692985487148745044 145.042584 0.000000
1692985487257048795 145.144605 0.000000
1692985487402270906 145.134186 0.000000
1692985487512685904 145.364788 0.000000
1692985487584332365 145.047971 0.000000
1692985487585224799 145.041920 0.000000
1692985487838740032 144.856587 0.000000
1692985487948386298 145.079302 0.000000
1692985488239012681 144.709480 0.000000
1692985488274350926 144.933910 0.000000
1692985488347064589 144.830196 0.000000
1692985488492596871 145.150576 0.000000
1692985488565819177 144.840244 0.000000
1692985488602308943 144.661318 0.000000
1692985488747809356 145.019662 0.000000
1692985488893130530 144.984653 0.000000
1692985488928790980 145.074983 0.000000
1692985489000960522 144.992598 0.000000
1692985489364466027 145.095293 0.000000
1692985489545840009 145.054456 0.000000
1692985489691921089 144.965029 0.000000
1692985489692296063 144.958747 0.000000
1692985489692410126 144.980979 0.000000
1692985489727916247 145.208996 0.000000
1692985490018649009 145.317900 0.000000
1692985490236968281 145.482410 0.000000
1692985490381814836 145.265861 0.000000
1692985490419424492 145.030532 0.000000
1692985490419687795 144.997750 0.000000
1692985490455750849 144.990134 0.000000
1692985490709526462 145.224917 0.000000
1692985490855022012 145.023455 0.000000
1692985490855647555 144.914851 0.000000
1692985490927420365 144.853971 0.000000
1692985490964227346 145.043506 0.000000
1692985491037285804 144.906227 0.000000
1692985491182232308 145.076588 0.000000
1692985491182494670 145.207404 0.000000
1692985491218401522 145.402818 0.000000
1692985491254958133 145.208244 0.000000
1692985491290732058 144.994474 0.000000
1692985491291533741 145.124838 0.000000
1692985491363627750 145.201351 0.000000
1692985491509335771 145.011565 0.000000
1692985491582177714 145.173559 0.000000
1692985491727394725 144.909735 0.000000
1692985491764729705 144.908823 0.000000
1692985491799851195 145.019361 0.000000
1692985491982434386 144.974336 0.000000
1692985492055233938 144.888966 0.000000
1692985492090660942 145.117455 0.000000
1692985492346365007 145.069815 0.000000
1692985492417710023 144.945520 0.000000
1692985492635780698 145.206860 0.000000
1692985492745316280 145.191634 0.000000
1692985492817632437 144.986109 0.000000
1692985492964055488 144.930774 0.000000
1692985492999716450 145.001547 0.000000
1692985493036534471 144.869479 0.000000
1692985493290784609 145.261663 0.000000
1692985493327475812 144.707686 0.000000
1692985493363623156 145.006355 0.000000
1692985493473258063 144.853619 0.000000
1692985493473274574 145.323049 0.000000
1692985493509071582 145.445701 0.000000
1692985493545274559 144.984996 0.000000
1692985493581659448 145.023668 0.000000
1692985493654168086 144.935462 0.000000
1692985493691373954 144.804227 0.000000
1692985493727552006 145.646677 0.000000
1692985493836356626 145.055077 0.000000
1692985493945838314 145.245013 0.000000
1692985494091173678 145.056842 0.000000
1692985494127106299 145.216809 0.000000
1692985494236151930 145.184148 0.000000
1692985494418992121 144.958025 0.000000
1692985494564461715 145.467630 0.000000
1692985494636699916 144.998571 0.000000
1692985494709556848 145.092758 0.000000
1692985494710192289 145.694025 0.000000
1692985495000136271 145.144033 0.000000
1692985495109163519 144.999844 0.000000
1692985495218491750 145.183577 0.000000
1692985495291830466 145.223084 0.000000
1692985495364249524 145.300927 0.000000
1692985495582040415 145.028125 0.000000
1692985495655175768 145.155656 0.000000
1692985495800709162 144.977272 0.000000
1692985496055434352 145.055858 0.000000
1692985496127579468 145.523364 0.000000
1692985496272954775 145.373874 0.000000
1692985496273921027 145.557338 0.000000
1692985496636480919 145.154342 0.000000
1692985496636519231 145.148662 0.000000
1692985496708861457 144.966962 0.000000
1692985496781642726 144.741940 0.000000
1692985496855122976 144.908041 0.000000
1692985496999743078 145.368996 0.000000
1692985497109550559 144.941514 0.000000
1692985497181190728 145.114008 0.000000
1692985497181439805 145.007257 0.000000
1692985497217896980 145.039266 0.000000
1692985497218209326 145.218362 0.000000
1692985497254816752 145.193637 0.000000
1692985497363512458 144.751788 0.000000
1692985497472586573 145.204217 0.000000
1692985497508706004 145.192174 0.000000
1692985497544931453 145.396165 0.000000
1692985497581396723 144.947946 0.000000
1692985497617426166 145.131340 0.000000
1692985497618469091 144.981559 0.000000
1692985497654365575 144.877664 0.000000
1692985497726723841 145.219095 0.000000
1692985497835373410 144.870541 0.000000
1692985497835404197 145.484160 0.000000
1692985497836533685 145.327747 0.000000
1692985497945537541 145.070257 0.000000
1692985497980503066 145.127163 0.000000
1692985498053815903 144.863408 0.000000
1692985498091433503 145.476295 0.000000
1692985498199043934 144.522007 0.000000
1692985498272276641 145.648601 0.000000
1692985498381226441 145.124527 0.000000
1692985498417336856 145.024167 0.000000
1692985498490626759 144.904096 0.000000
1692985498490763927 144.986410 0.000000
1692985498490898960 145.135720 0.000000
1692985498635823269 145.020761 0.000000
1692985498708829241 145.306590 0.000000
1692985498745346398 145.394243 0.000000
1692985498781024370 145.031744 0.000000
1692985498854486517 144.919703 0.000000
1692985499363030739 145.188118 0.000000
1692985499364048306 145.264942 0.000000
1692985499436696084 145.184459 0.000000
1692985499799553794 145.068581 0.000000
1692985500164050969 144.998161 0.000000
1692985500454767581 144.890058 0.000000
1692985500672490673 145.190118 0.000000
1692985500817665725 145.136940 0.000000
1692985501180998506 145.267484 0.000000
1692985501326307930 145.307101 0.000000
1692985501363055741 144.984487 0.000000
1692985501435919393 145.592114 0.000000
1692985501726770445 145.064385 0.000000
1692985501871630816 144.858568 0.000000
1692985502162760492 145.160053 0.000000
1692985502636587723 145.427427 0.000000
1692985502709047950 144.922496 0.000000
1692985502817116701 144.813414 0.000000
1692985502854420994 144.863659 0.000000
1692985502999307865 144.977993 0.000000
1692985503072009435 144.939510 0.000000
1692985503326430076 145.149013 0.000000
1692985503581099121 144.859962 0.000000
1692985503653541495 145.301489 0.000000
1692985503726898143 145.106945 0.000000
1692985503762843519 145.210349 0.000000
1692985504053594704 145.333880 0.000000
1692985504089924059 145.418829 0.000000
1692985504126256839 145.484222 0.000000
1692985504162458918 145.229396 0.000000
1692985504199235228 145.238601 0.000000
1692985504235760770 145.126519 0.000000
1692985504527787849 145.462662 0.000000
1692985504562970074 145.094733 0.000000
1692985504563007124 145.193228 0.000000
1692985504708260250 145.288142 0.000000
1692985504708717417 144.835673 0.000000
1692985504854023985 145.425662 0.000000
1692985504891028586 145.514227 0.000000
1692985504963852957 144.946505 0.000000
1692985505036232974 145.267567 0.000000
1692985505181503706 145.231108 0.000000
1692985505290244015 145.073291 0.000000
1692985505472409972 145.089602 0.000000
1692985505617598809 145.217060 0.000000
1692985505799239652 145.102486 0.000000
1692985506054894796 144.994704 0.000000
1692985506162811233 145.248563 0.000000
1692985506308287569 145.298894 0.000000
1692985506418574268 145.155346 0.000000
1692985506599232467 144.670665 0.000000
1692985506599264297 145.276101 0.000000
1692985506744905876 144.945534 0.000000
1692985506745563348 144.883548 0.000000
1692985507000117717 144.846606 0.000000
1692985507036005214 145.207583 0.000000
1692985507145739417 144.854721 0.000000
1692985507181276896 145.238650 0.000000
1692985507181304548 145.220557 0.000000
1692985507181309036 145.301778 0.000000
1692985507399402747 145.241547 0.000000
1692985507399997853 145.165034 0.000000
1692985507436210589 144.828522 0.000000
1692985507437180157 145.097547 0.000000
1692985507509401666 144.642062 0.000000
1692985507836259110 145.232872 0.000000
1692985507981533670 145.272886 0.000000
1692985507982012247 145.094792 0.000000
1692985508053980490 144.867877 0.000000
1692985508271863815 145.237128 0.000000
1692985508344999509 144.710281 0.000000
1692985508528050326 145.204728 0.000000
1692985508781884685 144.997770 0.000000
1692985509036047311 145.144124 0.000000
1692985509072311783 144.992620 0.000000
1692985509145585737 145.227761 0.000000
1692985509181460589 144.951001 0.000000
1692985509181620919 145.085303 0.000000
1692985509290552017 145.283275 0.000000
1692985509436151957 145.273408 0.000000
1692985509545756647 145.054587 0.000000
1692985509654147572 145.027918 0.000000
1692985509764046565 145.558962 0.000000
1692985509836316625 144.987109 0.000000
1692985509872768060 144.887504 0.000000
1692985510018335917 145.287240 0.000000
1692985510090567637 145.186282 0.000000
1692985510237218305 145.482889 0.000000
1692985510492240462 145.319874 0.000000
1692985510563179548 145.120360 0.000000
1692985510636397327 144.728536 0.000000
1692985510782415809 144.932176 0.000000
1692985510855002292 144.680835 0.000000
1692985510963270397 145.077961 0.000000
1692985511145681153 145.217171 0.000000
1692985511181926449 145.277072 0.000000
1692985511254569429 145.369184 0.000000
1692985511472717731 145.100341 0.000000
1692985511509194182 145.105823 0.000000
1692985511691176736 145.084022 0.000000
1692985511726974164 145.114678 0.000000
1692985511872474707 144.886081 0.000000
1692985511908617130 145.347214 0.000000
1692985512054261354 144.874811 0.000000
1692985512235574552 144.955180 0.000000
1692985512235586344 144.998581 0.000000
1692985512272345465 144.895849 0.000000
1692985512272374930 145.216660 0.000000
1692985512346006174 145.222703 0.000000
1692985512599209250 145.328540 0.000000
1692985512853493093 145.123346 0.000000
1692985512963321001 145.130718 0.000000
1692985512999962863 145.817336 0.000000
1692985513036573928 145.005567 0.000000
1692985513399285052 145.206992 0.000000
1692985513581663419 145.053065 0.000000
1692985513581691892 144.717104 0.000000
1692985513763672450 145.023048 0.000000
1692985513836181538 145.150835 0.000000
1692985514054371810 144.713367 0.000000
1692985514090367820 145.030041 0.000000
1692985514163305022 144.850444 0.000000
1692985514163833362 144.962224 0.000000
1692985514200899598 145.636196 0.000000
1692985514272215411 145.239053 0.000000
1692985514308342697 145.223032 0.000000
1692985514382262752 145.072351 0.000000
1692985514418478763 144.904965 0.000000
1692985514526314167 145.226879 0.000000
1692985514527646705 144.888845 0.000000
1692985514781071658 144.931577 0.000000
1692985514817366130 145.201695 0.000000
1692985514854962398 145.521552 0.000000
1692985514926482452 145.408751 0.000000
1692985515000061928 145.034880 0.000000
1692985515036172092 145.393712 0.000000
1692985515181750982 145.097026 0.000000
1692985515367703539 149.245364 0.000000
1692985515585687502 144.902521 0.000000
1692985515764561127 145.357274 0.000000
1692985516021749876 144.990156 0.000000
1692985516200953859 144.903372 0.000000
1692985516201413020 145.163660 0.000000
1692985516492295103 145.082090 0.000000
1692985516638108520 145.121820 0.000000
1692985516856929622 144.836586 0.000000
1692985516856964207 145.278654 0.000000
1692985516894071000 144.684872 0.000000
1692985516966155094 144.910307 0.000000
1692985517038652300 144.982171 0.000000
1692985517039573166 144.963576 0.000000
1692985517330275023 144.815079 0.000000
1692985517729608502 144.906239 0.000000
1692985517947343560 145.186014 0.000000
1692985517948437220 145.605269 0.000000
1692985517984506887 145.006745 0.000000
1692985518020147050 145.199048 0.000000
1692985518092995395 145.200509 0.000000
1692985518348507561 145.196733 0.000000
1692985518383925577 145.216590 0.000000
1692985518421730569 145.266906 0.000000
1692985518674597497 145.184160 0.000000
1692985518712006646 145.051069 0.000000
1692985519038579425 145.152659 0.000000
1692985519257148054 145.082077 0.000000
1692985519402992924 144.629371 0.000000
1692985519479859563 148.959659 0.000000
1692985519513887242 146.881721 0.000000
1692985519585220135 144.977080 0.000000
1692985519585868080 144.859359 0.000000
1692985519770446761 144.982401 0.000000
1692985519843185293 144.842400 0.000000
1692985519843777353 144.952667 0.000000
1692985519916265310 144.896540 0.000000
1692985519950218870 145.176725 0.000000
1692985520094084336 145.246797 0.000000
1692985520095825912 145.283014 0.000000
1692985520133694021 144.878785 0.000000
1692985520241068671 144.902902 0.000000
1692985520279078678 144.892654 0.000000
1692985520530451190 145.048013 0.000000
1692985520569163864 144.721381 0.000000
1692985520604545673 145.019942 0.000000
1692985520714502983 144.878867 0.000000
1692985520749649200 145.222009 0.000000
1692985520786870356 144.912890 0.000000
1692985520822427363 144.987591 0.000000
1692985520895208263 145.104982 0.000000
1692985521004920744 145.445619 0.000000
1692985521113028228 145.284759 0.000000
1692985521113449047 144.825678 0.000000
1692985521331286515 145.212953 0.000000
1692985521331317924 145.286290 0.000000
1692985521622638538 145.213101 0.000000
1692985521840356074 145.112348 0.000000
1692985521840762396 145.203598 0.000000
1692985521985639237 144.907037 0.000000
1692985522058856025 145.255484 0.000000
1692985522313826775 144.987481 0.000000
1692985522604541533 144.957374 0.000000
1692985522749955384 144.864611 0.000000
1692985522858721681 145.011595 0.000000
1692985523113808010 144.726762 0.000000
1692985523150017200 144.832220 0.000000
1692985523186716749 144.853580 0.000000
1692985523295495301 144.841127 0.000000
1692985523733010468 145.415734 0.000000
1692985523805304543 145.324854 0.000000
1692985524060498193 145.801408 0.000000
1692985524168624821 145.277364 0.000000
1692985524205715805 144.989104 0.000000
1692985524278460335 145.174231 0.000000
1692985524387561812 145.456181 0.000000
1692985524423174362 144.988231 0.000000
1692985524459562716 145.149915 0.000000
1692985524751131235 145.294626 0.000000
1692985524823168791 145.365231 0.000000
1692985524860212455 145.536019 0.000000
1692985524969223793 144.981529 0.000000
1692985525150980523 144.934591 0.000000
1692985525186802236 145.084232 0.000000
1692985525187941281 145.069213 0.000000
1692985525405465052 144.992379 0.000000
1692985525842327817 145.055375 0.000000
1692985526023663440 145.004785 0.000000
1692985526205778961 145.085444 0.000000
1692985526387264153 145.205100 0.000000
1692985526423972748 145.074264 0.000000
1692985526460085527 145.269721 0.000000
1692985526751506789 144.826107 0.000000
1692985526788335661 145.019059 0.000000
1692985526823921962 145.192374 0.000000
1692985526824568805 145.244451 0.000000
1692985526969749879 145.179351 0.000000
1692985527187486549 144.934501 0.000000
1692985527332753875 145.258189 0.000000
1692985527442249839 145.115351 0.000000
1692985527805335668 145.095753 0.000000
1692985528023435479 145.302061 0.000000
1692985528168925663 145.439048 0.000000
1692985528169540806 144.954359 0.000000
1692985528351952384 145.218964 0.000000
1692985528388207540 145.239644 0.000000
1692985528424227316 145.096546 0.000000
1692985528533502126 144.877825 0.000000
1692985528570104062 145.071366 0.000000
1692985528606140066 145.109168 0.000000
1692985528714530932 144.958358 0.000000
1692985529006172909 144.932777 0.000000
1692985529115273211 144.976157 0.000000
1692985529369180189 145.251105 0.000000
1692985529442048352 144.804509 0.000000
1692985529624301262 144.981449 0.000000
1692985529987434531 145.306951 0.000000
1692985529988027432 145.122695 0.000000
1692985530315576393 145.526201 0.000000
1692985530388596699 145.434599 0.000000
1692985530461430778 145.066858 0.000000
1692985530497871412 145.428779 0.000000
1692985530497937215 145.348939 0.000000
1692985530569799950 145.237579 0.000000
1692985530751819584 144.960691 0.000000
1692985530860696128 144.913874 0.000000
1692985531006655251 145.413750 0.000000
1692985531297976876 145.357642 0.000000
1692985531406220205 145.285229 0.000000
1692985531589760709 146.099848 0.000000
1692985531734296021 144.899695 0.000000
1692985531806363732 144.880430 0.000000
1692985531842756227 145.169992 0.000000
1692985531952919784 144.995856 0.000000
1692985532024862402 144.796222 0.000000
1692985532133965811 144.863337 0.000000
1692985532315373148 145.286202 0.000000
1692985532388624298 144.901268 0.000000
1692985532425080412 145.841954 0.000000
1692985532570323443 145.205440 0.000000
1692985532898152137 145.193117 0.000000
1692985532934136387 144.713790 0.000000
1692985532970486609 145.166046 0.000000
1692985532970625940 145.186955 0.000000
1692985533079430370 145.428204 0.000000
1692985533116029592 144.892534 0.000000
1692985533188829886 144.678659 0.000000
1692985533261052299 145.019190 0.000000
1692985533443613258 144.982062 0.000000
1692985533515824080 145.037528 0.000000
1692985533588727105 145.111593 0.000000
1692985533589452535 145.027416 0.000000
1692985533661932532 144.903894 0.000000
1692985534170320111 145.152782 0.000000
1692985534170784161 144.875762 0.000000
1692985534352938836 145.313863 0.000000
1692985534388231186 145.022656 0.000000
1692985534425012899 145.238822 0.000000
1692985534497713317 145.216661 0.000000
1692985534571321417 145.049106 0.000000
1692985534789012231 145.096505 0.000000
1692985534861864092 145.127292 0.000000
1692985534897698069 144.848078 0.000000
1692985534934413326 145.398341 0.000000
1692985535007042161 145.176836 0.000000
1692985535043062587 144.952866 0.000000
1692985535152401528 145.193236 0.000000
1692985535297580317 145.175022 0.000000
1692985535406897399 145.412057 0.000000
1692985535588740492 144.777218 0.000000
1692985535661363334 145.162919 0.000000
1692985535661799612 144.947705 0.000000
1692985535698191684 144.814455 0.000000
1692985536061615196 144.940663 0.000000
1692985536170857348 145.369017 0.000000
1692985536171524449 144.858469 0.000000
1692985536207764134 145.017426 0.000000
1692985536244093610 144.973916 0.000000
1692985536316347071 145.249913 0.000000
1692985536352707242 145.104099 0.000000
1692985536534218492 145.035862 0.000000
1692985536570714430 144.985767 0.000000
1692985536679889605 145.236468 0.000000
1692985536680534244 145.143023 0.000000
1692985536716143640 144.916699 0.000000
1692985536753113357 145.248401 0.000000
1692985536898155689 144.739504 0.000000
1692985537116687970 145.015944 0.000000
1692985537153300506 144.961712 0.000000
1692985537226523564 145.559854 0.000000
1692985537771183651 145.590201 0.000000
1692985537844551622 145.605350 0.000000
1692985537880396026 145.486436 0.000000
1692985538025549177 145.149133 0.000000
1692985538025606895 145.164112 0.000000
1692985538061745552 145.182427 0.000000
1692985538571209109 145.207504 0.000000
1692985538571229036 144.882795 0.000000
1692985538607563441 145.414363 0.000000
1692985538716518912 145.337345 0.000000
1692985538753592264 145.462692 0.000000
1692985538971192357 144.822742 0.000000
1692985538971537013 145.092668 0.000000
1692985539044121764 144.957123 0.000000
1692985539080386837 145.159823 0.000000
1692985539298069999 145.007370 0.000000
1692985539334926631 145.339339 0.000000
1692985539481316954 145.254593 0.000000
1692985539517386452 145.273758 0.000000
1692985539626111201 145.204045 0.000000
1692985539662268484 144.880149 0.000000
1692985539916544913 145.072051 0.000000
1692985540171119229 145.162246 0.000000
1692985540244031166 145.154465 0.000000
1692985540462800631 145.081778 0.000000
1692985540608499666 144.836167 0.000000
1692985540644278560 145.016846 0.000000
1692985540644888243 145.309064 0.000000
1692985540680456402 144.819468 0.000000
1692985540753689236 145.188468 0.000000
1692985540935746912 145.388424 0.000000
1692985540971261447 145.083168 0.000000
1692985541407620097 145.173498 0.000000
1692985541481052150 144.756179 0.000000
1692985541517390219 144.877544 0.000000
1692985541517905825 145.387701 0.000000
1692985541590507299 145.513629 0.000000
1692985541698797655 145.379196 0.000000
1692985541698828734 145.386310 0.000000
1692985541916995139 145.370528 0.000000
1692985541917448619 144.811060 0.000000
1692985542062081235 144.915215 0.000000
1692985542280336967 145.255161 0.000000
1692985542317988853 145.064474 0.000000
1692985542425858360 144.713678 0.000000
1692985542644681466 145.406527 0.000000
1692985542644876843 145.199258 0.000000
1692985542716818187 145.185529 0.000000
1692985542826633202 144.915856 0.000000
1692985542898862666 145.318539 0.000000
1692985542935657255 145.190844 0.000000
1692985543408443396 145.029952 0.000000
1692985543443693728 145.013911 0.000000
1692985543626321192 144.926087 0.000000
1692985543661526599 145.181276 0.000000
1692985543698837042 145.057421 0.000000
1692985543734676309 145.524459 0.000000
1692985543735888592 145.793624 0.000000
1692985543880010698 145.331615 0.000000
1692985543917214264 145.169392 0.000000
1692985543917226477 145.163982 0.000000
1692985543952636888 145.199677 0.000000
1692985543953038741 144.915765 0.000000
1692985544025521070 145.091887 0.000000
1692985544061725732 145.099641 0.000000
1692985544061758042 145.125429 0.000000
1692985544097988723 145.126282 0.000000
1692985544098889391 145.102817 0.000000
1692985544316738080 144.957514 0.000000
1692985544389221621 145.022935 0.000000
1692985544389634024 145.035870 0.000000
1692985544425968691 145.170324 0.000000
1692985544499027088 145.231877 0.000000
1692985544790320234 144.948390 0.000000
1692985545080452168 145.438607 0.000000
1692985545080798628 144.834725 0.000000
1692985545117265239 144.650939 0.000000
1692985545152781429 144.951862 0.000000
1692985545189723784 145.234944 0.000000
1692985545190364946 145.066949 0.000000
1692985545443205553 145.126270 0.000000
1692985545588586141 145.053695 0.000000
1692985545626620362 145.482920 0.000000
1692985545662370140 144.791632 0.000000
1692985545699817241 145.205920 0.000000
1692985545845040484 145.183158 0.000000
1692985545845221403 145.083040 0.000000
1692985546208184984 144.827652 0.000000
1692985546208254544 144.800872 0.000000
1692985546280860505 144.819325 0.000000
1692985546317002579 145.210519 0.000000
1692985546353183637 144.927439 0.000000
1692985546426085693 145.223516 0.000000
1692985546497807296 145.161688 0.000000
1692985546498862705 145.594069 0.000000
1692985546534656784 145.158430 0.000000
1692985546570844676 144.809768 0.000000
1692985546643060786 145.251967 0.000000
1692985546643983376 145.175844 0.000000
1692985546752977822 144.972513 0.000000
1692985546862660980 145.094811 0.000000
1692985547116225347 145.404234 0.000000
1692985547116260683 145.024391 0.000000
1692985547225258365 144.934332 0.000000
1692985547226270393 145.202825 0.000000
1692985547334310442 145.257388 0.000000
1692985547444296987 145.139786 0.000000
1692985547807165149 145.312882 0.000000
1692985547880074739 145.228563 0.000000
1692985547989353709 145.264499 0.000000
1692985548535432498 144.650941 0.000000
1692985548972201005 144.938146 0.000000
1692985549007640001 144.899716 0.000000
1692985549408329585 145.153553 0.000000
1692985549444411817 144.940795 0.000000
1692985549480920287 144.973707 0.000000
1692985549881170496 145.104320 0.000000
1692985549989236482 145.235647 0.000000
1692985550062966600 145.010635 0.000000
1692985550098857322 145.058914 0.000000
1692985550425424462 144.991858 0.000000
1692985550535042927 145.003900 0.000000
1692985550535975907 145.050588 0.000000
1692985550571685481 145.050509 0.000000
1692985550608578362 144.835895 0.000000
1692985550644002661 145.211041 0.000000
1692985550716603092 145.319775 0.000000
1692985550789698641 145.225137 0.000000
1692985550826872659 145.085955 0.000000
1692985550899367533 144.946065 0.000000
1692985550972396866 145.072290 0.000000
1692985551008364443 145.128425 0.000000
1692985551117955169 145.327740 0.000000
1692985551190627014 145.165466 0.000000
1692985551663295171 144.906848 0.000000
1692985552026939678 145.210539 0.000000
1692985552027273124 144.940212 0.000000
1692985552100723258 145.108008 0.000000
1692985552281267576 144.809176 0.000000
1692985552354114048 144.796985 0.000000
1692985552464037055 145.309846 0.000000
1692985552681703413 145.403049 0.000000
1692985552682193232 145.274900 0.000000
1692985552827645966 145.294668 0.000000
1692985552863552829 144.836408 0.000000
1692985553118428091 144.882012 0.000000
1692985553481870419 144.838182 0.000000
1692985553554846252 145.172878 0.000000
1692985553663615667 145.198356 0.000000
1692985553953856578 145.184020 0.000000
1692985554099869379 144.994782 0.000000
1692985554100264320 145.241545 0.000000
1692985554209380385 145.376990 0.000000
1692985554281457584 145.174351 0.000000
1692985554281696312 144.853079 0.000000
1692985554463237609 145.250395 0.000000
1692985554644895764 145.207022 0.000000
1692985554718730981 145.225658 0.000000
1692985554718747462 145.153883 0.000000
1692985554863147250 145.552419 0.000000
1692985554863665392 144.839854 0.000000
1692985554864228588 144.895749 0.000000
1692985554899970410 144.796252 0.000000
1692985554900007038 144.863608 0.000000
1692985555155427866 145.317291 0.000000
1692985555155621950 145.560437 0.000000
1692985555190850711 145.466260 0.000000
1692985555300619610 145.492988 0.000000
1692985555300731419 145.512915 0.000000
1692985555336390586 145.507965 0.000000
1692985555445659708 145.037884 0.000000
1692985555482153222 144.851798 0.000000
1692985555518793408 145.090424 0.000000
1692985555554495377 145.389977 0.000000
1692985555772715607 145.354071 0.000000
1692985555954552045 145.139546 0.000000
1692985555954601077 145.019050 0.000000
1692985555991133373 145.290410 0.000000
1692985556100025427 145.471328 0.000000
1692985556282388504 145.051619 0.000000
1692985556427722516 145.283217 0.000000
1692985556463692087 145.020945 0.000000
1692985556681839817 145.370158 0.000000
1692985556938016088 145.412727 0.000000
1692985557082255705 145.102174 0.000000
1692985557118689137 145.300688 0.000000
1692985557264833906 144.962442 0.000000
1692985557336597358 145.079050 0.000000
1692985557336645338 145.105450 0.000000
1692985557445835632 144.961773 0.000000
1692985557482121686 144.970199 0.000000
1692985557628401340 145.111444 0.000000
1692985557737350714 144.930025 0.000000
1692985557772717453 144.933511 0.000000
1692985557809422922 145.031771 0.000000
1692985557990858303 144.977865 0.000000
1692985558064506837 144.877656 0.000000
1692985558208891809 145.170284 0.000000
1692985558281729345 145.214178 0.000000
1692985558499959378 144.900499 0.000000
1692985558572441157 145.286283 0.000000
1692985558645471134 145.470909 0.000000
1692985558645472527 145.558013 0.000000
1692985558863507056 145.062743 0.000000
1692985558972555953 144.859420 0.000000
1692985559045405070 145.186563 0.000000
1692985559227556502 145.106305 0.000000
1692985559227587831 145.388584 0.000000
1692985559300946574 145.190122 0.000000
1692985559445791606 145.452361 0.000000
1692985559445827653 145.387590 0.000000
1692985559483008846 145.121172 0.000000
1692985559555027856 145.111263 0.000000
1692985559591326191 145.095672 0.000000
1692985559627697968 145.444228 0.000000
1692985559627728775 145.250164 0.000000
1692985559772822574 145.092095 0.000000
1692985559918462531 145.097940 0.000000
1692985559992308056 145.320667 0.000000
1692985560101029800 145.091275 0.000000
1692985560245616802 145.182508 0.000000
1692985560245648701 145.161399 0.000000
1692985560282702886 144.973155 0.000000
1692985560464215378 145.217973 0.000000
1692985560501478333 145.239453 0.000000
1692985560645964354 144.996818 0.000000
1692985560682120054 145.004783 0.000000
1692985560682525584 145.411666 0.000000
1692985560827340390 145.219154 0.000000
1692985560865564739 145.141519 0.000000
1692985560901254777 144.792387 0.000000
1692985560937886116 144.837491 0.000000
1692985560972945430 145.095875 0.000000
1692985561083532523 144.968335 0.000000
1692985561192000926 144.656603 0.000000
1692985561264817048 145.099412 0.000000
1692985561409520979 145.158132 0.000000
1692985561410081009 145.017338 0.000000
1692985561483084715 144.907532 0.000000
1692985561519436312 145.559896 0.000000
1692985561591615642 145.082238 0.000000
1692985562137079409 145.148694 0.000000
1692985562246832658 145.587827 0.000000
1692985562246857455 145.284870 0.000000
1692985562683297690 144.755307 0.000000
1692985562864722988 144.709880 0.000000
1692985563010381908 145.089833 0.000000
1692985563155609459 144.821580 0.000000
1692985563191986624 144.886572 0.000000
1692985563265323144 144.913363 0.000000
1692985563265367788 144.979206 0.000000
