1692985414098742403 145.030050 0.000000
1692985414121295748 144.786723 0.000000
1692985414243646445 144.902540 0.000000
1692985414316405172 144.897229 0.000000
1692985414316733347 144.719145 0.000000
1692985414411316663 144.956862 0.000000
1692985414411696215 144.937766 0.000000
1692985414629902503 144.937036 0.000000
1692985414679739814 145.228111 0.000000
1692985414752792892 144.997237 0.000000
1692985414897750726 145.027965 0.000000
1692985414897756046 144.961481 0.000000
1692985414992610090 144.895287 0.000000
1692985415210671747 145.381779 0.000000
1692985415334589402 145.347213 0.000000
1692985415428773720 144.918019 0.000000
1692985415501668361 145.006134 0.000000
1692985415574223386 144.993721 0.000000
1692985415661954113 145.239622 0.000000
1692985415719335128 144.834061 0.000000
1692985415792147765 144.916626 0.000000
1692985415792148376 145.019931 0.000000
1692985415843971270 145.103226 0.000000
1692985416009882670 144.838179 0.000000
1692985416061789031 145.144885 0.000000
1692985416062381361 145.316927 0.000000
1692985416082799182 144.926575 0.000000
1692985416155551927 145.254850 0.000000
1692985416446316477 144.947244 0.000000
1692985416591984432 145.262164 0.000000
1692985416592025208 145.127713 0.000000
1692985416737103157 145.089250 0.000000
1692985416737131610 145.094570 0.000000
1692985417262814320 145.205047 0.000000
1692985417392060325 145.058893 0.000000
1692985417755301340 145.148330 0.000000
1692985417828740974 145.753465 0.000000
1692985417954145016 145.276371 0.000000
1692985417973994903 145.191442 0.000000
1692985418135180130 145.098496 0.000000
1692985418135209896 145.120468 0.000000
1692985418244625412 145.207953 0.000000
1692985418318100921 144.816880 0.000000
1692985418462767529 145.163229 0.000000
1692985418484248173 145.477727 0.000000
1692985418629445366 145.117854 0.000000
1692985418847695796 145.118163 0.000000
1692985418992732057 144.874818 0.000000
1692985419263192970 144.993051 0.000000
1692985419336272587 145.268395 0.000000
1692985419627031035 145.039498 0.000000
1692985419939365917 145.637098 0.000000
1692985420084639973 145.272614 0.000000
1692985420157488368 145.298493 0.000000
1692985420353892478 144.972571 0.000000
1692985420448503876 145.192783 0.000000
1692985420666548041 145.158020 0.000000
1692985421029950008 144.976809 0.000000
1692985421080343412 144.943096 0.000000
1692985421225703499 144.906617 0.000000
1692985421247972432 145.054455 0.000000
1692985421393495646 144.999202 0.000000
1692985421443467669 144.966241 0.000000
1692985421443794733 145.314935 0.000000
1692985421661159193 144.827399 0.000000
1692985421684206444 145.045629 0.000000
1692985421878933212 144.827951 0.000000
1692985421902330349 145.262034 0.000000
1692985421902415429 145.351813 0.000000
1692985421952195962 145.032805 0.000000
1692985422024293960 145.359135 0.000000
1692985422120141126 144.812550 0.000000
1692985422169812145 144.969145 0.000000
1692985422192979211 144.901919 0.000000
1692985422339386512 144.964827 0.000000
1692985422411011974 145.293804 0.000000
1692985422460674538 144.986118 0.000000
1692985422483850590 145.025560 0.000000
1692985422751241686 145.107895 0.000000
1692985422824495731 144.985294 0.000000
1692985422847189780 145.163449 0.000000
1692985422847233081 145.172946 0.000000
1692985422896475447 145.231508 0.000000
1692985423114784419 145.569891 0.000000
1692985423138027267 145.120309 0.000000
1692985423405545049 145.148971 0.000000
1692985423647579164 145.002639 0.000000
1692985423938658331 145.423526 0.000000
1692985424011433408 145.162276 0.000000
1692985424133598768 145.223852 0.000000
1692985424206341975 145.195829 0.000000
1692985424206363886 145.295806 0.000000
1692985424229492831 145.275639 0.000000
1692985424375280731 145.455778 0.000000
1692985424570145426 145.225094 0.000000
1692985424570175332 145.131749 0.000000
1692985424593652912 145.331485 0.000000
1692985424933829003 145.106984 0.000000
1692985425078958808 145.134824 0.000000
1692985425079004143 145.173467 0.000000
1692985425187899543 145.126069 0.000000
1692985425224638856 144.986057 0.000000
1692985425515321952 144.815056 0.000000
1692985425516129326 145.013358 0.000000
1692985425539437716 144.972310 0.000000
1692985425660756599 145.008388 0.000000
1692985425733031748 145.088789 0.000000
1692985425878510951 145.010464 0.000000
1692985426048806651 145.241877 0.000000
1692985426048823653 145.104870 0.000000
1692985426096834598 145.556516 0.000000
1692985426314749570 144.800199 0.000000
1692985426314781140 145.122643 0.000000
1692985426314788694 145.203655 0.000000
1692985426848984127 144.984004 0.000000
1692985426921577031 145.198254 0.000000
1692985426921745166 145.111662 0.000000
1692985427078573806 145.060426 0.000000
1692985427139983484 145.393101 0.000000
1692985427187614930 145.111833 0.000000
1692985427358230459 145.186793 0.000000
1692985427696974867 144.888254 0.000000
1692985427769592018 145.344439 0.000000
1692985427842272990 145.025732 0.000000
1692985427868124518 145.595701 0.000000
1692985427868161427 145.514659 0.000000
1692985427987541273 145.090490 0.000000
1692985428060396420 145.078519 0.000000
1692985428133783285 145.026092 0.000000
1692985428158584034 145.043074 0.000000
1692985428424320698 145.315292 0.000000
1692985428449767458 144.939088 0.000000
1692985428497220369 145.317197 0.000000
1692985428642757108 145.074743 0.000000
1692985428678981506 145.196181 0.000000
1692985429079136221 145.206219 0.000000
1692985429250229629 145.218385 0.000000
1692985429406062740 145.149582 0.000000
1692985429515675044 145.210717 0.000000
1692985429541105495 145.292923 0.000000
1692985429614524769 145.688806 0.000000
1692985429806702607 145.029478 0.000000
1692985429904994557 144.965690 0.000000
1692985429951755599 145.051139 0.000000
1692985429977867847 145.092485 0.000000
1692985429977899146 145.039245 0.000000
1692985430060630932 144.881472 0.000000
1692985430096871209 145.114117 0.000000
1692985430133154917 145.151648 0.000000
1692985430195869943 145.311625 0.000000
1692985430387588409 145.256132 0.000000
1692985430387809444 144.847947 0.000000
1692985430414466293 145.369135 0.000000
1692985430460456321 145.022696 0.000000
1692985430606102685 145.150925 0.000000
1692985430705343444 145.165305 0.000000
1692985430896575057 144.961341 0.000000
1692985431114509676 145.143082 0.000000
1692985431223597866 145.213612 0.000000
1692985431259923203 145.156455 0.000000
1692985431287340397 145.341732 0.000000
1692985431287369572 145.299253 0.000000
1692985431432922252 145.264309 0.000000
1692985431651167315 145.460608 0.000000
1692985431769508042 145.303000 0.000000
1692985431914749087 145.225536 0.000000
1692985431987939654 145.400183 0.000000
1692985432314931355 145.170032 0.000000
1692985432423483040 144.855232 0.000000
1692985432451932110 145.189599 0.000000
1692985432669848646 145.223534 0.000000
1692985432787049086 144.915134 0.000000
1692985432823396925 145.004461 0.000000
1692985432896417373 145.101203 0.000000
1692985432960740353 145.157950 0.000000
1692985433077511589 145.061117 0.000000
1692985433223237603 144.920163 0.000000
1692985433251954625 145.360499 0.000000
1692985433368532970 144.817501 0.000000
1692985433441347280 144.920122 0.000000
1692985433469988311 145.074825 0.000000
1692985433542474115 145.023888 0.000000
1692985433614927179 144.936674 0.000000
1692985433658763839 144.631313 0.000000
1692985433876518642 144.795170 0.000000
1692985433978676448 145.149302 0.000000
1692985433985786488 144.758268 0.000000
1692985434021920006 144.961019 0.000000
1692985434123852611 145.109668 0.000000
1692985434167113232 145.221409 0.000000
1692985434167321913 145.146047 0.000000
1692985434167336871 145.415392 0.000000
1692985434530072540 145.000644 0.000000
1692985434530363185 145.028977 0.000000
1692985434602801060 144.866643 0.000000
1692985434632286964 145.107105 0.000000
1692985434929242841 144.692145 0.000000
1692985435038855636 145.036040 0.000000
1692985435329765526 145.086263 0.000000
1692985435401770991 145.049264 0.000000
1692985435437036491 144.959217 0.000000
1692985435619364129 144.917077 0.000000
1692985435692420864 144.765543 0.000000
1692985435692466660 144.682597 0.000000
1692985435796849259 145.353135 0.000000
1692985435837762908 144.853789 0.000000
1692985435942203206 145.351933 0.000000
1692985436128064290 144.751086 0.000000
1692985436160511175 145.287774 0.000000
1692985436200170143 144.970358 0.000000
1692985436200893589 144.797734 0.000000
1692985436233126743 144.960627 0.000000
1692985436236583264 145.283973 0.000000
1692985436597225319 145.250592 0.000000
1692985436599121835 144.727672 0.000000
1692985436599928427 145.066598 0.000000
1692985436669977242 145.125475 0.000000
1692985436999863271 145.285899 0.000000
1692985437106395110 144.859339 0.000000
1692985437470367659 145.261041 0.000000
1692985437470396503 145.309372 0.000000
1692985437871684904 145.116461 0.000000
1692985437979899317 145.132281 0.000000
1692985438016795634 145.108797 0.000000
1692985438053207113 144.824633 0.000000
1692985438162596750 145.106794 0.000000
1692985438270475625 145.172979 0.000000
1692985438307236937 145.116470 0.000000
1692985438453181572 144.938629 0.000000
1692985438453322767 145.057472 0.000000
1692985438707970019 145.188857 0.000000
1692985438744531448 145.190961 0.000000
1692985438779859897 145.282814 0.000000
1692985438817149000 144.975927 0.000000
1692985438889418720 144.884897 0.000000
1692985438998157346 145.074222 0.000000
1692985438998453070 144.958936 0.000000
1692985439143010363 145.084230 0.000000
1692985439615718362 145.078491 0.000000
1692985439617060788 144.794328 0.000000
1692985439798236097 145.324261 0.000000
1692985439833741726 145.120618 0.000000
1692985439870349863 145.198994 0.000000
1692985439943323112 145.061619 0.000000
1692985439979055568 145.311507 0.000000
1692985440089103489 144.970969 0.000000
1692985440197221801 145.250252 0.000000
1692985440233635924 144.876772 0.000000
1692985440234696072 145.008839 0.000000
1692985440343778082 145.014871 0.000000
1692985440525172421 145.049104 0.000000
1692985440525293348 145.032013 0.000000
1692985440633743732 144.709397 0.000000
1692985440996982956 144.942735 0.000000
1692985441033057583 145.137672 0.000000
1692985441033727810 144.830115 0.000000
1692985441033878262 144.843260 0.000000
1692985441215459452 145.164804 0.000000
1692985441469518292 145.320192 0.000000
1692985441542691557 144.938638 0.000000
1692985441614740963 145.198285 0.000000
1692985441833472558 144.927768 0.000000
1692985441833751761 145.245454 0.000000
1692985442014962638 144.898554 0.000000
1692985442051282264 145.148552 0.000000
1692985442123674332 145.234442 0.000000
1692985442196552132 145.102504 0.000000
1692985442414959029 144.785672 0.000000
1692985442487775592 145.665680 0.000000
1692985442488109919 145.176594 0.000000
1692985442596467791 145.070274 0.000000
1692985442814522515 144.958966 0.000000
1692985442851398625 144.978042 0.000000
1692985442924848558 144.703628 0.000000
1692985443361271935 145.113596 0.000000
1692985443543395082 144.860602 0.000000
1692985443615689698 145.138934 0.000000
1692985443651092384 145.082166 0.000000
1692985443651221596 145.191821 0.000000
1692985443651703560 145.080693 0.000000
1692985443688222521 145.245042 0.000000
1692985443833422139 145.069945 0.000000
1692985443905873758 144.998850 0.000000
1692985444014345203 144.832508 0.000000
1692985444088741420 145.426722 0.000000
1692985444269090139 145.103747 0.000000
1692985444414867019 145.028356 0.000000
1692985444523914043 145.052251 0.000000
1692985444814511398 145.035959 0.000000
1692985444888430570 144.969717 0.000000
1692985444924204093 145.036019 0.000000
1692985445070037778 145.124175 0.000000
1692985445178633155 145.564381 0.000000
1692985445216186545 146.146723 0.000000
1692985445323762290 145.188917 0.000000
1692985445323809719 145.209746 0.000000
1692985445505756705 144.785320 0.000000
1692985445579159289 144.756977 0.000000
1692985445723791692 145.015882 0.000000
1692985446015412538 145.257066 0.000000
1692985446634240108 145.218944 0.000000
1692985446634454169 145.040409 0.000000
1692985446742688650 145.060856 0.000000
1692985446924802468 144.861612 0.000000
1692985447070789362 144.972522 0.000000
1692985447143019787 144.797993 0.000000
1692985447397145804 145.030972 0.000000
1692985447579146560 144.697646 0.000000
1692985447614955479 144.914183 0.000000
1692985447652783693 145.272033 0.000000
1692985448124793131 145.605066 0.000000
1692985448160586090 144.894566 0.000000
1692985448269483565 145.111333 0.000000
1692985448524156847 145.220557 0.000000
1692985448561054677 145.117263 0.000000
1692985448596732801 145.591071 0.000000
1692985448815567388 145.288625 0.000000
1692985449251925995 145.086877 0.000000
1692985449323556285 144.874339 0.000000
1692985449397242420 144.831256 0.000000
1692985449541555776 145.193767 0.000000
1692985449578761696 144.996977 0.000000
1692985449650925647 145.086997 0.000000
1692985449651024241 145.167889 0.000000
1692985449688019165 145.077199 0.000000
1692985449723792085 145.028506 0.000000
1692985449832625259 145.170282 0.000000
1692985449905864987 144.722844 0.000000
1692985450014442452 145.018178 0.000000
1692985450050427069 145.095233 0.000000
1692985450086817338 144.847186 0.000000
1692985450124003840 145.024289 0.000000
1692985450233334656 145.174330 0.000000
1692985450342023649 144.685483 0.000000
1692985450413792710 145.242177 0.000000
1692985450450478814 145.052703 0.000000
1692985451032122729 145.076136 0.000000
1692985451141970114 144.874688 0.000000
1692985451359706130 144.788955 0.000000
1692985451432586185 145.036051 0.000000
1692985451650562702 145.314032 0.000000
1692985451723033750 145.121681 0.000000
1692985451796583520 145.157228 0.000000
1692985452014429302 145.312399 0.000000
1692985452050590021 144.979095 0.000000
1692985452414939385 145.712078 0.000000
1692985452523753953 144.862274 0.000000
1692985452814589546 145.262824 0.000000
1692985452887368001 144.720329 0.000000
1692985452960705582 145.237318 0.000000
1692985453142584660 145.160794 0.000000
1692985453651723014 145.261834 0.000000
1692985453797341888 145.081717 0.000000
1692985453832801422 145.321617 0.000000
1692985453833784806 145.459626 0.000000
1692985453834166752 145.678306 0.000000
1692985453942761256 145.179048 0.000000
1692985454051476649 145.130468 0.000000
1692985454088072864 145.309163 0.000000
1692985454342025905 145.217100 0.000000
1692985454378845078 145.430761 0.000000
1692985454597163037 145.506994 0.000000
1692985454597367440 145.755489 0.000000
1692985454633065209 144.950410 0.000000
1692985454852239192 145.093669 0.000000
1692985454887668571 145.168010 0.000000
1692985454924965398 145.215878 0.000000
1692985454997479756 145.700346 0.000000
1692985455033189970 144.764380 0.000000
1692985455105904223 145.077689 0.000000
1692985455178622625 145.077098 0.000000
1692985455360788070 144.895577 0.000000
1692985455433586121 145.576194 0.000000
1692985455542710570 145.104890 0.000000
1692985455687834126 145.237439 0.000000
1692985456093091257 144.860400 0.000000
1692985456238616858 145.524158 0.000000
1692985456238653226 144.984856 0.000000
1692985456418635799 145.188729 0.000000
1692985456456408649 144.772146 0.000000
1692985456563637755 144.991636 0.000000
1692985456602036740 145.051470 0.000000
1692985456636423101 144.952364 0.000000
1692985456709355457 144.904156 0.000000
1692985456781660571 145.260743 0.000000
1692985456819184514 144.918009 0.000000
1692985456892309600 145.087188 0.000000
1692985456926964233 145.001145 0.000000
1692985456927847969 144.850533 0.000000
1692985456964766439 144.806290 0.000000
1692985457036722220 145.154171 0.000000
1692985457145367491 144.932847 0.000000
1692985457183194865 145.651124 0.000000
1692985457472860773 145.003278 0.000000
1692985457508604091 144.923391 0.000000
1692985457546292883 144.735347 0.000000
1692985457691444961 144.703497 0.000000
1692985457871978427 145.132272 0.000000
1692985457945004134 144.938979 0.000000
1692985458090855695 144.820899 0.000000
1692985458126679250 144.914893 0.000000
1692985458235433497 144.991247 0.000000
1692985458308996820 144.939618 0.000000
1692985458344602049 145.151698 0.000000
1692985458563130583 144.608620 0.000000
1692985458599287404 145.070245 0.000000
1692985458707768929 145.196092 0.000000
1692985458708556465 144.947716 0.000000
1692985458744360837 144.995727 0.000000
1692985458999617992 145.034327 0.000000
1692985459143597903 145.079563 0.000000
1692985459435303487 144.876582 0.000000
1692985459435374490 144.880479 0.000000
1692985459507526720 145.099230 0.000000
1692985459507976954 144.985947 0.000000
1692985459544949043 144.986097 0.000000
1692985459653121848 145.223011 0.000000
1692985459690177915 145.131630 0.000000
1692985459725816374 145.428366 0.000000
1692985460016707903 145.232559 0.000000
1692985460235764256 145.009750 0.000000
1692985460271534864 145.100012 0.000000
1692985460380399827 145.142261 0.000000
1692985460525994928 144.752552 0.000000
1692985460671369683 145.372361 0.000000
1692985460962603262 145.211629 0.000000
1692985460998327523 145.143953 0.000000
1692985460998874117 145.164992 0.000000
1692985461216228300 145.081398 0.000000
1692985461361548003 144.973383 0.000000
1692985461398545120 144.873657 0.000000
1692985461689668822 145.026201 0.000000
1692985461908406018 145.255743 0.000000
1692985461980584667 145.481164 0.000000
1692985462381294747 145.182065 0.000000
1692985462490042839 145.482446 0.000000
1692985462490572081 145.030729 0.000000
1692985462526385360 145.018137 0.000000
1692985462707958195 145.158151 0.000000
1692985462817686246 144.911347 0.000000
1692985462890193452 145.336083 0.000000
1692985462999554574 145.060536 0.000000
1692985463035644630 145.226247 0.000000
1692985463290780349 144.857055 0.000000
1692985463435968876 145.523335 0.000000
1692985463582101432 145.073551 0.000000
1692985463619069123 145.221299 0.000000
1692985463727775990 144.780722 0.000000
1692985463763634883 145.125319 0.000000
1692985463836336362 145.068912 0.000000
1692985463982536516 144.860632 0.000000
1692985464127184640 145.286621 0.000000
1692985464163190487 145.079933 0.000000
1692985464236225172 145.159403 0.000000
1692985464236408095 144.922409 0.000000
1692985464273453662 144.951883 0.000000
1692985464309773650 145.169192 0.000000
1692985464454905289 145.127572 0.000000
1692985464564174890 145.061608 0.000000
1692985464600710121 145.399562 0.000000
1692985464710172105 145.587467 0.000000
1692985464745133563 145.204707 0.000000
1692985465327706420 145.391116 0.000000
1692985465618696502 145.304414 0.000000
1692985465618907157 144.908091 0.000000
1692985465909641200 145.247518 0.000000
1692985466019258594 144.881211 0.000000
1692985466019509474 145.037023 0.000000
1692985466455755582 144.834284 0.000000
1692985466674366840 145.017765 0.000000
1692985466855264099 145.005465 0.000000
1692985466929097924 145.026596 0.000000
1692985467037909975 145.016515 0.000000
1692985467291772677 145.260821 0.000000
1692985467328380033 145.027775 0.000000
1692985467436970200 145.163149 0.000000
1692985467509699793 145.133274 0.000000
1692985467946405109 145.055035 0.000000
1692985468163860631 145.075004 0.000000
1692985468237216907 145.266152 0.000000
1692985468600613317 145.297691 0.000000
1692985468601361911 145.267936 0.000000
1692985468745713461 145.096828 0.000000
1692985468818883146 145.147018 0.000000
1692985468890933144 145.215876 0.000000
1692985468928575991 145.144364 0.000000
1692985469000845633 145.139537 0.000000
1692985469255226426 144.846124 0.000000
1692985469292283946 145.016917 0.000000
1692985469437807550 144.768398 0.000000
1692985469510006587 144.943557 0.000000
1692985469510062371 144.912738 0.000000
1692985469764336244 145.196330 0.000000
1692985469909919883 144.905538 0.000000
1692985469946918492 145.151067 0.000000
1692985469982319327 145.175825 0.000000
1692985470164492676 145.032153 0.000000
1692985470346948466 144.903964 0.000000
1692985470419767968 144.984876 0.000000
1692985470454948137 145.222541 0.000000
1692985470455722589 145.275631 0.000000
1692985470527713789 145.081188 0.000000
1692985470528526062 145.060269 0.000000
1692985470710106880 144.913422 0.000000
1692985471000646959 145.212241 0.000000
1692985471036945636 145.347264 0.000000
1692985471364200353 145.109870 0.000000
1692985471364603719 145.045539 0.000000
1692985471655429301 145.103957 0.000000
1692985471727989187 145.434931 0.000000
1692985471946230258 144.831005 0.000000
1692985472091279644 144.768420 0.000000
1692985472091900087 144.845454 0.000000
1692985472164201908 145.207222 0.000000
1692985472236865566 145.425521 0.000000
1692985472382482427 145.019140 0.000000
1692985472527902688 145.124977 0.000000
1692985472527933756 145.318630 0.000000
1692985472745913432 145.136398 0.000000
1692985472819319623 144.729155 0.000000
1692985472891923720 145.165173 0.000000
1692985473182906560 145.090163 0.000000
1692985473256780346 145.052321 0.000000
1692985473292860965 144.935632 0.000000
1692985473402013888 144.865442 0.000000
1692985473510001476 145.108297 0.000000
1692985473546744776 144.728483 0.000000
1692985473656185380 144.925063 0.000000
1692985473728364140 145.042301 0.000000
1692985473837890734 145.109670 0.000000
1692985474019337502 145.382300 0.000000
1692985474056738177 144.867486 0.000000
1692985474311594773 145.443393 0.000000
1692985474347292452 144.671397 0.000000
1692985474602306653 145.054865 0.000000
1692985474820009438 145.030600 0.000000
1692985474855684738 144.986578 0.000000
1692985474893705834 145.237499 0.000000
1692985475001028035 144.756356 0.000000
1692985475039205305 145.158762 0.000000
1692985475111631358 145.105222 0.000000
1692985475220058971 144.901349 0.000000
1692985475329473995 145.010493 0.000000
1692985475365110413 145.380398 0.000000
1692985475474465834 144.990626 0.000000
1692985475583176548 145.208835 0.000000
1692985475619638120 145.169961 0.000000
1692985475801273403 145.283846 0.000000
1692985475837497370 145.253910 0.000000
1692985475874867757 145.342374 0.000000
1692985476092697771 144.826355 0.000000
1692985476129141350 145.011235 0.000000
1692985476311531268 145.649930 0.000000
1692985476383147764 145.044258 0.000000
1692985476602134896 145.255904 0.000000
1692985477038041224 144.924059 0.000000
1692985477074247329 145.125398 0.000000
1692985477220111390 145.194656 0.000000
1692985477256143258 145.249750 0.000000
1692985477365644537 144.870865 0.000000
1692985477438168290 144.875369 0.000000
1692985477511735363 144.876509 0.000000
1692985477692233953 145.042563 0.000000
1692985477693105066 145.109718 0.000000
1692985477983772067 145.148836 0.000000
1692985478128683852 145.249869 0.000000
1692985478201186859 145.257206 0.000000
1692985478274197328 145.511142 0.000000
1692985478710797059 145.333139 0.000000
1692985478711817331 145.194198 0.000000
1692985478857189674 145.014461 0.000000
1692985478857226182 144.994103 0.000000
1692985478929880864 144.828951 0.000000
1692985478965675726 145.237879 0.000000
1692985479039101063 145.410944 0.000000
1692985479148085569 144.780032 0.000000
1692985479366307979 145.047473 0.000000
1692985479547553149 145.094343 0.000000
1692985479802942925 145.092698 0.000000
1692985479838596823 144.888275 0.000000
1692985479875778816 144.823543 0.000000
1692985480093422030 145.177887 0.000000
1692985480347281626 144.950561 0.000000
1692985480457353652 145.064645 0.000000
1692985480638539411 144.849952 0.000000
1692985480820870288 144.850614 0.000000
1692985481111515532 145.040958 0.000000
1692985481256800842 145.283907 0.000000
1692985481330095544 145.030121 0.000000
1692985481512205897 145.302051 0.000000
1692985481802415796 145.186141 0.000000
1692985481912267591 145.013369 0.000000
1692985482275539867 145.505662 0.000000
1692985482311650722 145.518034 0.000000
1692985482494076577 145.329001 0.000000
1692985482857805399 144.940832 0.000000
1692985482966272838 144.950181 0.000000
1692985482966304136 145.166277 0.000000
1692985483148056928 145.401015 0.000000
1692985483185169551 145.093348 0.000000
1692985483221633268 145.138774 0.000000
1692985483257060010 145.118255 0.000000
1692985483365938329 144.983082 0.000000
1692985483438995325 144.775793 0.000000
1692985483584110886 145.183779 0.000000
1692985483584148386 145.065276 0.000000
1692985483766073771 144.931676 0.000000
1692985483947785305 145.406334 0.000000
1692985483948552744 144.751196 0.000000
1692985483985107482 145.301700 0.000000
1692985484094004294 145.257837 0.000000
1692985484166727864 144.845833 0.000000
1692985484566452857 145.316777 0.000000
1692985484675753468 145.066640 0.000000
1692985484820763288 144.843067 0.000000
1692985484893691434 144.919623 0.000000
1692985485039813460 145.447712 0.000000
1692985485184348753 145.104821 0.000000
1692985485185384054 144.874179 0.000000
1692985485549292223 145.124947 0.000000
1692985485766542732 144.701806 0.000000
1692985485838953235 145.188878 0.000000
1692985486057848436 144.934129 0.000000
1692985486167374108 145.032684 0.000000
1692985486312050536 145.158101 0.000000
1692985486422064914 145.014440 0.000000
1692985486457385116 145.332135 0.000000
1692985486639623861 144.901530 0.000000
1692985486675728813 145.303392 0.000000
1692985486711979501 145.068882 0.000000
1692985486858052388 145.098349 0.000000
1692985486966537058 145.396759 0.000000
1692985487076925538 145.188949 0.000000
1692985487440039119 145.164845 0.000000
1692985487547789911 145.117623 0.000000
1692985487803163216 145.427144 0.000000
1692985487839346769 145.174723 0.000000
1692985487911360297 145.004632 0.000000
1692985488020793536 144.763731 0.000000
1692985488275317648 144.793195 0.000000
1692985488420075609 145.036353 0.000000
1692985488674433691 144.883645 0.000000
1692985488675165913 144.889486 0.000000
1692985488892479780 144.929410 0.000000
1692985488928656949 144.632624 0.000000
1692985489074586685 145.110742 0.000000
1692985489292066093 144.812382 0.000000
1692985489328520191 145.648039 0.000000
1692985489328706250 145.371501 0.000000
1692985489329116940 144.999343 0.000000
1692985489510373512 144.743062 0.000000
1692985489763836064 145.117724 0.000000
1692985489837208413 144.731842 0.000000
1692985489909652900 145.023709 0.000000
1692985489945830480 145.232300 0.000000
1692985490019122206 145.071728 0.000000
1692985490164615525 145.576384 0.000000
1692985490346741637 145.098919 0.000000
1692985490601352002 145.638453 0.000000
1692985490673204369 144.998611 0.000000
1692985490855791485 144.872682 0.000000
1692985490891999475 145.283657 0.000000
1692985490927465600 144.854010 0.000000
1692985491219144595 145.065475 0.000000
1692985491328187342 145.035620 0.000000
1692985491437220761 144.866803 0.000000
1692985491546379154 145.331185 0.000000
1692985491582774884 144.904855 0.000000
1692985491691114402 145.115360 0.000000
1692985491691417019 144.811079 0.000000
1692985491799925384 145.062251 0.000000
1692985491800752254 145.001076 0.000000
1692985492090691018 145.183698 0.000000
1692985492091769861 144.894837 0.000000
1692985492128031589 145.268226 0.000000
1692985492708942962 145.049797 0.000000
1692985493181927010 144.838150 0.000000
1692985493182848067 145.644231 0.000000
1692985493290765042 145.453001 0.000000
1692985493327470112 144.860021 0.000000
1692985493436562823 145.044418 0.000000
1692985493545228613 145.131481 0.000000
1692985493836813944 145.287734 0.000000
1692985493836933388 145.178840 0.000000
1692985493872263909 145.213073 0.000000
1692985494163818100 144.920393 0.000000
1692985494273534409 145.071637 0.000000
1692985494563682254 144.942486 0.000000
1692985494637305231 144.986899 0.000000
1692985494746219939 144.737212 0.000000
1692985494782567077 144.968866 0.000000
1692985494891281337 145.058462 0.000000
1692985494928015630 144.932636 0.000000
1692985495036467529 145.184148 0.000000
1692985495073658351 145.200151 0.000000
1692985495109818988 145.150395 0.000000
1692985495219504950 145.274256 0.000000
1692985495546088949 145.088860 0.000000
1692985495873718821 144.855965 0.000000
1692985495946054826 144.825618 0.000000
1692985495946582656 144.925777 0.000000
1692985495982458478 144.923170 0.000000
1692985496018904351 144.773348 0.000000
1692985496091327460 145.270830 0.000000
1692985496127651864 145.036080 0.000000
1692985496163794919 144.888724 0.000000
1692985496237779234 145.690617 0.000000
1692985496310532020 145.574251 0.000000
1692985496310617460 145.682423 0.000000
1692985496382750143 144.969697 0.000000
1692985496418254631 145.276793 0.000000
1692985496455134348 144.795781 0.000000
1692985496491109079 145.280289 0.000000
1692985496600179126 145.414381 0.000000
1692985496818475675 144.615343 0.000000
1692985496999818008 144.744556 0.000000
1692985497109586086 145.048585 0.000000
1692985497144851686 145.138925 0.000000
1692985497289998454 145.144203 0.000000
1692985497326686692 145.033516 0.000000
1692985497363558304 144.865231 0.000000
1692985497400576259 145.213213 0.000000
1692985497471928028 145.239082 0.000000
1692985497581846897 145.506242 0.000000
1692985497582438717 145.460788 0.000000
1692985497691167235 144.943469 0.000000
1692985497799706337 145.017987 0.000000
1692985497836396919 145.228071 0.000000
1692985497837217688 145.363315 0.000000
1692985498017500424 144.976359 0.000000
1692985498054719076 145.217031 0.000000
1692985498127275484 145.727198 0.000000
1692985498272230454 145.384306 0.000000
1692985498418782877 144.645417 0.000000
1692985498454257990 145.288803 0.000000
1692985498563780604 144.863727 0.000000
1692985498599264997 144.999803 0.000000
1692985498635855610 145.063240 0.000000
1692985498818065620 145.298743 0.000000
1692985498854684578 145.091826 0.000000
1692985499181447633 145.157930 0.000000
1692985499254363095 144.919743 0.000000
1692985499508873462 144.755825 0.000000
1692985499545187267 145.227901 0.000000
1692985499582003514 145.309584 0.000000
1692985499727131969 145.160094 0.000000
1692985499764081367 145.624627 0.000000
1692985499799672777 145.036150 0.000000
1692985499908361630 145.048714 0.000000
1692985499982167249 144.847216 0.000000
1692985500127079571 144.909988 0.000000
1692985500163460842 145.403351 0.000000
1692985500417721302 145.187867 0.000000
1692985500454398769 145.215999 0.000000
1692985500455259273 145.127062 0.000000
1692985500635933572 145.334580 0.000000
1692985500890974214 144.772598 0.000000
1692985501036046203 145.069835 0.000000
1692985501181567924 145.293122 0.000000
1692985501399302982 145.047634 0.000000
1692985501435815448 145.026905 0.000000
1692985501617250975 145.210167 0.000000
1692985501690657255 145.032144 0.000000
1692985501799776595 145.368804 0.000000
1692985501835304648 145.161456 0.000000
1692985501836223922 145.032996 0.000000
1692985502198448495 145.187185 0.000000
1692985502236157586 145.247378 0.000000
1692985502309452549 145.638802 0.000000
1692985502381704966 145.041030 0.000000
1692985502417862860 145.038326 0.000000
1692985502562604412 144.914236 0.000000
1692985502599616664 145.235445 0.000000
1692985502635586786 145.078342 0.000000
1692985502636221736 144.804058 0.000000
1692985502707935885 145.329389 0.000000
1692985502707965551 145.329620 0.000000
1692985502853014918 144.922600 0.000000
1692985502998508226 145.043174 0.000000
1692985502998923244 144.939471 0.000000
1692985503144881304 145.066027 0.000000
1692985503253697978 145.153372 0.000000
1692985503362356086 145.253111 0.000000
1692985503581500193 145.329923 0.000000
1692985503617809931 145.441872 0.000000
1692985503654349770 145.338117 0.000000
1692985503872300541 144.637894 0.000000
1692985504017251764 145.069354 0.000000
1692985504090402586 144.985887 0.000000
1692985504090493206 145.013679 0.000000
1692985504090663485 144.875771 0.000000
1692985504126951641 144.945771 0.000000
1692985504235894471 145.233861 0.000000
1692985504308802057 145.038343 0.000000
1692985504381994827 145.449476 0.000000
1692985504636582280 145.146108 0.000000
1692985504818601521 144.810859 0.000000
1692985504890553144 144.992689 0.000000
1692985504963982190 144.992391 0.000000
1692985504964189017 145.114360 0.000000
1692985505036256708 145.230547 0.000000
1692985505072942601 144.729546 0.000000
1692985505109393855 145.203114 0.000000
1692985505253910021 144.953676 0.000000
1692985505254235061 144.798806 0.000000
1692985505254530454 144.969937 0.000000
1692985505436234907 145.009332 0.000000
1692985505509227652 145.229342 0.000000
1692985505545041210 145.717470 0.000000
1692985505617892951 144.896449 0.000000
1692985505654626754 144.957995 0.000000
1692985505690054048 145.023969 0.000000
1692985505799626928 144.973924 0.000000
1692985505944689890 145.060377 0.000000
1692985506018133430 145.277483 0.000000
1692985506054132176 144.968776 0.000000
1692985506054967553 145.098119 0.000000
1692985506272610146 144.886833 0.000000
1692985506273237502 145.259281 0.000000
1692985506709396327 145.154865 0.000000
1692985506782063202 144.861764 0.000000
1692985507036224745 144.951954 0.000000
1692985507219066720 145.458814 0.000000
1692985507436201562 144.980777 0.000000
1692985507582804871 145.584329 0.000000
1692985507727883043 145.009493 0.000000
1692985507836260152 145.128326 0.000000
1692985508017809964 145.004042 0.000000
1692985508018603632 144.946624 0.000000
1692985508200062172 144.868768 0.000000
1692985508345750737 144.842328 0.000000
1692985508454965327 145.171086 0.000000
1692985508490521722 144.768842 0.000000
1692985508600081380 145.004022 0.000000
1692985509109585589 145.117775 0.000000
1692985509181443076 145.357253 0.000000
1692985509217875403 145.279327 0.000000
1692985509399847869 145.013169 0.000000
1692985509436610437 145.108619 0.000000
1692985509472616615 144.716632 0.000000
1692985509508790107 145.056659 0.000000
1692985509544959152 145.109770 0.000000
1692985509545540842 144.803045 0.000000
1692985509763169190 144.771165 0.000000
1692985509799746480 144.822612 0.000000
1692985509909586081 145.550667 0.000000
1692985510018864989 145.847611 0.000000
1692985510018915564 145.801675 0.000000
1692985510127333650 144.782585 0.000000
1692985510127424170 144.808704 0.000000
1692985510237161929 145.438045 0.000000
1692985510346431471 144.926375 0.000000
1692985510381285981 145.128935 0.000000
1692985510418438038 144.948146 0.000000
1692985510490797858 145.326267 0.000000
1692985510564082451 144.850624 0.000000
1692985510745151781 144.668070 0.000000
1692985510782202950 145.195499 0.000000
1692985510817460263 145.169500 0.000000
1692985510854982685 144.902089 0.000000
1692985510890798838 144.891230 0.000000
1692985510962526713 145.020824 0.000000
1692985511036063568 144.990296 0.000000
1692985511072169444 145.148271 0.000000
1692985511072480026 144.894134 0.000000
1692985511399552924 145.466871 0.000000
1692985511436043369 145.103758 0.000000
1692985511727922322 145.352244 0.000000
1692985511908571144 145.212762 0.000000
1692985512017803667 145.238280 0.000000
1692985512018613345 144.789809 0.000000
1692985512126856163 145.130288 0.000000
1692985512236234660 144.882594 0.000000
1692985512271912253 145.052332 0.000000
1692985512417396844 145.017576 0.000000
1692985512453908623 145.255153 0.000000
1692985512527563770 144.868439 0.000000
1692985512708166245 145.316717 0.000000
1692985513181445109 144.852566 0.000000
1692985513254235645 144.791423 0.000000
1692985513327283304 145.011174 0.000000
1692985513327511913 144.999333 0.000000
1692985513544903446 145.060237 0.000000
1692985513545050932 144.836147 0.000000
1692985513618203266 145.205598 0.000000
1692985513727383561 145.110249 0.000000
1692985513872778696 144.881793 0.000000
1692985513873187222 145.206512 0.000000
1692985514017750678 144.969667 0.000000
1692985514055227133 145.357355 0.000000
1692985514055240549 145.266745 0.000000
1692985514127305255 144.765424 0.000000
1692985514235936420 145.140407 0.000000
1692985514453692988 145.025873 0.000000
1692985514490534543 145.038667 0.000000
1692985514709283310 144.849682 0.000000
1692985514781186082 145.140940 0.000000
1692985515108350834 145.162520 0.000000
1692985515109076003 145.465157 0.000000
1692985515109615905 145.571968 0.000000
1692985515364612784 145.692803 0.000000
1692985515437518957 145.084652 0.000000
1692985515582966590 145.118005 0.000000
1692985515767692928 145.113366 0.000000
1692985515873072156 145.059574 0.000000
1692985516057898632 144.991908 0.000000
1692985516057986016 144.983702 0.000000
1692985516164644973 144.917299 0.000000
1692985516203377834 144.786914 0.000000
1692985516348294070 144.915475 0.000000
1692985516639209785 144.999882 0.000000
1692985516674331966 145.044606 0.000000
1692985516747434840 145.084613 0.000000
1692985516819608740 145.146509 0.000000
1692985516857222662 144.976518 0.000000
1692985517002468578 144.898895 0.000000
1692985517037845086 145.131601 0.000000
1692985517255810936 144.847257 0.000000
1692985517293676111 145.202885 0.000000
1692985517401869536 145.525690 0.000000
1692985517474896696 145.045147 0.000000
1692985517547239612 145.367511 0.000000
1692985517584111285 145.225607 0.000000
1692985517875683592 145.259841 0.000000
1692985517947808321 145.100713 0.000000
1692985518056192322 144.991439 0.000000
1692985518093799412 145.213132 0.000000
1692985518129619412 144.980126 0.000000
1692985518202253766 144.888374 0.000000
1692985518384739183 144.934311 0.000000
1692985518420847253 144.938831 0.000000
1692985518784911817 145.786659 0.000000
1692985518820341615 145.022326 0.000000
1692985518929907834 144.793316 0.000000
1692985518966371901 145.187656 0.000000
1692985519038821098 145.049155 0.000000
1692985519074803030 145.109328 0.000000
1692985519111224750 145.212694 0.000000
1692985519221212277 145.347516 0.000000
1692985519438817552 145.196784 0.000000
1692985519479835828 149.231618 0.000000
1692985519659146451 145.175583 0.000000
1692985519804381336 145.233452 0.000000
1692985519989210897 144.883584 0.000000
1692985520022986534 144.971059 0.000000
1692985520241101072 145.284628 0.000000
1692985520386528577 144.689081 0.000000
1692985520532010083 145.209977 0.000000
1692985520750136163 145.265822 0.000000
1692985521005797087 144.912920 0.000000
1692985521259051720 145.366620 0.000000
1692985521549793659 145.344881 0.000000
1692985521587025756 144.892472 0.000000
1692985521623863504 144.989482 0.000000
1692985521696666495 145.006667 0.000000
1692985521805251364 144.919765 0.000000
1692985521913163532 145.155707 0.000000
1692985522060188383 144.907822 0.000000
1692985522131417400 144.946163 0.000000
1692985522203742276 144.816259 0.000000
1692985522203770889 145.328008 0.000000
1692985522277408976 144.707448 0.000000
1692985522350103571 144.712193 0.000000
1692985522350312463 144.817842 0.000000
1692985522604249646 145.055317 0.000000
1692985522640243414 145.083322 0.000000
1692985522641011363 144.999585 0.000000
1692985523149569761 145.068042 0.000000
1692985523295451448 145.136321 0.000000
1692985523296232924 145.446983 0.000000
1692985523368661611 145.301899 0.000000
1692985523513519308 145.236838 0.000000
1692985523587084447 145.002927 0.000000
1692985523659798179 145.000294 0.000000
1692985523878032522 144.825325 0.000000
1692985523950508891 145.664040 0.000000
1692985524095940716 145.430612 0.000000
1692985524241503603 145.507192 0.000000
1692985524278187132 145.199769 0.000000
1692985524313962698 145.205419 0.000000
1692985524423393623 145.187264 0.000000
1692985524460192317 145.009401 0.000000
1692985524531919703 145.118607 0.000000
1692985524531951352 145.117224 0.000000
1692985524532146808 145.263688 0.000000
1692985524896358017 145.722692 0.000000
1692985525187501457 144.766546 0.000000
1692985525259506521 144.949768 0.000000
1692985525332191369 145.280249 0.000000
1692985525333609187 145.184309 0.000000
1692985525550962711 145.364439 0.000000
1692985525696122265 145.157450 0.000000
1692985525696836314 145.158202 0.000000
1692985525733039740 145.170422 0.000000
1692985525842139384 145.341773 0.000000
1692985525842790805 145.539583 0.000000
1692985525915494359 145.335303 0.000000
1692985525987309577 144.942927 0.000000
1692985526206110944 144.910467 0.000000
1692985526424010589 144.840345 0.000000
1692985526715148292 144.924704 0.000000
1692985526751772267 145.060797 0.000000
1692985527043042417 144.788158 0.000000
1692985527078396583 144.978453 0.000000
1692985527188560993 145.125148 0.000000
1692985527224915945 145.411194 0.000000
1692985527296563689 145.231437 0.000000
1692985527333838949 144.901942 0.000000
1692985527441942132 144.819646 0.000000
1692985527551044341 144.931405 0.000000
1692985527697083124 144.746360 0.000000
1692985527733135088 144.695775 0.000000
1692985527805885930 144.740457 0.000000
1692985527878558565 145.108766 0.000000
1692985527879407487 145.062791 0.000000
1692985527914783966 144.924112 0.000000
1692985528097181559 145.066139 0.000000
1692985528097661699 144.869590 0.000000
1692985528205799970 145.273468 0.000000
1692985528278128020 145.029321 0.000000
1692985528387555588 145.232250 0.000000
1692985528460009232 145.339501 0.000000
1692985528569102033 145.000052 0.000000
1692985528570147603 145.259989 0.000000
1692985528605398135 145.006255 0.000000
1692985528606376680 144.738263 0.000000
1692985528606640615 144.956853 0.000000
1692985528678295693 145.368595 0.000000
1692985528678318105 145.391699 0.000000
1692985528678912410 144.949489 0.000000
1692985528787752659 145.416406 0.000000
1692985528970323484 145.115040 0.000000
1692985529042226065 145.244562 0.000000
1692985529114774686 145.399390 0.000000
1692985529115536625 144.896658 0.000000
1692985529732666469 145.214387 0.000000
1692985529841838287 145.311386 0.000000
1692985529914772414 144.893755 0.000000
1692985529915122811 144.706734 0.000000
1692985529952088488 145.296931 0.000000
1692985529952174139 145.349400 0.000000
1692985530023557840 145.280622 0.000000
1692985530206805504 145.246527 0.000000
1692985530242883908 145.132450 0.000000
1692985530352107815 145.258528 0.000000
1692985530533598184 144.906628 0.000000
1692985530642504545 145.179498 0.000000
1692985530715292366 144.972661 0.000000
1692985530752544313 145.352075 0.000000
1692985530787652056 145.145157 0.000000
1692985530788693168 144.784651 0.000000
1692985530825230242 145.068161 0.000000
1692985530896897803 145.186342 0.000000
1692985531224741526 144.856885 0.000000
1692985531297491436 145.336443 0.000000
1692985531333996699 145.238130 0.000000
1692985531443346582 145.072879 0.000000
1692985531516228542 145.275010 0.000000
1692985531588290944 145.223014 0.000000
1692985531625133762 145.262328 0.000000
1692985531734978631 145.511171 0.000000
1692985532024661505 144.817332 0.000000
1692985532133479750 145.286450 0.000000
1692985532242473257 145.263559 0.000000
1692985532242729898 144.942387 0.000000
1692985532461148006 145.033498 0.000000
1692985532606432503 145.281031 0.000000
1692985532751818151 145.039118 0.000000
1692985532788894446 145.007278 0.000000
1692985532970084014 145.478982 0.000000
1692985533043277489 144.890942 0.000000
1692985533043370212 144.917462 0.000000
1692985533188315882 145.184557 0.000000
1692985533406832877 145.137682 0.000000
1692985533443409025 144.800852 0.000000
1692985533479148103 144.999562 0.000000
1692985533516187170 144.754257 0.000000
1692985533697296385 145.285680 0.000000
1692985533734871177 145.529730 0.000000
1692985533770162163 144.938960 0.000000
1692985533916597780 145.166998 0.000000
1692985534133772106 145.291652 0.000000
1692985534206599550 145.113005 0.000000
1692985534425877079 145.172989 0.000000
1692985534571200360 144.953447 0.000000
1692985534715629954 145.067632 0.000000
1692985534715677423 145.116162 0.000000
1692985534788976854 145.062681 0.000000
1692985534860686043 145.052012 0.000000
1692985534898183759 145.274907 0.000000
1692985535080451077 145.358748 0.000000
1692985535116868777 144.875501 0.000000
1692985535443322532 145.044206 0.000000
1692985535552781813 145.025323 0.000000
1692985535698555416 144.921355 0.000000
1692985535952524718 144.964938 0.000000
1692985536062109132 145.172237 0.000000
1692985536098827507 145.011597 0.000000
1692985536170999515 144.976160 0.000000
1692985536462130363 144.963956 0.000000
1692985536535534720 145.616570 0.000000
1692985536607097998 144.964038 0.000000
1692985536825594743 144.814608 0.000000
1692985536971149366 145.046871 0.000000
1692985536971706110 145.452862 0.000000
1692985537044679540 145.305456 0.000000
1692985537262374221 145.051782 0.000000
1692985537334483652 145.076750 0.000000
1692985537444179603 145.710198 0.000000
1692985537480967189 145.126964 0.000000
1692985537552861083 145.553612 0.000000
1692985537553760419 145.002349 0.000000
1692985537553857321 144.866474 0.000000
1692985537916724949 145.479213 0.000000
1692985537989049411 145.275918 0.000000
1692985537990152199 144.882120 0.000000
1692985538026470555 145.101033 0.000000
1692985538244022047 145.129387 0.000000
1692985538571886258 145.102648 0.000000
1692985539080099999 145.044467 0.000000
1692985539080664297 144.903021 0.000000
1692985539116946454 144.791613 0.000000
1692985539261904049 144.955010 0.000000
1692985539371929350 145.293355 0.000000
1692985539444449269 144.938149 0.000000
1692985539517346687 145.037875 0.000000
1692985539589420047 144.917749 0.000000
1692985539735015890 144.873919 0.000000
1692985539808011761 145.120360 0.000000
1692985539808455243 144.899456 0.000000
1692985540317637811 145.020874 0.000000
1692985540317700509 145.105873 0.000000
1692985540607965975 145.226830 0.000000
1692985540608229139 145.365670 0.000000
1692985540644648944 145.124898 0.000000
1692985540681621677 145.326569 0.000000
1692985540717494984 145.038448 0.000000
1692985540826155736 145.266222 0.000000
1692985541008605006 144.921818 0.000000
1692985541044115254 145.180071 0.000000
1692985541080658259 144.872724 0.000000
1692985541116881426 145.078073 0.000000
1692985541153643763 144.799268 0.000000
1692985541262082857 145.161125 0.000000
1692985541772551108 145.300878 0.000000
1692985541918159913 145.025561 0.000000
1692985541990704880 144.842909 0.000000
1692985542280223074 145.122312 0.000000
1692985542643961146 145.241307 0.000000
1692985542644358391 145.066640 0.000000
1692985542753606584 145.082760 0.000000
1692985542790446153 144.861834 0.000000
1692985543007615330 145.089671 0.000000
1692985543043985892 145.086827 0.000000
1692985543189169472 145.181315 0.000000
1692985543299482462 145.218967 0.000000
1692985543443946833 144.861877 0.000000
1692985543516375239 145.106672 0.000000
1692985543953739575 145.096083 0.000000
1692985543990081456 145.261576 0.000000
1692985544026192559 144.742421 0.000000
1692985544062249454 145.131500 0.000000
1692985544170998580 145.242479 0.000000
1692985544207910289 144.890160 0.000000
1692985544280556714 145.140497 0.000000
1692985544389580644 145.445317 0.000000
1692985544463261822 145.610619 0.000000
1692985544463300926 145.593107 0.000000
1692985544608279170 145.015003 0.000000
1692985544681331658 145.198828 0.000000
1692985544716922858 145.209337 0.000000
1692985544898897547 144.889548 0.000000
1692985544899507771 145.571977 0.000000
1692985544934983414 145.326874 0.000000
1692985544935531171 145.617770 0.000000
1692985545080596559 145.062713 0.000000
1692985545117531668 144.725899 0.000000
1692985545372174235 145.683114 0.000000
1692985545553520195 145.088510 0.000000
1692985545553770675 144.769603 0.000000
1692985545553786474 144.724649 0.000000
1692985545589891949 145.228252 0.000000
1692985545626797194 144.921518 0.000000
1692985545699830766 145.306057 0.000000
1692985545952541541 145.124536 0.000000
1692985546026478346 145.066959 0.000000
1692985546062050532 144.988443 0.000000
1692985546243822811 144.844984 0.000000
1692985546280059834 145.022176 0.000000
1692985546280712337 144.885760 0.000000
1692985546353959181 145.343940 0.000000
1692985546572076105 145.325264 0.000000
1692985546898506971 144.786416 0.000000
1692985546935353294 145.283506 0.000000
1692985546970843836 145.026976 0.000000
1692985547189066639 145.331929 0.000000
1692985547298080331 144.872926 0.000000
1692985547335860779 145.392682 0.000000
1692985547517265427 145.066317 0.000000
1692985547589046812 145.172398 0.000000
1692985547589814241 144.818495 0.000000
1692985547662520681 145.233893 0.000000
1692985547771115387 145.470897 0.000000
1692985547771291657 144.789249 0.000000
1692985547843761976 145.373125 0.000000
1692985547953058057 145.299014 0.000000
1692985547953814686 144.991277 0.000000
1692985548171322026 145.118899 0.000000
1692985548389542734 145.192866 0.000000
1692985548390075263 144.822471 0.000000
1692985548390242617 144.898204 0.000000
1692985548534772611 145.243973 0.000000
1692985548753090591 145.078081 0.000000
1692985548898419320 145.322818 0.000000
1692985549226445245 144.884017 0.000000
1692985549262710859 144.774871 0.000000
1692985549553049363 145.217993 0.000000
1692985549553518243 145.143523 0.000000
1692985549662781584 144.926236 0.000000
1692985549734698803 145.131982 0.000000
1692985549843640890 145.165754 0.000000
1692985549844699405 144.920855 0.000000
1692985549989272259 144.786124 0.000000
1692985550170991710 145.148865 0.000000
1692985550280477858 145.612343 0.000000
1692985550317358036 145.097987 0.000000
1692985550389710722 145.286674 0.000000
1692985550499235812 144.762279 0.000000
1692985550644426456 144.739808 0.000000
1692985550789759726 145.291552 0.000000
1692985550825896679 145.027586 0.000000
1692985551044970978 145.286040 0.000000
1692985551080888461 144.991258 0.000000
1692985551081699041 144.950552 0.000000
1692985551262728691 144.900771 0.000000
1692985551299626499 145.083551 0.000000
1692985551480696083 145.254721 0.000000
1692985551517267101 145.161047 0.000000
1692985551517348764 144.882105 0.000000
1692985551517980308 145.154796 0.000000
1692985551663118720 145.137119 0.000000
1692985551699736277 145.702602 0.000000
1692985551699945980 145.459967 0.000000
1692985551954195809 145.307190 0.000000
1692985552063657181 145.178429 0.000000
1692985552100352502 144.969188 0.000000
1692985552136336101 145.117847 0.000000
1692985552244946265 145.067410 0.000000
1692985552245663580 144.855433 0.000000
1692985552463970751 145.549024 0.000000
1692985552571866837 145.053461 0.000000
1692985552572226492 144.846424 0.000000
1692985552609371657 145.546068 0.000000
1692985552609545032 145.195871 0.000000
1692985552754925422 145.025454 0.000000
1692985552863447331 145.038677 0.000000
1692985552935881649 145.022706 0.000000
1692985553045827550 145.045158 0.000000
1692985553081091938 145.208485 0.000000
1692985553226387746 145.293143 0.000000
1692985553371961145 145.246486 0.000000
1692985553444328307 145.149433 0.000000
1692985553626876433 145.027955 0.000000
1692985553700131552 144.986690 0.000000
1692985553735078093 145.019881 0.000000
1692985553772862908 144.801824 0.000000
1692985553917787792 144.939641 0.000000
1692985554135762847 145.077628 0.000000
1692985554209352653 145.298663 0.000000
1692985554390264609 145.396606 0.000000
1692985554573058295 145.235787 0.000000
1692985554573157140 145.242079 0.000000
1692985554608733432 145.026062 0.000000
1692985554645339917 145.685539 0.000000
1692985554646220829 145.294486 0.000000
1692985554863178559 145.139425 0.000000
1692985554899988554 145.458213 0.000000
1692985555045060624 145.119439 0.000000
1692985555117976436 145.133134 0.000000
1692985555518727715 145.348237 0.000000
1692985555882685931 145.071538 0.000000
1692985556028421635 145.136191 0.000000
1692985556101054206 145.139245 0.000000
1692985556246144901 145.089503 0.000000
1692985556392080668 145.175923 0.000000
1692985556573613259 145.068392 0.000000
1692985556646793086 145.501094 0.000000
1692985556828219488 144.947085 0.000000
1692985556864309604 145.071297 0.000000
1692985556974363878 145.172387 0.000000
1692985557118715596 144.979235 0.000000
1692985557154970892 144.931296 0.000000
1692985557337110821 145.003579 0.000000
1692985557373026499 145.315985 0.000000
1692985557518817058 145.225950 0.000000
1692985557555938299 145.194872 0.000000
1692985557627796716 144.893204 0.000000
1692985557664391190 145.279110 0.000000
1692985557664421778 145.041464 0.000000
1692985557736483468 145.359811 0.000000
1692985558063613482 145.254342 0.000000
1692985558391719428 144.894928 0.000000
1692985558499764032 145.059516 0.000000
1692985558501026910 144.900278 0.000000
1692985558646529428 145.196364 0.000000
1692985558718913342 145.273507 0.000000
1692985558791927728 144.914182 0.000000
1692985558900864949 145.049689 0.000000
1692985559045836389 144.991287 0.000000
1692985559227607077 145.478372 0.000000
1692985559373269582 144.800228 0.000000
1692985559445851999 145.437042 0.000000
1692985559665470528 145.125169 0.000000
1692985559772772350 145.027174 0.000000
1692985559809791769 145.225105 0.000000
1692985560100918822 144.935553 0.000000
1692985560101370579 145.279067 0.000000
1692985560137251314 145.411686 0.000000
1692985560174363006 144.920517 0.000000
1692985560209952524 144.785183 0.000000
1692985560246591028 144.884849 0.000000
1692985560500266350 145.242820 0.000000
1692985560865068067 145.088630 0.000000
1692985561009701314 144.773149 0.000000
1692985561046870134 145.248650 0.000000
1692985561046902134 144.921837 0.000000
1692985561554923988 145.044547 0.000000
1692985561555815900 145.114367 0.000000
1692985561555891041 145.106593 0.000000
1692985561737913961 144.923401 0.000000
1692985561846429320 144.878798 0.000000
1692985561955463752 145.057554 0.000000
1692985562101112933 145.191935 0.000000
1692985562391862598 145.131310 0.000000
1692985562428186682 145.258678 0.000000
1692985562464450786 145.419601 0.000000
1692985562609795978 145.270191 0.000000
1692985562755008843 145.210721 0.000000
1692985562900699671 145.107194 0.000000
1692985562973223849 145.037884 0.000000
1692985563045967168 145.265874 0.000000
