1692985414753080061 145.432694 0.000000
1692985414970887922 145.318310 0.000000
1692985415720303694 146.204411 0.000000
1692985416010426509 218.251373 0.000000
1692985417227055606 145.651955 0.000000
1692985417610778883 218.716284 0.000000
1692985417736396726 218.200357 0.000000
1692985417901289246 145.401125 0.000000
1692985418120024745 145.948660 0.000000
1692985418173282649 146.099903 0.000000
1692985418390750935 145.531750 0.000000
1692985418847740640 145.163918 0.000000
1692985418993608310 145.909929 0.000000
1692985419503265114 145.718359 0.000000
1692985419845991218 146.095407 0.000000
1692985420172212274 145.266873 0.000000
1692985420281763553 145.390375 0.000000
1692985420666681772 145.327668 0.000000
1692985422134037380 145.787308 0.000000
1692985422194419923 146.109133 0.000000
1692985422570487006 146.027328 0.000000
1692985422715774417 145.285868 0.000000
1692985422824811333 145.821222 0.000000
1692985423260832486 145.700606 0.000000
1692985423284747795 146.073295 0.000000
1692985423297424162 145.813367 0.000000
1692985423624290249 145.662425 0.000000
1692985424375225528 145.490724 0.000000
1692985425298301838 146.082573 0.000000
1692985425734003510 145.308180 0.000000
1692985425952395507 146.096600 0.000000
1692985426606353433 145.689245 0.000000
1692985427806306433 145.592994 0.000000
1692985427988755470 145.899086 0.000000
1692985428159330333 145.859715 0.000000
1692985428377413200 145.963147 0.000000
1692985429031866796 145.288274 0.000000
1692985429152467992 145.533794 0.000000
1692985430051438578 145.933203 0.000000
1692985430533482428 145.670500 0.000000
1692985430632754124 145.688171 0.000000
1692985430778211104 218.283443 0.000000
1692985431069218829 145.824589 0.000000
1692985432060611657 145.533564 0.000000
1692985432670673743 145.946349 0.000000
1692985432888470093 145.105341 0.000000
1692985433179739309 145.745241 0.000000
1692985433623322409 145.570332 0.000000
1692985434313310612 145.971858 0.000000
1692985436015125579 145.054676 0.000000
1692985436379011586 145.486095 0.000000
1692985437397724118 145.204146 0.000000
1692985437835504599 145.700054 0.000000
1692985438817553198 218.608102 0.000000
1692985438817617579 146.208108 0.000000
1692985438853865310 145.531600 0.000000
1692985438926161200 145.884121 0.000000
1692985439544579443 145.640485 0.000000
1692985440016925300 145.564722 0.000000
1692985440052955724 145.578456 0.000000
1692985440598504262 145.254800 0.000000
1692985440634700396 145.441639 0.000000
1692985440925946949 146.051124 0.000000
1692985441106852412 145.113225 0.000000
1692985441434090269 145.846681 0.000000
1692985441760661994 145.918806 0.000000
1692985442342162460 145.243550 0.000000
1692985443470350228 145.715234 0.000000
1692985444633663434 145.418458 0.000000
1692985446088881907 146.494404 0.000000
1692985446161656944 145.649300 0.000000
1692985446416775409 145.955964 0.000000
1692985447143905017 145.292070 0.000000
1692985447542438144 145.167376 0.000000
1692985448161088933 146.142916 0.000000
1692985448234478984 146.231794 0.000000
1692985448596927295 145.711077 0.000000
1692985449287520683 145.063374 0.000000
1692985449323825280 144.990576 0.000000
1692985449724294747 145.773111 0.000000
1692985451213532609 145.055067 0.000000
1692985451542050000 145.110941 0.000000
1692985452015043083 145.883720 0.000000
1692985453034533393 145.859633 0.000000
1692985453252254715 145.916203 0.000000
1692985453688298310 145.154924 0.000000
1692985453870906826 145.919928 0.000000
1692985454488112775 145.667614 0.000000
1692985455543720233 145.362052 0.000000
1692985455579314429 145.929545 0.000000
1692985457255910391 146.461934 0.000000
1692985457945898851 145.162077 0.000000
1692985458419083806 145.724302 0.000000
1692985458564270670 145.677203 0.000000
1692985459872484677 146.670998 0.000000
1692985460018059407 145.619354 0.000000
1692985460199219567 145.361591 0.000000
1692985460744689983 145.370689 0.000000
1692985461908707093 145.879883 0.000000
1692985462018219630 145.307649 0.000000
1692985462199863488 145.848724 0.000000
1692985462308444517 145.982855 0.000000
1692985462782224127 146.570507 0.000000
1692985463181288029 145.641335 0.000000
1692985463292057513 146.291304 0.000000
1692985463327245809 145.496896 0.000000
1692985463436757514 146.212086 0.000000
1692985463437025346 146.109363 0.000000
1692985463982516428 145.589098 0.000000
1692985464128498212 145.500202 0.000000
1692985464527537417 145.595348 0.000000
1692985464856125935 145.928201 0.000000
1692985465074217338 145.572756 0.000000
1692985465765170528 145.396235 0.000000
1692985465910398210 145.913267 0.000000
1692985465983305455 145.593747 0.000000
1692985466456028052 145.745202 0.000000
1692985467147847269 145.801576 0.000000
1692985467183857355 145.294045 0.000000
1692985467220303909 145.878531 0.000000
1692985467402260434 145.802820 0.000000
1692985467474903813 145.502916 0.000000
1692985467693119471 145.956968 0.000000
1692985468275122858 145.850257 0.000000
1692985468383672550 145.769135 0.000000
1692985468419709117 144.883776 0.000000
1692985469075181956 146.251180 0.000000
1692985469255199706 145.807527 0.000000
1692985469692774282 146.312446 0.000000
1692985471001953409 145.641316 0.000000
1692985471146990190 145.035699 0.000000
1692985471947635893 145.923353 0.000000
1692985472492663147 145.456369 0.000000
1692985472747681908 146.136543 0.000000
1692985475147118135 146.088247 0.000000
1692985475292382662 145.344206 0.000000
1692985475547869381 145.600310 0.000000
1692985475983685101 145.441862 0.000000
1692985476821037600 145.967988 0.000000
1692985476893029761 145.800735 0.000000
1692985477003521422 145.927201 0.000000
1692985477038921114 145.244570 0.000000
1692985477111684741 145.946850 0.000000
1692985478274251310 218.323720 0.000000
1692985478384343233 146.083333 0.000000
1692985478748386426 146.137485 0.000000
1692985479002978756 145.750690 0.000000
1692985479148290744 146.041366 0.000000
1692985479513132783 145.989488 0.000000
1692985480167732325 145.732576 0.000000
1692985480857194491 145.831822 0.000000
1692985481002535996 145.722088 0.000000
1692985481512183364 146.004548 0.000000
1692985482276084449 145.192585 0.000000
1692985482312715649 145.877237 0.000000
1692985482421561086 146.254766 0.000000
1692985482530656802 146.315360 0.000000
1692985482603793258 146.064721 0.000000
1692985482749410988 146.180366 0.000000
1692985483003875039 145.395896 0.000000
1692985483111738804 145.432924 0.000000
1692985484166506419 181.397604 0.000000
1692985484166532087 217.921956 0.000000
1692985485149803794 145.974912 0.000000
1692985485403997076 144.979877 0.000000
1692985485695055347 145.714873 0.000000
1692985486821022779 145.244323 0.000000
1692985486930819941 145.671884 0.000000
1692985487038978139 145.106352 0.000000
1692985488566749151 145.542992 0.000000
1692985488675644350 145.610739 0.000000
1692985488783393602 145.100641 0.000000
1692985489146754264 145.497366 0.000000
1692985489801361612 145.889802 0.000000
1692985489801517124 146.073617 0.000000
1692985490418709832 144.728866 0.000000
1692985491873936790 146.256680 0.000000
1692985493291943672 145.975802 0.000000
1692985493764106523 145.039779 0.000000
1692985494127979075 145.561565 0.000000
1692985496127523103 145.109539 0.000000
1692985496201788655 145.959633 0.000000
1692985496310934955 146.111498 0.000000
1692985496454762771 144.981610 0.000000
1692985497981949739 145.417516 0.000000
1692985498201135656 146.048520 0.000000
1692985498309200310 146.285284 0.000000
1692985498492153883 145.727669 0.000000
1692985499218914481 145.559172 0.000000
1692985499364108710 145.192466 0.000000
1692985499582206294 145.553050 0.000000
1692985500018698133 145.203746 0.000000
1692985501145788820 145.710293 0.000000
1692985502054700107 145.429139 0.000000
1692985502199410709 145.625857 0.000000
1692985502708125310 145.515078 0.000000
1692985502709036879 146.001249 0.000000
1692985502853935964 145.968711 0.000000
1692985503217101311 145.417487 0.000000
1692985503507974999 218.671854 0.000000
1692985504382172440 146.276386 0.000000
1692985504527644110 145.469115 0.000000
1692985504819073005 145.832284 0.000000
1692985505400381644 145.125238 0.000000
1692985506418793529 145.593838 0.000000
1692985506454378518 145.784234 0.000000
1692985506491502161 145.679739 0.000000
1692985506563958352 146.227395 0.000000
1692985506963296061 145.514510 0.000000
1692985507146902858 145.583068 0.000000
1692985507401073079 145.938925 0.000000
1692985507799594526 145.283385 0.000000
1692985510272803324 145.377220 0.000000
1692985510454264661 145.323612 0.000000
1692985511218736596 145.826223 0.000000
1692985511691270321 146.177080 0.000000
1692985511727912904 146.101719 0.000000
1692985511800239641 217.788696 0.000000
1692985511873461287 145.517715 0.000000
1692985512273873039 146.425166 0.000000
1692985513182270476 145.961825 0.000000
1692985513291185604 146.184725 0.000000
1692985513908861208 145.049366 0.000000
1692985514310061249 218.239283 0.000000
1692985514419138029 145.623913 0.000000
1692985514672210301 145.800956 0.000000
1692985514927367482 145.204358 0.000000
1692985515146449725 146.179867 0.000000
1692985515182459340 146.176921 0.000000
1692985515332264312 150.519882 0.000000
1692985515364129377 146.293620 0.000000
1692985516639645111 145.754897 0.000000
1692985516965655587 145.586274 0.000000
1692985517111254314 146.046406 0.000000
1692985517147952229 145.419069 0.000000
1692985517620870666 145.935908 0.000000
1692985517657786522 145.537143 0.000000
1692985517876034981 146.292878 0.000000
1692985521878106171 145.670171 0.000000
1692985521915279309 145.838026 0.000000
1692985521987886360 146.094333 0.000000
1692985522568113273 145.665992 0.000000
1692985523223357638 145.444289 0.000000
1692985523442199481 145.455199 0.000000
1692985524860990383 145.909759 0.000000
1692985525151468207 145.597424 0.000000
1692985525878623960 145.760280 0.000000
1692985525879342618 145.895664 0.000000
1692985527697170247 145.506314 0.000000
1692985528024350174 145.065688 0.000000
1692985528242318228 145.483170 0.000000
1692985528278994604 145.363278 0.000000
1692985528788210607 145.808792 0.000000
1692985529480265466 145.718812 0.000000
1692985529552107834 145.366251 0.000000
1692985530243239876 145.418287 0.000000
1692985531224971507 145.974310 0.000000
1692985531588690322 145.868956 0.000000
1692985531698606729 145.481860 0.000000
1692985531806387798 145.343889 0.000000
1692985531917411391 146.184065 0.000000
1692985532461825396 146.407664 0.000000
1692985533443846686 145.837506 0.000000
1692985533843967193 145.559183 0.000000
1692985534463014280 145.660732 0.000000
1692985534971758676 145.786006 0.000000
1692985535080409379 145.983840 0.000000
1692985535224775284 145.767963 0.000000
1692985536463042743 145.578499 0.000000
1692985536644493831 145.829008 0.000000
1692985537408989454 145.827416 0.000000
1692985537481488847 145.570906 0.000000
1692985537916606087 145.134316 0.000000
1692985538135909233 145.249262 0.000000
1692985538317423579 145.387802 0.000000
1692985538608192360 145.172299 0.000000
1692985538862766767 145.606373 0.000000
1692985539190160597 145.218825 0.000000
1692985539299877308 145.940991 0.000000
1692985539589978535 146.183813 0.000000
1692985540427053829 145.920230 0.000000
1692985541300596848 146.535582 0.000000
1692985542425784291 145.463885 0.000000
1692985543153602646 145.340162 0.000000
1692985543553451235 145.934516 0.000000
1692985543553482443 145.431663 0.000000
1692985544353352410 146.154607 0.000000
1692985544536105688 145.928727 0.000000
1692985544571460356 145.308582 0.000000
1692985544644698662 145.643742 0.000000
1692985545263899759 145.738941 0.000000
1692985545300363936 146.406091 0.000000
1692985545772173684 145.271002 0.000000
1692985545880952517 145.092860 0.000000
1692985545990428678 145.015816 0.000000
1692985546608348272 145.750381 0.000000
1692985547553621823 145.194621 0.000000
1692985547662750943 146.087063 0.000000
1692985548317432883 146.032469 0.000000
1692985548536443894 145.647088 0.000000
1692985548644667334 146.068575 0.000000
1692985549844033316 145.567768 0.000000
1692985550571423019 145.340954 0.000000
1692985551553844400 145.165695 0.000000
1692985552464013030 145.578529 0.000000
1692985552682157425 146.133339 0.000000
1692985552718407000 146.161784 0.000000
1692985553081923047 145.498079 0.000000
1692985553192273075 146.057076 0.000000
1692985553264916797 145.744651 0.000000
1692985553627148433 145.681170 0.000000
1692985554900860689 145.724412 0.000000
1692985554936933092 145.456401 0.000000
1692985555446369749 146.051534 0.000000
1692985556319486952 146.197520 0.000000
1692985556355898701 146.382427 0.000000
1692985556428850371 145.886448 0.000000
1692985556466014862 145.915803 0.000000
1692985557446418225 145.995882 0.000000
1692985559155739971 145.399945 0.000000
1692985560102078026 145.890855 0.000000
1692985560247401989 145.672797 0.000000
1692985560901979085 145.402702 0.000000
1692985561374228517 146.133590 0.000000
1692985563156914937 145.796649 0.000000
