1692985415107887054 177.991089 0.000000
1692985416659478488 177.077366 0.000000
1692985417013872205 178.322209 0.000000
1692985417763874575 177.909264 0.000000
1692985417940751004 177.244600 0.000000
1692985418385105530 178.137524 0.000000
1692985418877272541 177.821891 0.000000
1692985419893432616 177.793999 0.000000
1692985420297799890 178.271705 0.000000
1692985420521469781 177.915075 0.000000
1692985421669646105 177.984616 0.000000
1692985421846308452 177.149951 0.000000
1692985421893687214 177.929263 0.000000
1692985421941559460 178.102087 0.000000
1692985422911583083 177.934222 0.000000
1692985424820965573 177.449110 0.000000
1692985425264366272 177.016912 0.000000
1692985425368084434 178.111724 0.000000
1692985427394049727 177.687008 0.000000
1692985428502613240 176.988188 0.000000
1692985429389959328 177.073187 0.000000
1692985430323319010 177.678152 0.000000
1692985430906267959 177.550783 0.000000
1692985431165792797 178.400025 0.000000
1692985431388505886 177.514876 0.000000
1692985431883447700 177.644909 0.000000
1692985432010940769 177.918101 0.000000
1692985433204797419 177.230182 0.000000
1692985434447308906 177.428244 0.000000
1692985434988852053 178.111454 0.000000
1692985435220803612 178.016065 0.000000
1692985436001782923 177.376136 0.000000
1692985436763695947 177.555010 0.000000
1692985436801572553 177.519083 0.000000
1692985437917940650 177.683652 0.000000
1692985438825645771 197.450553 0.000000
1692985440798356638 177.584265 0.000000
1692985441775197998 177.893286 0.000000
1692985442645708162 178.385908 0.000000
1692985443712942810 178.362155 0.000000
1692985444348752089 177.537018 0.000000
1692985444392848085 177.229611 0.000000
1692985444704301524 177.750427 0.000000
1692985444956878005 178.388363 0.000000
1692985445059108687 177.712246 0.000000
1692985445502151596 177.780444 0.000000
1692985447674590691 177.210607 0.000000
1692985447682532971 177.300163 0.000000
1692985448917000747 177.543390 0.000000
1692985449140026221 177.270367 0.000000
1692985449183268507 177.559269 0.000000
1692985449545247438 177.981160 0.000000
1692985450027922425 178.063786 0.000000
1692985451578503417 177.100298 0.000000
1692985453265655820 177.670588 0.000000
1692985453354699890 177.795373 0.000000
1692985454197759527 177.217749 0.000000
1692985455491224939 178.056572 0.000000
1692985455702929958 177.825538 0.000000
1692985456327184624 177.985177 0.000000
1692985456415958500 178.024853 0.000000
1692985456465993750 177.263374 0.000000
1692985457213468794 176.888379 0.000000
1692985457480109104 177.611867 0.000000
1692985457797143447 177.884149 0.000000
1692985458773029907 177.468460 0.000000
1692985459754284028 178.107236 0.000000
1692985460818646596 177.583716 0.000000
1692985460818658588 177.531708 0.000000
1692985461295724369 177.396205 0.000000
1692985462538832157 177.668154 0.000000
1692985462574981875 178.296101 0.000000
1692985462683523882 177.914165 0.000000
1692985462893949043 177.953229 0.000000
1692985463392380651 177.536757 0.000000
1692985464582574047 178.149857 0.000000
1692985466269500038 177.841880 0.000000
1692985466358253723 177.505028 0.000000
1692985466410666904 177.388309 0.000000
1692985466500144227 177.926490 0.000000
1692985466803170287 177.883959 0.000000
1692985468095643569 177.156212 0.000000
1692985468311773806 177.199285 0.000000
1692985468526600869 177.524025 0.000000
1692985468717891054 178.142282 0.000000
1692985468971066899 178.041153 0.000000
1692985471024643641 177.314300 0.000000
1692985471025779150 178.082130 0.000000
1692985471380657878 178.257338 0.000000
1692985472041881988 177.957896 0.000000
1692985472485055234 177.304603 0.000000
1692985472751385933 177.758764 0.000000
1692985473283231960 177.396814 0.000000
1692985474308447502 177.638208 0.000000
1692985474881797036 177.623829 0.000000
1692985477813841628 178.594050 0.000000
1692985478277105671 240.241184 0.000000
1692985478304038107 178.199260 0.000000
1692985478480632528 177.228299 0.000000
1692985479500125045 177.284284 0.000000
1692985479944189040 178.000077 0.000000
1692985479944223445 178.009745 0.000000
1692985480700553683 178.294749 0.000000
1692985483141064087 178.322870 0.000000
1692985483406769545 177.985931 0.000000
1692985483805533735 177.927670 0.000000
1692985484649600442 177.521569 0.000000
1692985484738375208 177.689494 0.000000
1692985484826987919 177.645891 0.000000
1692985485625277089 177.615725 0.000000
1692985485980907328 177.789379 0.000000
1692985486200892162 178.221631 0.000000
1692985486821969163 177.896431 0.000000
1692985487088705183 177.920376 0.000000
1692985487314422907 177.653327 0.000000
1692985487403067910 177.395083 0.000000
1692985488152149397 177.925315 0.000000
1692985488289188525 176.921073 0.000000
1692985488683594436 177.268605 0.000000
1692985490103319469 177.352752 0.000000
1692985491216341840 177.516812 0.000000
1692985491257059613 177.474330 0.000000
1692985492015933022 177.312326 0.000000
1692985492587612508 177.471837 0.000000
1692985492943154169 178.126162 0.000000
1692985493081584335 177.947327 0.000000
1692985494895379771 177.647966 0.000000
1692985495250645127 177.777900 0.000000
1692985495339920200 177.829497 0.000000
1692985495654682023 177.091582 0.000000
1692985495833276333 178.014012 0.000000
1692985496581427277 177.686939 0.000000
1692985497114004960 177.068049 0.000000
1692985498053913797 177.854334 0.000000
1692985499563379686 177.402035 0.000000
1692985499564253284 178.217654 0.000000
1692985499954340607 178.200301 0.000000
1692985500095962127 177.284877 0.000000
1692985500273134021 177.170331 0.000000
1692985500983647328 177.347392 0.000000
1692985501717058936 177.308890 0.000000
1692985501782781221 178.206053 0.000000
1692985502049353654 178.032909 0.000000
1692985502161973597 178.306751 0.000000
1692985502226325803 177.804570 0.000000
1692985502670437379 177.895262 0.000000
1692985502707128551 178.034531 0.000000
1692985503682587975 177.715042 0.000000
1692985504204207010 177.237947 0.000000
1692985505370988205 177.996541 0.000000
1692985506046953686 177.890952 0.000000
1692985506757215535 177.654650 0.000000
1692985507290259442 177.538432 0.000000
1692985507557259956 177.837452 0.000000
1692985509452504927 177.467338 0.000000
1692985509600230050 178.047715 0.000000
1692985509600231383 177.961413 0.000000
1692985509688806666 177.639172 0.000000
1692985510340542609 177.618710 0.000000
1692985511198072443 177.138842 0.000000
1692985511996868405 177.355067 0.000000
1692985512561832631 178.133747 0.000000
1692985513150935666 177.910991 0.000000
1692985513271810086 178.191777 0.000000
1692985514858648569 177.766148 0.000000
1692985515460404376 177.518002 0.000000
1692985515491232786 178.016106 0.000000
1692985515569534136 177.950445 0.000000
1692985515904766352 177.952518 0.000000
1692985516171524601 177.722155 0.000000
1692985517444187900 178.104483 0.000000
1692985517887137307 177.451519 0.000000
1692985518836260632 177.742803 0.000000
1692985519031690077 177.462217 0.000000
1692985519369186760 177.927612 0.000000
1692985519369287038 178.227725 0.000000
1692985520879427364 177.763743 0.000000
1692985521589296483 177.695064 0.000000
1692985522298643828 177.399782 0.000000
1692985522591860256 177.198352 0.000000
1692985523570582607 178.064648 0.000000
1692985524547248642 178.054599 0.000000
1692985526411211821 177.923974 0.000000
1692985527270349840 177.579177 0.000000
1692985527920574413 177.664027 0.000000
1692985528009427206 177.397538 0.000000
1692985528158711060 177.693562 0.000000
1692985528454107868 177.918613 0.000000
1692985529519205116 177.424930 0.000000
1692985529608879055 178.062160 0.000000
1692985530290172260 177.496051 0.000000
1692985530938645588 177.617329 0.000000
1692985531268003078 177.756580 0.000000
1692985531268005613 177.673284 0.000000
1692985531826467516 177.459453 0.000000
1692985532092692858 177.371525 0.000000
1692985532625723592 177.736965 0.000000
1692985532714199290 177.613204 0.000000
1692985533158980020 177.963829 0.000000
1692985533691370654 178.202694 0.000000
1692985533931129475 177.847650 0.000000
1692985534400886704 177.445136 0.000000
1692985534464222215 178.118570 0.000000
1692985534578754613 177.695427 0.000000
1692985534933343550 177.262221 0.000000
1692985534933355513 177.458960 0.000000
1692985535174454225 177.499128 0.000000
1692985535555314060 178.041236 0.000000
1692985536150544773 177.785997 0.000000
1692985536709127876 178.197129 0.000000
1692985536950102976 177.881153 0.000000
1692985537305399150 177.639541 0.000000
1692985537305420129 177.672994 0.000000
1692985537660907420 177.724406 0.000000
1692985540438381507 178.285000 0.000000
1692985541214361652 177.939815 0.000000
1692985541214364658 178.003253 0.000000
1692985541924337406 177.770386 0.000000
1692985542634044824 177.621267 0.000000
1692985542746464714 177.506450 0.000000
1692985542811706987 177.555333 0.000000
1692985543279002483 177.191403 0.000000
1692985545319833150 177.532701 0.000000
1692985545387637357 178.445171 0.000000
1692985547075609825 178.001438 0.000000
1692985547183205911 177.502004 0.000000
1692985547341353587 177.126210 0.000000
1692985547430901763 177.386999 0.000000
1692985549403812515 177.957006 0.000000
1692985550003728393 176.944848 0.000000
1692985550558974618 177.820931 0.000000
1692985551160208180 177.561065 0.000000
1692985551269925844 178.101800 0.000000
1692985551338289602 178.079358 0.000000
1692985551980159979 177.778952 0.000000
1692985553468332455 178.104453 0.000000
1692985554023305359 178.061152 0.000000
1692985554999817436 178.191977 0.000000
1692985555442812570 177.532870 0.000000
1692985556665114057 177.259278 0.000000
1692985558817010927 178.064576 0.000000
1692985559437504348 177.436712 0.000000
1692985559881150433 177.353948 0.000000
1692985560306308213 177.670309 0.000000
1692985560927759429 177.470344 0.000000
1692985562702864556 178.191147 0.000000
1692985562791315064 177.653267 0.000000
