1692985414099657759 146.000800 0.000000
1692985414411232956 145.797749 0.000000
1692985415189339822 145.662064 0.000000
1692985415553390996 145.972946 0.000000
1692985416009041493 145.868902 0.000000
1692985417391569986 144.900436 0.000000
1692985418172194579 145.165962 0.000000
1692985418701754530 145.322919 0.000000
1692985418827054987 145.736453 0.000000
1692985418921363537 146.148205 0.000000
1692985419772638537 146.290793 0.000000
1692985420376160168 145.659811 0.000000
1692985421103377959 145.693292 0.000000
1692985421152314461 145.377781 0.000000
1692985421756702880 145.536630 0.000000
1692985421902708578 146.051684 0.000000
1692985422024518421 218.589858 0.000000
1692985422120413246 145.631375 0.000000
1692985422315113723 145.004902 0.000000
1692985422970034956 218.485994 0.000000
1692985424084637851 146.021669 0.000000
1692985426194849558 146.005327 0.000000
1692985426849690301 146.219981 0.000000
1692985427140208526 145.594497 0.000000
1692985427334472235 146.378297 0.000000
1692985427914771446 145.124916 0.000000
1692985428060952262 218.450244 0.000000
1692985428424703345 145.751640 0.000000
1692985428523201412 146.116077 0.000000
1692985428813566181 145.290138 0.000000
1692985429031906801 145.042684 0.000000
1692985429225293314 145.706268 0.000000
1692985429843912593 146.143507 0.000000
1692985430487899085 146.759373 0.000000
1692985430751570395 217.895346 0.000000
1692985430824206191 145.387326 0.000000
1692985431006923350 145.990590 0.000000
1692985431115550116 146.416490 0.000000
1692985432642977874 145.795925 0.000000
1692985432932887992 145.581183 0.000000
1692985433470331354 145.425211 0.000000
1692985433833782254 145.762743 0.000000
1692985433876467967 145.372182 0.000000
1692985434197253732 145.575622 0.000000
1692985434633702077 146.561822 0.000000
1692985434996510632 145.334629 0.000000
1692985435293690789 145.843764 0.000000
1692985436418383936 145.536990 0.000000
1692985436636359212 145.241636 0.000000
1692985436709377597 145.182717 0.000000
1692985437435310890 145.080864 0.000000
1692985437834560790 145.535617 0.000000
1692985438816920251 217.945170 0.000000
1692985438817332083 146.053588 0.000000
1692985438998733576 146.186778 0.000000
1692985439107456934 145.602503 0.000000
1692985439580935006 145.259971 0.000000
1692985440124767405 145.227359 0.000000
1692985441069800723 145.561986 0.000000
1692985441179106473 145.869814 0.000000
1692985442052519474 145.805343 0.000000
1692985443433068348 145.181103 0.000000
1692985443434095544 145.298483 0.000000
1692985443979368586 145.291008 0.000000
1692985444307032838 145.556266 0.000000
1692985445069737856 145.612100 0.000000
1692985446415932789 145.471617 0.000000
1692985446489721678 145.840338 0.000000
1692985446961482180 145.529887 0.000000
1692985447508047375 146.262281 0.000000
1692985447616081290 145.833476 0.000000
1692985448198145461 145.998496 0.000000
1692985449107252092 145.968058 0.000000
1692985449251637784 145.898137 0.000000
1692985449251803405 145.621699 0.000000
1692985449833572344 145.211901 0.000000
1692985449905449418 145.311007 0.000000
1692985450195900039 145.368824 0.000000
1692985450452549787 146.430055 0.000000
1692985451504597008 145.369966 0.000000
1692985451578574891 146.457756 0.000000
1692985451760590045 145.814239 0.000000
1692985453033213839 145.897294 0.000000
1692985453470320279 145.302881 0.000000
1692985453798344237 146.232334 0.000000
1692985453834435115 146.113181 0.000000
1692985454052721833 145.784234 0.000000
1692985454670020910 145.523636 0.000000
1692985455360968548 145.447802 0.000000
1692985456164407430 145.540105 0.000000
1692985456347444541 146.374582 0.000000
1692985456455271948 144.912709 0.000000
1692985458672864987 146.372508 0.000000
1692985459107970924 145.795324 0.000000
1692985459327269732 146.378026 0.000000
1692985460782014874 146.161090 0.000000
1692985461326226761 145.484284 0.000000
1692985461617428979 145.796927 0.000000
1692985461690459345 145.584389 0.000000
1692985462162863927 145.017847 0.000000
1692985462344628571 145.746132 0.000000
1692985463473626680 146.764250 0.000000
1692985463983393422 145.954553 0.000000
1692985465001662403 145.790865 0.000000
1692985465837314944 145.389092 0.000000
1692985465910651154 145.313192 0.000000
1692985466529121749 146.490991 0.000000
1692985466565385018 146.195685 0.000000
1692985466637820278 145.313870 0.000000
1692985466674600127 145.498396 0.000000
1692985467073781602 145.418125 0.000000
1692985467257342644 146.344184 0.000000
1692985467656010925 145.691421 0.000000
1692985468092437448 145.494370 0.000000
1692985468384240876 145.905391 0.000000
1692985468528688464 145.829048 0.000000
1692985468564284624 145.739481 0.000000
1692985468675337750 146.003495 0.000000
1692985469219233912 145.543563 0.000000
1692985469365158299 145.922463 0.000000
1692985469874125892 146.206836 0.000000
1692985471510934737 145.701488 0.000000
1692985471656022082 145.686018 0.000000
1692985472528060805 145.535708 0.000000
1692985472820290073 145.846691 0.000000
1692985473947434894 145.927897 0.000000
1692985474310687311 145.518685 0.000000
1692985474601697290 146.018462 0.000000
1692985474602863998 145.987073 0.000000
1692985475584331764 145.274368 0.000000
1692985476965411408 145.398820 0.000000
1692985477476423215 146.084968 0.000000
1692985477985172242 146.055766 0.000000
1692985478238333918 218.040238 0.000000
1692985478274491600 217.373318 0.000000
1692985479039907074 146.254516 0.000000
1692985479403663585 146.004222 0.000000
1692985479912186717 145.903126 0.000000
1692985479984499299 145.318892 0.000000
1692985481621582541 145.663679 0.000000
1692985481839427662 145.323662 0.000000
1692985482348715335 145.740672 0.000000
1692985483294105157 145.302631 0.000000
1692985483620971155 145.365088 0.000000
1692985484202085747 218.098535 0.000000
1692985484276874670 146.217176 0.000000
1692985484421165074 145.862661 0.000000
1692985485148950194 145.798151 0.000000
1692985485911839321 145.664751 0.000000
1692985486095145226 145.446862 0.000000
1692985486240427788 145.911731 0.000000
1692985486349521741 145.699455 0.000000
1692985486713087028 145.170813 0.000000
1692985486785864130 146.314599 0.000000
1692985486893894460 145.454677 0.000000
1692985486966526979 145.115281 0.000000
1692985487731358027 146.131756 0.000000
1692985487984908374 145.825469 0.000000
1692985488675478229 145.221408 0.000000
1692985488966605128 145.881515 0.000000
1692985489292864580 145.217372 0.000000
1692985490019007491 145.885023 0.000000
1692985490565345452 145.337366 0.000000
1692985491547304550 145.982827 0.000000
1692985491728636453 145.949825 0.000000
1692985491981786471 144.886181 0.000000
1692985492128047328 145.627619 0.000000
1692985492563809909 145.263437 0.000000
1692985492999967540 145.818739 0.000000
1692985493109609872 146.091430 0.000000
1692985495473833367 146.205334 0.000000
1692985496818667244 145.623733 0.000000
1692985497581681126 145.596152 0.000000
1692985497690722561 145.788693 0.000000
1692985499618804333 145.406375 0.000000
1692985500018095673 145.704063 0.000000
1692985500455165427 144.943037 0.000000
1692985500635968167 145.379093 0.000000
1692985501072136519 145.300206 0.000000
1692985502344815623 145.433878 0.000000
1692985502418363659 145.254050 0.000000
1692985502854942492 145.824961 0.000000
1692985503471887097 146.371575 0.000000
1692985503836773050 145.806736 0.000000
1692985505327744475 145.999296 0.000000
1692985505473439652 145.626218 0.000000
1692985505764189576 145.939195 0.000000
1692985506237135754 146.239537 0.000000
1692985506308318787 145.505611 0.000000
1692985506564017683 145.426232 0.000000
1692985507146178230 145.131922 0.000000
1692985507218891812 145.347145 0.000000
1692985507436745111 145.157028 0.000000
1692985507946108959 145.967097 0.000000
1692985508455547529 145.482098 0.000000
1692985509182083397 145.802638 0.000000
1692985509328168656 145.561377 0.000000
1692985510128676177 145.978698 0.000000
1692985510928027800 145.280128 0.000000
1692985512417737463 145.260722 0.000000
1692985512454951939 145.353828 0.000000
1692985512818188680 146.195777 0.000000
1692985513218413524 146.300666 0.000000
1692985513509146734 145.913877 0.000000
1692985514054090152 145.253820 0.000000
1692985514199294268 145.201152 0.000000
1692985514381108818 145.236128 0.000000
1692985515328550960 146.639888 0.000000
1692985516565934340 145.774046 0.000000
1692985518494669725 146.046898 0.000000
1692985518713006070 146.143027 0.000000
1692985519330192247 217.669715 0.000000
1692985519698823574 146.088826 0.000000
1692985520351808179 145.375918 0.000000
1692985520605072210 145.729722 0.000000
1692985521113821706 146.052448 0.000000
1692985521151931888 146.015257 0.000000
1692985521660771193 145.900602 0.000000
1692985521695242094 145.455698 0.000000
1692985521841945855 146.021832 0.000000
1692985521914711745 146.185748 0.000000
1692985522242005435 145.820413 0.000000
1692985522532016495 145.712751 0.000000
1692985522641528553 145.966737 0.000000
1692985522896620979 145.654029 0.000000
1692985522969111925 145.617301 0.000000
1692985523405527783 145.618495 0.000000
1692985523478052811 218.026072 0.000000
1692985524315767973 145.919538 0.000000
1692985524533225591 145.163721 0.000000
1692985525150953683 145.091315 0.000000
1692985525660878694 145.686722 0.000000
1692985526061252635 146.139601 0.000000
1692985526496985262 145.923436 0.000000
1692985527153096490 145.513487 0.000000
1692985527551808093 145.644302 0.000000
1692985528170467584 145.844067 0.000000
1692985529079154483 146.049571 0.000000
1692985529588604693 145.923074 0.000000
1692985529624229136 145.571526 0.000000
1692985530060903368 145.572367 0.000000
1692985530098394634 146.028655 0.000000
1692985530497844341 145.158693 0.000000
1692985531043543563 145.401015 0.000000
1692985531371261810 145.844667 0.000000
1692985531480925921 146.554659 0.000000
1692985532680226382 145.857723 0.000000
1692985532716515633 146.189125 0.000000
1692985533335172020 145.564596 0.000000
1692985533370784067 145.681962 0.000000
1692985533843396974 144.860554 0.000000
1692985534679357887 145.452079 0.000000
1692985535080519436 145.306651 0.000000
1692985535334418055 145.605879 0.000000
1692985536170865494 145.423239 0.000000
1692985537771661898 145.437314 0.000000
1692985538136041511 146.194835 0.000000
1692985538317334201 145.978429 0.000000
1692985538899790174 145.602293 0.000000
1692985539008006941 145.843985 0.000000
1692985539080425199 145.537982 0.000000
1692985539589931767 146.185005 0.000000
1692985539881168424 145.736353 0.000000
1692985540136195181 145.789245 0.000000
1692985541189725351 145.411044 0.000000
1692985541809408534 145.968240 0.000000
1692985541809473065 145.885385 0.000000
1692985542426499111 145.661094 0.000000
1692985542645099661 145.979762 0.000000
1692985542863169586 146.292569 0.000000
1692985543045226438 145.423348 0.000000
1692985543845018102 145.730435 0.000000
1692985544352897157 145.260721 0.000000
1692985546026497743 145.474223 0.000000
1692985546061984649 144.840957 0.000000
1692985546680778674 146.119555 0.000000
1692985546790681144 145.762765 0.000000
1692985546934623395 144.923140 0.000000
1692985547080795097 146.170129 0.000000
1692985547553062956 145.935921 0.000000
1692985548827010425 145.371542 0.000000
1692985549990089481 145.582106 0.000000
1692985550317276292 145.832425 0.000000
1692985551227915718 146.282420 0.000000
1692985551628333872 146.710360 0.000000
1692985551955176447 145.217501 0.000000
1692985552863001555 145.488952 0.000000
1692985553555550552 145.791909 0.000000
1692985554171973338 145.320533 0.000000
1692985554573591725 145.548654 0.000000
1692985554828609454 145.865006 0.000000
1692985555190881028 145.238854 0.000000
1692985556100949309 145.044317 0.000000
1692985557556254842 145.617715 0.000000
1692985557846704263 145.398241 0.000000
1692985558463908397 145.286432 0.000000
1692985559192604308 146.296926 0.000000
1692985559338503158 146.192841 0.000000
1692985559446228164 145.836331 0.000000
1692985561009882945 145.763175 0.000000
1692985561191963626 146.091774 0.000000
1692985561919316107 145.633171 0.000000
1692985562029038048 145.473502 0.000000
1692985562356129701 145.965433 0.000000
1692985562429901317 146.261569 0.000000
