1692985414744715298 177.144061 0.000000
1692985414793447246 177.086552 0.000000
1692985414795276576 177.265167 0.000000
1692985415328679902 177.128030 0.000000
1692985415366553933 177.190847 0.000000
1692985415415018029 177.260198 0.000000
1692985415682483544 177.169347 0.000000
1692985415987933677 177.294061 0.000000
1692985416125217493 177.216496 0.000000
1692985416214495421 176.791599 0.000000
1692985416343402711 177.249238 0.000000
1692985416343408572 177.215283 0.000000
1692985416350437892 177.290785 0.000000
1692985416431793728 177.017654 0.000000
1692985416480212549 177.226525 0.000000
1692985416482398778 177.320061 0.000000
1692985416570897717 177.082686 0.000000
1692985416964629740 177.331941 0.000000
1692985417053236940 176.976856 0.000000
1692985417060547847 177.150703 0.000000
1692985417102876871 177.006191 0.000000
1692985417191437294 176.702041 0.000000
1692985417279262048 177.260008 0.000000
1692985417545301710 176.781611 0.000000
1692985417592813601 177.105548 0.000000
1692985417851776995 176.979472 0.000000
1692985417947319118 177.023314 0.000000
1692985418165908634 177.284553 0.000000
1692985418206928592 176.884582 0.000000
1692985418213314255 177.106007 0.000000
1692985418254575527 177.119965 0.000000
1692985418384217375 177.165302 0.000000
1692985418479378914 177.124373 0.000000
1692985418561139067 176.901805 0.000000
1692985418877078487 177.652313 0.000000
1692985418923313373 177.134461 0.000000
1692985419054314279 177.266199 0.000000
1692985419054358351 177.279595 0.000000
1692985419153749963 177.344597 0.000000
1692985419409066440 177.094567 0.000000
1692985419449324850 177.197840 0.000000
1692985419449363703 177.192450 0.000000
1692985419586887519 177.152175 0.000000
1692985419675092786 177.380694 0.000000
1692985419810920242 177.197290 0.000000
1692985419988389763 177.492033 0.000000
1692985420030428281 176.984831 0.000000
1692985420030455232 177.485751 0.000000
1692985420119463103 177.116327 0.000000
1692985420207884425 177.034653 0.000000
1692985420248487483 177.441558 0.000000
1692985420337195152 177.249217 0.000000
1692985420474067165 177.255508 0.000000
1692985421005892502 176.869865 0.000000
1692985421230873873 177.156413 0.000000
1692985421449576312 177.528421 0.000000
1692985421757446414 177.073237 0.000000
1692985422159031903 177.016631 0.000000
1692985422247641007 177.057758 0.000000
1692985422247675822 176.842144 0.000000
1692985422424892660 176.916705 0.000000
1692985422615286522 177.172273 0.000000
1692985422644573883 177.050154 0.000000
1692985422779602631 177.129294 0.000000
1692985422821686254 177.111069 0.000000
1692985422821966188 176.949817 0.000000
1692985422999067569 177.098715 0.000000
1692985423005066366 177.083376 0.000000
1692985423045828161 176.939487 0.000000
1692985423045898283 176.944486 0.000000
1692985423236073826 177.232796 0.000000
1692985423312025799 177.428573 0.000000
1692985423360198849 177.114204 0.000000
1692985423578098292 177.167043 0.000000
1692985423578130923 177.016230 0.000000
1692985423755537075 177.402575 0.000000
1692985423933170332 177.572473 0.000000
1692985424377059606 177.178495 0.000000
1692985424820615146 177.130132 0.000000
1692985424820664579 176.908967 0.000000
1692985424863981203 176.858986 0.000000
1692985424909639129 177.084930 0.000000
1692985425012310579 177.266540 0.000000
1692985425175665315 177.064410 0.000000
1692985425308182464 177.373380 0.000000
1692985425490925981 177.253975 0.000000
1692985425530924885 177.228337 0.000000
1692985425573940197 176.987347 0.000000
1692985425885626051 177.134373 0.000000
1692985425934481059 177.164098 0.000000
1692985426062774398 177.145783 0.000000
1692985426240359897 177.048323 0.000000
1692985426283651995 177.186931 0.000000
1692985426506450363 177.046247 0.000000
1692985426555837099 177.220112 0.000000
1692985426595363107 177.089828 0.000000
1692985426861344631 177.243518 0.000000
1692985427127697369 177.386034 0.000000
1692985427216264375 176.936201 0.000000
1692985427260426185 177.524124 0.000000
1692985427265592821 177.018756 0.000000
1692985427482225719 176.969212 0.000000
1692985427526515178 177.348413 0.000000
1692985427703757554 177.209063 0.000000
1692985427703770869 177.204976 0.000000
1692985427887266546 177.252163 0.000000
1692985428015166929 177.263882 0.000000
1692985428192620981 177.197121 0.000000
1692985428414096939 177.281337 0.000000
1692985428502557135 176.948493 0.000000
1692985428724811753 177.088165 0.000000
1692985429007129054 177.250339 0.000000
1692985429041560400 177.120126 0.000000
1692985429130421056 177.131747 0.000000
1692985429301209891 176.906456 0.000000
1692985429396478912 177.059472 0.000000
1692985429435209439 177.323876 0.000000
1692985429790816702 177.723496 0.000000
1692985429879123038 177.178614 0.000000
1692985429922841368 177.493927 0.000000
1692985430277719695 177.122019 0.000000
1692985430455378300 177.278462 0.000000
1692985430543821673 177.254927 0.000000
1692985430678316012 177.159201 0.000000
1692985430721166881 176.991124 0.000000
1692985430944513416 176.990843 0.000000
1692985431164569223 177.226575 0.000000
1692985431164620048 177.288320 0.000000
1692985431350454542 177.441087 0.000000
1692985431848066844 177.161052 0.000000
1692985431875694494 176.927054 0.000000
1692985432009212319 177.119444 0.000000
1692985432060590357 177.115146 0.000000
1692985432187804383 176.859857 0.000000
1692985432229749866 177.008074 0.000000
1692985432229784792 176.748478 0.000000
1692985432237844734 177.252703 0.000000
1692985432363933299 177.279063 0.000000
1692985432364775789 176.970034 0.000000
1692985432453519696 176.959133 0.000000
1692985432495684642 177.118543 0.000000
1692985432629841295 177.162205 0.000000
1692985432672744425 176.867813 0.000000
1692985432719216856 176.847144 0.000000
1692985432850089882 176.989069 0.000000
1692985432858664619 177.010169 0.000000
1692985432896409097 177.621736 0.000000
1692985433035680670 177.012965 0.000000
1692985433073487715 177.075642 0.000000
1692985433694615718 177.040737 0.000000
1692985434138330806 177.153989 0.000000
1692985434492904252 177.083474 0.000000
1692985434633219482 177.076333 0.000000
1692985434890900924 177.183144 0.000000
1692985434987862217 177.129834 0.000000
1692985435202398485 176.817758 0.000000
1692985435245607118 177.106491 0.000000
1692985435379934229 177.164959 0.000000
1692985435824192736 177.323628 0.000000
1692985435867258069 177.368481 0.000000
1692985435875312150 176.952932 0.000000
1692985436133154163 176.828428 0.000000
1692985436801304580 176.940158 0.000000
1692985436941014296 177.353244 0.000000
1692985436996289922 177.280456 0.000000
1692985437198893095 177.336631 0.000000
1692985437245450788 177.579458 0.000000
1692985437384860500 177.285916 0.000000
1692985437465240607 177.189987 0.000000
1692985437553492531 176.771742 0.000000
1692985437917587919 177.304672 0.000000
1692985438222900164 177.248096 0.000000
1692985438400145554 177.242985 0.000000
1692985438441922512 177.284342 0.000000
1692985438450266065 177.090820 0.000000
1692985438619361104 177.013525 0.000000
1692985438973954037 176.976306 0.000000
1692985439151242798 176.904161 0.000000
1692985439239727139 176.919870 0.000000
1692985439514822019 177.303309 0.000000
1692985439861420201 177.190096 0.000000
1692985440087938915 177.319109 0.000000
1692985440246633264 177.560382 0.000000
1692985440354609941 177.179026 0.000000
1692985440443346145 177.193745 0.000000
1692985440491233399 176.875849 0.000000
1692985440531987378 177.286818 0.000000
1692985440798405089 177.029365 0.000000
1692985440868249532 177.446649 0.000000
1692985440887297675 177.386354 0.000000
1692985440975768781 177.419917 0.000000
1692985441024073478 177.173474 0.000000
1692985441242040600 176.971017 0.000000
1692985441371690914 177.170501 0.000000
1692985441525598138 177.495600 0.000000
1692985441685920951 177.180159 0.000000
1692985441816001761 177.388878 0.000000
1692985442040910878 177.153509 0.000000
1692985442218253661 177.339126 0.000000
1692985442396161674 177.616937 0.000000
1692985442840012217 177.052309 0.000000
1692985442840028177 177.091162 0.000000
1692985443017336255 176.940910 0.000000
1692985443017376601 177.362100 0.000000
1692985443017402249 176.914000 0.000000
1692985443059468269 177.168886 0.000000
1692985443106233950 176.980603 0.000000
1692985443148400339 177.282570 0.000000
1692985443244251742 177.000080 0.000000
1692985443244280235 177.412143 0.000000
1692985443460997924 177.183475 0.000000
1692985443510456885 177.110187 0.000000
1692985443993548010 177.315211 0.000000
1692985444068188134 177.504255 0.000000
1692985444131347303 177.120767 0.000000
1692985444220163866 177.113853 0.000000
1692985444259584397 177.267182 0.000000
1692985444348687618 177.497393 0.000000
1692985444525919452 177.250600 0.000000
1692985444614843156 177.304550 0.000000
1692985444658639722 177.103504 0.000000
1692985444703329993 177.067397 0.000000
1692985444752189239 176.992696 0.000000
1692985444792091473 177.095460 0.000000
1692985444836179694 177.537717 0.000000
1692985445058133970 177.134182 0.000000
1692985445191425199 177.048952 0.000000
1692985445196533527 177.268403 0.000000
1692985445546392574 176.812499 0.000000
1692985445723349393 177.202169 0.000000
1692985445768297688 177.261962 0.000000
1692985445900496850 177.144932 0.000000
1692985445900549749 177.094738 0.000000
1692985445945874881 177.111049 0.000000
1692985446034713085 177.399751 0.000000
1692985446123176276 176.970334 0.000000
1692985446144412040 177.298280 0.000000
1692985446344022985 177.115917 0.000000
1692985446677154469 177.173115 0.000000
1692985446965209749 176.950047 0.000000
1692985447100447678 177.027211 0.000000
1692985447100481141 177.134292 0.000000
1692985447142417147 177.205604 0.000000
1692985447142448736 177.050625 0.000000
1692985447188804221 177.078368 0.000000
1692985447231404432 177.140665 0.000000
1692985447298383272 177.120126 0.000000
1692985447408474574 177.068179 0.000000
1692985447543345055 177.143320 0.000000
1692985447543462305 176.845732 0.000000
1692985447585651566 177.175349 0.000000
1692985447720545741 177.156274 0.000000
1692985447720777506 176.894262 0.000000
1692985447948222446 177.136636 0.000000
1692985448066340297 177.158728 0.000000
1692985448075183848 177.072366 0.000000
1692985448164420179 176.985823 0.000000
1692985448164468159 177.082505 0.000000
1692985448429968942 177.006364 0.000000
1692985448569037354 177.107873 0.000000
1692985448607560351 176.894312 0.000000
1692985448785038279 177.185940 0.000000
1692985449228815334 177.194576 0.000000
1692985449360352285 177.129103 0.000000
1692985449583636736 177.050476 0.000000
1692985449840484694 177.072827 0.000000
1692985449899175705 176.882852 0.000000
1692985450026967835 177.156594 0.000000
1692985450159227972 177.069410 0.000000
1692985450292819465 176.846402 0.000000
1692985450292976870 176.959203 0.000000
1692985450514273143 177.236815 0.000000
1692985450736691280 177.327004 0.000000
1692985451090748388 177.059282 0.000000
1692985451134966944 177.115517 0.000000
1692985451584616328 177.008486 0.000000
1692985451712430921 177.464993 0.000000
1692985451844795994 177.297538 0.000000
1692985451890053778 177.206386 0.000000
1692985452067682648 177.167164 0.000000
1692985452245016875 177.332965 0.000000
1692985452422281551 177.262893 0.000000
1692985452890121824 177.272031 0.000000
1692985452910396056 177.179087 0.000000
1692985452910415753 177.219693 0.000000
1692985452954523041 177.262593 0.000000
1692985453043443619 177.364884 0.000000
1692985453043463266 177.349927 0.000000
1692985453087961367 177.195537 0.000000
1692985453265289884 177.312858 0.000000
1692985453442679325 177.055996 0.000000
1692985453487257114 177.377709 0.000000
1692985453531599863 176.898149 0.000000
1692985453575991854 177.176371 0.000000
1692985453838053088 177.115539 0.000000
1692985453842399527 177.495591 0.000000
1692985453886564302 177.439674 0.000000
1692985453893461623 177.114044 0.000000
1692985454064007323 177.493806 0.000000
1692985454375232054 177.470783 0.000000
1692985454548599424 177.238138 0.000000
1692985454603253796 177.117751 0.000000
1692985454819053423 177.015561 0.000000
1692985454869287847 177.203932 0.000000
1692985454907672375 176.904321 0.000000
1692985454996307879 176.903518 0.000000
1692985455217964127 176.896527 0.000000
1692985455262597721 177.102022 0.000000
1692985455351233335 177.224350 0.000000
1692985455395727748 177.478037 0.000000
1692985455436236190 177.000964 0.000000
1692985455484590319 177.172344 0.000000
1692985455617554395 177.007814 0.000000
1692985455706273888 176.950277 0.000000
1692985455883302622 177.027462 0.000000
1692985455970546517 177.182443 0.000000
1692985456149198154 177.168105 0.000000
1692985456325643044 177.580850 0.000000
1692985456465962662 177.265569 0.000000
1692985456466040278 177.261932 0.000000
1692985456503641527 176.990593 0.000000
1692985456592754828 176.794765 0.000000
1692985456643178969 176.858135 0.000000
1692985456681487995 177.019418 0.000000
1692985456909397127 177.447299 0.000000
1692985457175178465 177.151525 0.000000
1692985457301716322 177.272732 0.000000
1692985457390943435 177.072477 0.000000
1692985457479145667 176.969953 0.000000
1692985457530182889 177.261962 0.000000
1692985457567858097 176.776132 0.000000
1692985458100493705 177.549551 0.000000
1692985458455623255 177.496423 0.000000
1692985458899154050 177.074391 0.000000
1692985459164991804 177.223840 0.000000
1692985459220343985 180.974362 0.000000
1692985459487293193 177.632055 0.000000
1692985459575836013 177.458399 0.000000
1692985459874964456 177.121159 0.000000
1692985459875192714 176.698516 0.000000
1692985459963928676 176.847365 0.000000
1692985459963954415 176.813963 0.000000
1692985460019299301 177.067426 0.000000
1692985460108270476 177.078929 0.000000
1692985460408095354 177.373642 0.000000
1692985460463358828 177.211858 0.000000
1692985460463387181 177.274366 0.000000
1692985460496869278 177.048913 0.000000
1692985460552240505 177.196521 0.000000
1692985460674024912 177.093848 0.000000
1692985460674210930 177.005622 0.000000
1692985461085183531 177.635562 0.000000
1692985461117844698 177.240842 0.000000
1692985461350896353 176.936633 0.000000
1692985461472989307 177.214914 0.000000
1692985461616883056 177.195758 0.000000
1692985461917036840 177.287329 0.000000
1692985461952657316 177.098395 0.000000
1692985462094441110 177.066667 0.000000
1692985462416114020 176.893291 0.000000
1692985462449711823 177.472395 0.000000
1692985462538429362 177.117712 0.000000
1692985462627284799 177.322596 0.000000
1692985462770946804 177.314361 0.000000
1692985462893155996 177.014258 0.000000
1692985462948411384 177.079809 0.000000
1692985463303455784 177.314230 0.000000
1692985463569564226 177.211108 0.000000
1692985463569595465 177.253256 0.000000
1692985463569629178 177.178195 0.000000
1692985463871117142 177.416742 0.000000
1692985463924575754 176.848617 0.000000
1692985463960110969 177.443452 0.000000
1692985464137342254 177.247946 0.000000
1692985464368422892 177.196230 0.000000
1692985464581654393 177.243668 0.000000
1692985464670785196 177.349185 0.000000
1692985465078860003 177.334127 0.000000
1692985465078894998 177.344917 0.000000
1692985465380934598 177.410201 0.000000
1692985465612125982 177.562545 0.000000
1692985465700504616 176.894172 0.000000
1692985465789239546 177.027232 0.000000
1692985465789351366 177.211928 0.000000
1692985465825213656 177.421552 0.000000
1692985465877505468 176.998348 0.000000
1692985466055444359 177.141646 0.000000
1692985466180393609 177.098465 0.000000
1692985466535648035 177.441590 0.000000
1692985466661551332 177.140954 0.000000
1692985466676746993 177.285967 0.000000
1692985466765643096 177.268165 0.000000
1692985466853930890 176.985916 0.000000
1692985466943275294 177.065926 0.000000
1692985467031598522 177.132148 0.000000
1692985467068138221 177.107482 0.000000
1692985467068181382 177.102533 0.000000
1692985467386889694 177.028664 0.000000
1692985467652774748 177.227298 0.000000
1692985467868071321 177.565711 0.000000
1692985467918484471 176.909660 0.000000
1692985467956728876 177.158086 0.000000
1692985468007612508 177.085690 0.000000
1692985468096905054 176.969061 0.000000
1692985468400591162 177.108996 0.000000
1692985468451754369 177.003568 0.000000
1692985468628651117 176.894243 0.000000
1692985468805860439 177.272952 0.000000
1692985468844337141 177.403898 0.000000
1692985469110641321 177.288052 0.000000
1692985469339010034 177.106612 0.000000
1692985469377206809 177.573175 0.000000
1692985469377227227 177.593173 0.000000
1692985469643382196 177.302748 0.000000
1692985469693752436 177.048842 0.000000
1692985469871101602 176.928517 0.000000
1692985469909892732 177.241935 0.000000
1692985469998690932 177.364945 0.000000
1692985470265040375 177.407795 0.000000
1692985470265068908 177.431148 0.000000
1692985470353896623 177.055164 0.000000
1692985470492420696 177.063942 0.000000
1692985470569530911 177.088397 0.000000
1692985470669827799 177.071474 0.000000
1692985470847170713 177.298490 0.000000
1692985471013477986 177.290716 0.000000
1692985471024670571 177.013125 0.000000
1692985471153108121 177.400862 0.000000
1692985471153128549 177.417974 0.000000
1692985471191124799 177.645360 0.000000
1692985471290803499 177.158336 0.000000
1692985471330602498 176.883321 0.000000
1692985471368440482 177.313098 0.000000
1692985471419455841 177.428524 0.000000
1692985471912021269 177.212777 0.000000
1692985471952125291 177.176089 0.000000
1692985472041126601 177.199443 0.000000
1692985472089641282 177.228248 0.000000
1692985472266970430 177.095049 0.000000
1692985472355759884 177.293002 0.000000
1692985472485033783 177.247005 0.000000
1692985472622119679 177.548590 0.000000
1692985472662531657 177.097613 0.000000
1692985472750759198 177.104748 0.000000
1692985472751184345 176.927786 0.000000
1692985472799582016 177.258356 0.000000
1692985472928311525 177.089630 0.000000
1692985472976682616 177.147988 0.000000
1692985473065543873 177.015369 0.000000
1692985473105562355 177.216997 0.000000
1692985473105593904 177.172173 0.000000
1692985473243116347 177.167715 0.000000
1692985473460747448 177.560613 0.000000
1692985473686996909 177.230914 0.000000
1692985473767532449 177.220745 0.000000
1692985473904926531 177.339988 0.000000
1692985473952901793 177.200959 0.000000
1692985474172230678 177.422856 0.000000
1692985474349266734 177.064480 0.000000
1692985474396927074 177.264186 0.000000
1692985474752386261 177.562284 0.000000
1692985475018322601 177.229401 0.000000
1692985475195654304 177.012014 0.000000
1692985475284289418 177.099047 0.000000
1692985475414758898 177.301366 0.000000
1692985475592097134 177.006674 0.000000
1692985475680852603 176.875859 0.000000
1692985475727982119 177.222981 0.000000
1692985475858699373 176.927245 0.000000
1692985475905890353 177.476494 0.000000
1692985476124447921 176.983138 0.000000
1692985476390689434 177.164862 0.000000
1692985476527817366 177.402405 0.000000
1692985476527868833 177.434195 0.000000
1692985476705155651 176.962712 0.000000
1692985477326486206 177.232917 0.000000
1692985477592944804 177.173757 0.000000
1692985477812626560 177.321514 0.000000
1692985477859332079 177.316574 0.000000
1692985477990346933 177.130508 0.000000
1692985478036778146 177.244078 0.000000
1692985478167471736 177.069258 0.000000
1692985478208834468 177.394861 0.000000
1692985478344812927 177.337855 0.000000
1692985478657858583 177.223270 0.000000
1692985479013350522 177.162284 0.000000
1692985479233433379 177.566913 0.000000
1692985479279513206 177.264537 0.000000
1692985479410510504 177.037210 0.000000
1692985479431850724 177.372386 0.000000
1692985479500089127 177.723428 0.000000
1692985479588789312 176.727640 0.000000
1692985479677001444 176.899973 0.000000
1692985479765539816 176.858346 0.000000
1692985479964273776 177.323457 0.000000
1692985480073742391 177.133911 0.000000
1692985480120329348 177.005921 0.000000
1692985480339733243 177.102713 0.000000
1692985480408078536 177.094337 0.000000
1692985480522204261 177.479590 0.000000
1692985480564522697 177.018387 0.000000
1692985480564538686 177.640824 0.000000
1692985480831293180 177.011103 0.000000
1692985480876941146 176.905895 0.000000
1692985480877359841 176.801319 0.000000
1692985480920103532 176.999219 0.000000
1692985480940301181 177.090030 0.000000
1692985481206322338 177.268213 0.000000
1692985481275294747 177.485121 0.000000
1692985481409523164 177.160041 0.000000
1692985481630589708 177.341353 0.000000
1692985481649750683 177.235373 0.000000
1692985481849317244 177.184236 0.000000
1692985482163471699 177.549963 0.000000
1692985482474916013 177.367892 0.000000
1692985482518550404 177.305825 0.000000
1692985482563426263 177.152187 0.000000
1692985482714666395 177.185808 0.000000
1692985482737525244 177.159719 0.000000
1692985482784795691 177.121587 0.000000
1692985482829370907 177.058400 0.000000
1692985483006441020 177.084921 0.000000
1692985483095412303 176.856853 0.000000
1692985483139672437 176.988047 0.000000
1692985483272569599 177.153548 0.000000
1692985483317223592 177.226486 0.000000
1692985483449923474 176.913730 0.000000
1692985483494379355 177.204845 0.000000
1692985483627009055 177.082375 0.000000
1692985483672419717 177.096292 0.000000
1692985484159896275 176.958892 0.000000
1692985484205218020 176.950798 0.000000
1692985484336370520 176.850400 0.000000
1692985484382838083 177.047329 0.000000
1692985484471567664 177.029366 0.000000
1692985484514170112 176.981087 0.000000
1692985484559939795 177.098697 0.000000
1692985484602637851 177.034325 0.000000
1692985484648627007 176.907558 0.000000
1692985484779980466 177.360418 0.000000
1692985484868870646 177.335449 0.000000
1692985484915014593 176.995432 0.000000
1692985485092465379 176.987188 0.000000
1692985485135070029 177.091191 0.000000
1692985485181625337 177.436440 0.000000
1692985485358936912 177.310463 0.000000
1692985485400914517 177.028214 0.000000
1692985485625262131 177.003367 0.000000
1692985486022265952 177.133060 0.000000
1692985486111551827 177.386036 0.000000
1692985486199749169 177.017774 0.000000
1692985486247308560 177.461517 0.000000
1692985486336039362 177.117672 0.000000
1692985486554474030 177.229922 0.000000
1692985486554767821 176.909570 0.000000
1692985486643533631 176.747919 0.000000
1692985486691388214 177.395142 0.000000
1692985486731679978 176.910054 0.000000
1692985486820344357 177.201679 0.000000
1692985486998144599 177.164440 0.000000
1692985487402326881 176.955279 0.000000
1692985487530565778 177.370997 0.000000
1692985487579509492 177.181180 0.000000
1692985487846141007 176.841125 0.000000
1692985488062460959 177.000993 0.000000
1692985488111897488 177.254158 0.000000
1692985488289181141 177.077847 0.000000
1692985488466458214 177.268336 0.000000
1692985488466615659 177.103106 0.000000
1692985488466645064 176.971620 0.000000
1692985488772135704 177.014488 0.000000
1692985489215999713 176.910733 0.000000
1692985489570624447 176.868504 0.000000
1692985490063178568 177.169789 0.000000
1692985490063205579 177.214172 0.000000
1692985490103055484 177.129304 0.000000
1692985490329308481 177.275227 0.000000
1692985490369135704 177.110638 0.000000
1692985490369162484 177.095420 0.000000
1692985490418195447 177.235452 0.000000
1692985490418221255 177.225033 0.000000
1692985490506589028 177.054955 0.000000
1692985490506904079 176.968702 0.000000
1692985490527879476 177.286548 0.000000
1692985490861335540 177.078538 0.000000
1692985490861373011 177.147478 0.000000
1692985490882840944 177.331363 0.000000
1692985490901861314 177.474392 0.000000
1692985490951125510 177.368642 0.000000
1692985491039446334 176.951079 0.000000
1692985491304668577 177.171073 0.000000
1692985491345212032 176.969274 0.000000
1692985491661342241 177.230222 0.000000
1692985491788703324 176.852284 0.000000
1692985491836935506 177.056799 0.000000
1692985491838496112 176.894124 0.000000
1692985491965992187 177.246814 0.000000
1692985492054584892 177.204415 0.000000
1692985492676124670 177.085190 0.000000
1692985492725973503 177.858411 0.000000
1692985492764655579 176.878903 0.000000
1692985493031140027 177.302409 0.000000
1692985493119417179 177.296247 0.000000
1692985493474213635 176.900255 0.000000
1692985493563168929 177.213272 0.000000
1692985493702953576 177.233770 0.000000
1692985494185177968 177.272420 0.000000
1692985494273923649 177.153208 0.000000
1692985494273950870 177.197471 0.000000
1692985494362724293 177.110859 0.000000
1692985494412842812 177.163768 0.000000
1692985494451049306 177.011834 0.000000
1692985494767613961 177.043785 0.000000
1692985494767663434 176.946462 0.000000
1692985494984041745 177.500638 0.000000
1692985495122198188 177.008317 0.000000
1692985495250255045 177.267432 0.000000
1692985495299811930 177.016252 0.000000
1692985495516270893 177.067378 0.000000
1692985495565925070 177.350367 0.000000
1692985495591265582 177.294773 0.000000
1692985495693819423 177.000763 0.000000
1692985495782645845 177.066014 0.000000
1692985495832570329 177.472728 0.000000
1692985495871435981 177.143951 0.000000
1692985495921444331 177.218360 0.000000
1692985496048709614 177.209723 0.000000
1692985496137428815 177.054022 0.000000
1692985496226118040 176.906034 0.000000
1692985496365135497 177.272742 0.000000
1692985496809490189 177.354137 0.000000
1692985496847674741 177.175701 0.000000
1692985497100694845 177.457559 0.000000
1692985497164821548 177.450896 0.000000
1692985497253856051 177.428975 0.000000
1692985497342214456 177.291418 0.000000
1692985497431448331 177.539801 0.000000
1692985497468385085 176.912537 0.000000
1692985497823301677 177.146706 0.000000
1692985498355999373 177.330481 0.000000
1692985498409494602 177.442500 0.000000
1692985498409506464 177.477617 0.000000
1692985498432135762 177.337072 0.000000
1692985498533372864 177.371096 0.000000
1692985498533400766 177.050705 0.000000
1692985498764808487 177.418684 0.000000
1692985498942231001 177.258587 0.000000
1692985498977250880 177.165291 0.000000
1692985498977309009 177.147338 0.000000
1692985499031044209 177.231095 0.000000
1692985499065819239 177.271430 0.000000
1692985499119716713 177.036880 0.000000
1692985499119754333 177.020780 0.000000
1692985499230625498 177.249408 0.000000
1692985499386009531 177.483708 0.000000
1692985499687044589 177.334368 0.000000
1692985499829755009 177.088406 0.000000
1692985499918163368 176.790518 0.000000
1692985499918236164 176.928446 0.000000
1692985500006688364 176.931321 0.000000
1692985500118657409 177.652736 0.000000
1692985500184560442 177.205788 0.000000
1692985500397862417 177.291668 0.000000
1692985500473623523 177.357321 0.000000
1692985500716777848 177.221346 0.000000
1692985500753140756 177.434716 0.000000
1692985500894719566 177.473570 0.000000
1692985501072034738 177.312979 0.000000
1692985501426583289 177.144842 0.000000
1692985501552086106 177.028113 0.000000
1692985501552135629 177.067687 0.000000
1692985501692811374 177.107171 0.000000
1692985502225892350 177.391815 0.000000
1692985502351327141 177.231897 0.000000
1692985502617795909 177.108405 0.000000
1692985502783279880 177.158089 0.000000
1692985502936585295 177.330061 0.000000
1692985503114153842 177.122772 0.000000
1692985503238522474 177.336482 0.000000
1692985503771022493 177.223711 0.000000
1692985504837123528 177.233589 0.000000
1692985505070416165 177.488408 0.000000
1692985505247741274 177.323237 0.000000
1692985505281465936 177.376456 0.000000
1692985505602496945 177.268476 0.000000
1692985505725564527 177.629081 0.000000
1692985505902894727 177.377880 0.000000
1692985506157502209 177.103636 0.000000
1692985506169055420 177.346602 0.000000
1692985506169178751 177.407496 0.000000
1692985506435302171 177.343336 0.000000
1692985506579512124 177.740730 0.000000
1692985506790258268 177.254460 0.000000
1692985506967524578 177.125357 0.000000
1692985506967541540 176.962841 0.000000
1692985507234008164 177.489369 0.000000
1692985507500169586 177.240571 0.000000
1692985507556339651 177.177875 0.000000
1692985507588808257 177.127069 0.000000
1692985507677291086 176.940280 0.000000
1692985507765998967 177.072178 0.000000
1692985507854807206 177.040468 0.000000
1692985508000466677 177.505711 0.000000
1692985508089343854 177.366699 0.000000
1692985508121107329 177.392699 0.000000
1692985508444860492 177.357514 0.000000
1692985508622348918 177.289494 0.000000
1692985508732146129 177.453490 0.000000
1692985508742584812 177.179328 0.000000
1692985509009015527 177.100089 0.000000
1692985509066494676 177.479890 0.000000
1692985509066522959 177.570159 0.000000
1692985509097412215 177.125066 0.000000
1692985509097511100 176.947594 0.000000
1692985509540950346 176.985304 0.000000
1692985509629815020 177.094098 0.000000
1692985509777314341 176.993691 0.000000
1692985509777393499 177.190018 0.000000
1692985510221428551 177.333738 0.000000
1692985510221472052 177.384352 0.000000
1692985510330915139 177.316004 0.000000
1692985510428865569 176.877161 0.000000
1692985510487296012 177.148471 0.000000
1692985510517648351 176.858428 0.000000
1692985510665147209 177.058481 0.000000
1692985510931233961 176.971859 0.000000
1692985511020220584 176.938486 0.000000
1692985511197519496 177.266691 0.000000
1692985511218336626 177.120717 0.000000
1692985511317425631 177.197703 0.000000
1692985511463738136 176.947184 0.000000
1692985511463751060 177.385135 0.000000
1692985511463805362 177.075544 0.000000
1692985511661943836 177.024278 0.000000
1692985511761404809 176.966919 0.000000
1692985511907401481 176.971147 0.000000
1692985512173918952 177.048142 0.000000
1692985512351158614 177.237878 0.000000
1692985512383083169 177.223912 0.000000
1692985512440166175 177.466146 0.000000
1692985512560913508 177.194106 0.000000
1692985512560963882 177.087235 0.000000
1692985512617597757 177.244120 0.000000
1692985512617631350 177.079602 0.000000
1692985512738166935 177.011564 0.000000
1692985512795460917 177.278063 0.000000
1692985512826827837 177.092456 0.000000
1692985512884058810 177.494308 0.000000
1692985512884086051 177.497183 0.000000
1692985512884087795 177.551135 0.000000
1692985513239280587 177.242938 0.000000
1692985513416771358 177.355738 0.000000
1692985513537385691 177.394321 0.000000
1692985513793189533 177.170152 0.000000
1692985513803343020 177.219643 0.000000
1692985513861353385 177.318539 0.000000
1692985513950206497 177.162397 0.000000
1692985514127387920 176.970507 0.000000
1692985514305042750 177.116972 0.000000
1692985514305069890 177.071246 0.000000
1692985514780489166 177.111611 0.000000
1692985514780511748 177.004260 0.000000
1692985514838483983 177.549553 0.000000
1692985514926905836 177.079391 0.000000
1692985514957669637 177.021683 0.000000
1692985515401481680 177.193834 0.000000
1692985515460427890 177.536527 0.000000
1692985515549119610 177.148851 0.000000
1692985515578993070 176.994340 0.000000
1692985515904788524 177.944293 0.000000
1692985516081895393 177.095799 0.000000
1692985516259605486 177.063942 0.000000
1692985516437230059 177.221817 0.000000
1692985516456645152 177.083270 0.000000
1692985516467043848 177.127110 0.000000
1692985516733208596 177.268523 0.000000
1692985516999458876 177.427624 0.000000
1692985517088461789 177.236636 0.000000
1692985517443408899 177.368282 0.000000
1692985517532333204 177.230553 0.000000
1692985517620643059 177.095581 0.000000
1692985517859595438 177.452401 0.000000
1692985517886896986 177.239862 0.000000
1692985518037468806 176.987216 0.000000
1692985518241727837 176.973933 0.000000
1692985518303556212 177.385397 0.000000
1692985518480910376 177.071715 0.000000
1692985518569703218 177.032885 0.000000
1692985518924641739 177.103244 0.000000
1692985519013572158 177.230163 0.000000
1692985519102443627 177.294937 0.000000
1692985519130375154 177.511752 0.000000
1692985519130406553 177.508446 0.000000
1692985519190844631 177.238880 0.000000
1692985519209101500 177.409529 0.000000
1692985519813639324 177.407957 0.000000
1692985519928770166 177.032603 0.000000
1692985520106000759 177.048171 0.000000
1692985520346943528 177.453570 0.000000
1692985520701660685 177.137189 0.000000
1692985520701686103 177.242557 0.000000
1692985520993463593 177.846629 0.000000
1692985521056647599 177.261753 0.000000
1692985521145586772 177.226476 0.000000
1692985521411599716 177.227278 0.000000
1692985521526578473 177.457640 0.000000
1692985521526586338 177.508285 0.000000
1692985521588926630 176.884415 0.000000
1692985521677832332 177.152567 0.000000
1692985521854908899 177.074032 0.000000
1692985521855140924 176.888975 0.000000
1692985521881314586 177.025950 0.000000
1692985522032254608 176.865659 0.000000
1692985522121183622 176.761825 0.000000
1692985522475737666 176.906837 0.000000
1692985522591891184 177.370444 0.000000
1692985523097637772 177.527401 0.000000
1692985523274918881 177.279606 0.000000
1692985523363798072 177.239970 0.000000
1692985523452249093 177.327728 0.000000
1692985523719448640 177.394140 0.000000
1692985524102605492 177.039197 0.000000
1692985524191593796 177.151104 0.000000
1692985524252363185 177.243659 0.000000
1692985524369161121 177.005772 0.000000
1692985524546614944 177.390664 0.000000
1692985524546638248 177.446690 0.000000
1692985524546645601 177.400042 0.000000
1692985524635580516 176.952893 0.000000
1692985525078903344 176.905132 0.000000
1692985525079268669 176.886457 0.000000
1692985525316641354 177.307629 0.000000
1692985525317882381 177.609514 0.000000
1692985525938332730 177.411486 0.000000
1692985526028202550 177.178919 0.000000
1692985526028225373 177.203946 0.000000
1692985526116551667 177.019197 0.000000
1692985526144234911 177.183275 0.000000
1692985526144267462 177.213772 0.000000
1692985526205397836 177.197371 0.000000
1692985526293146629 177.299022 0.000000
1692985526383164867 177.120829 0.000000
1692985526410361567 177.252774 0.000000
1692985526560242365 177.075103 0.000000
1692985526854719748 177.142791 0.000000
1692985526915048258 177.321825 0.000000
1692985526943154846 177.213613 0.000000
1692985527003714430 177.080533 0.000000
1692985527536709916 177.321625 0.000000
1692985527536745843 177.339408 0.000000
1692985527625472177 176.970666 0.000000
1692985527742880029 177.456948 0.000000
1692985527742907681 177.376648 0.000000
1692985527803121486 177.131990 0.000000
1692985527803140753 177.567446 0.000000
1692985528453534693 177.322455 0.000000
1692985528692073897 177.530286 0.000000
1692985528869274255 176.796951 0.000000
1692985528869295024 177.218672 0.000000
1692985528958061885 176.952521 0.000000
1692985529074807934 177.112953 0.000000
1692985529252383164 177.096413 0.000000
1692985529402174551 177.264257 0.000000
1692985529490901106 177.060574 0.000000
1692985529490932074 177.288601 0.000000
1692985529579411445 176.843236 0.000000
1692985529696465526 177.303741 0.000000
1692985530023620367 177.062962 0.000000
1692985530140057116 177.061888 0.000000
1692985530290118039 177.417434 0.000000
1692985530406178163 177.091624 0.000000
1692985530583621354 177.048241 0.000000
1692985530645418800 177.224361 0.000000
1692985530672230890 177.142766 0.000000
1692985530672269122 177.217988 0.000000
1692985530672577610 177.034153 0.000000
1692985530760675618 177.051909 0.000000
1692985530938256829 176.901346 0.000000
1692985530938285443 177.607801 0.000000
1692985531000316025 177.205297 0.000000
1692985531178727002 177.164550 0.000000
1692985531443805202 177.150933 0.000000
1692985531533263831 176.751074 0.000000
1692985531559929217 177.420821 0.000000
1692985531560013965 177.555053 0.000000
1692985531710138018 177.078470 0.000000
1692985531887304120 176.748389 0.000000
1692985531888227621 177.154090 0.000000
1692985532003797917 177.328738 0.000000
1692985532092722614 177.414256 0.000000
1692985532359029461 177.400824 0.000000
1692985532359058776 177.341122 0.000000
1692985532420509863 177.383011 0.000000
1692985532598232770 176.877612 0.000000
1692985533069310627 177.268085 0.000000
1692985533219824871 177.188464 0.000000
1692985533308753865 177.129275 0.000000
1692985533424173660 177.132622 0.000000
1692985533513069836 177.212782 0.000000
1692985533690485374 177.278962 0.000000
1692985533956782394 176.924212 0.000000
1692985533956812781 176.742491 0.000000
1692985534045776629 177.108074 0.000000
1692985534907673322 177.028586 0.000000
1692985534933324545 177.426639 0.000000
1692985534996438049 176.950858 0.000000
1692985535022141321 177.050687 0.000000
1692985535084734037 177.058442 0.000000
1692985535111125828 177.015670 0.000000
1692985535199281725 177.148911 0.000000
1692985535199328623 177.144291 0.000000
1692985535262948345 177.060013 0.000000
1692985535618079730 177.584228 0.000000
1692985535732086124 177.571252 0.000000
1692985535883821466 176.770852 0.000000
1692985535909682744 177.087515 0.000000
1692985535909706809 177.133612 0.000000
1692985535972756392 176.974914 0.000000
1692985536061744659 177.244390 0.000000
1692985536327991223 177.453393 0.000000
1692985536353295495 177.120867 0.000000
1692985536416932149 177.271230 0.000000
1692985536416944592 177.336382 0.000000
1692985536442121968 177.134114 0.000000
1692985536530858022 177.038495 0.000000
1692985536708217309 177.329130 0.000000
1692985536797034003 177.052410 0.000000
1692985536797055804 177.115589 0.000000
1692985537038887429 177.576924 0.000000
1692985537151798609 177.052720 0.000000
1692985537240760176 177.381157 0.000000
1692985537305415210 177.630414 0.000000
1692985537417998024 177.201952 0.000000
1692985537418039612 177.286731 0.000000
1692985537595413696 176.920724 0.000000
1692985537660815117 177.499064 0.000000
1692985537660845584 177.442247 0.000000
1692985537772681069 177.230083 0.000000
1692985537772705054 176.819934 0.000000
1692985538193369948 177.256381 0.000000
1692985538193408199 177.298520 0.000000
1692985538216564586 177.139312 0.000000
1692985538216633535 177.214814 0.000000
1692985538483165522 177.615675 0.000000
1692985538637703329 177.442542 0.000000
1692985538660636357 177.319050 0.000000
1692985538726435686 177.101602 0.000000
1692985538992714188 177.388071 0.000000
1692985539169970481 176.990304 0.000000
1692985539460187719 177.216049 0.000000
1692985539525000888 177.246996 0.000000
1692985539815559213 177.322657 0.000000
1692985539880547199 176.893321 0.000000
1692985540259630022 177.421632 0.000000
1692985540970127681 177.318598 0.000000
1692985541147982629 177.065077 0.000000
1692985541480144628 177.205228 0.000000
1692985541568849471 177.194186 0.000000
1692985541657404747 176.985454 0.000000
1692985541858283150 177.311977 0.000000
1692985542189943417 177.196731 0.000000
1692985542302242920 177.388731 0.000000
1692985542302245575 177.351882 0.000000
1692985542367532533 177.074300 0.000000
1692985542633638933 177.025089 0.000000
1692985542746488398 177.358332 0.000000
1692985542923460907 176.915091 0.000000
1692985543279069739 177.369056 0.000000
1692985543344167222 177.154604 0.000000
1692985543367803631 177.316369 0.000000
1692985543722893616 177.030188 0.000000
1692985543811642866 176.847336 0.000000
1692985544055045266 177.467940 0.000000
1692985544143935229 177.557668 0.000000
1692985544167134224 177.118752 0.000000
1692985544232306138 177.161556 0.000000
1692985544255428561 177.158520 0.000000
1692985544432941915 177.142419 0.000000
1692985544498581693 176.900554 0.000000
1692985544610104502 177.135867 0.000000
1692985544854230470 177.393058 0.000000
1692985544876282545 177.067528 0.000000
1692985544876290610 176.928959 0.000000
1692985545120381462 176.726819 0.000000
1692985545142203497 177.048894 0.000000
1692985545209190482 177.106560 0.000000
1692985545319804937 177.016733 0.000000
1692985545319905987 177.129075 0.000000
1692985545674849919 177.332074 0.000000
1692985545852480604 177.091855 0.000000
1692985545941025209 177.006756 0.000000
1692985546207236876 177.313120 0.000000
1692985546275983791 177.368443 0.000000
1692985546296047199 177.149413 0.000000
1692985546384875215 177.278895 0.000000
1692985546562019150 177.214928 0.000000
1692985546719963845 177.211661 0.000000
1692985546739222072 177.200598 0.000000
1692985546827931404 176.780219 0.000000
1692985546897552712 177.179760 0.000000
1692985546897584632 177.172226 0.000000
1692985546916736599 176.810317 0.000000
1692985547164012404 177.323048 0.000000
1692985547341610609 176.999813 0.000000
1692985547341839638 177.252176 0.000000
1692985547449381731 177.252827 0.000000
1692985547626677196 176.938607 0.000000
1692985547696661582 177.239300 0.000000
1692985547715591144 177.090551 0.000000
1692985548051755978 177.299084 0.000000
1692985548140551252 177.012214 0.000000
1692985548140555100 177.012876 0.000000
1692985548426148979 177.091163 0.000000
1692985548761945433 177.267715 0.000000
1692985548781661087 177.318648 0.000000
1692985548781690472 177.300394 0.000000
1692985549205154095 177.189387 0.000000
1692985549383531810 177.280618 0.000000
1692985549560879525 177.053102 0.000000
1692985549581074558 177.252064 0.000000
1692985549649055558 176.751286 0.000000
1692985549669874803 177.067859 0.000000
1692985549826365862 177.307539 0.000000
1692985549847995245 176.968773 0.000000
1692985549848031262 176.983430 0.000000
1692985550003692997 177.128282 0.000000
1692985550092716438 177.323058 0.000000
1692985550092720125 177.352844 0.000000
1692985550092744340 177.242456 0.000000
1692985550114379515 177.210758 0.000000
1692985550558643096 177.437533 0.000000
1692985550824625797 177.062009 0.000000
1692985550824675059 176.947334 0.000000
1692985550913569219 176.903001 0.000000
1692985550981982870 177.707849 0.000000
1692985551248589399 177.261524 0.000000
1692985551426070513 177.536689 0.000000
1692985551514541842 176.937925 0.000000
1692985551691933508 177.212751 0.000000
1692985551869312859 176.952461 0.000000
1692985552136055054 177.220417 0.000000
1692985552579088749 177.082497 0.000000
1692985552667967320 177.115788 0.000000
1692985552756889384 177.363085 0.000000
1692985552779938888 177.255662 0.000000
1692985553046112955 177.256543 0.000000
1692985553046170764 177.290858 0.000000
1692985553112242785 177.314604 0.000000
1692985553312516782 177.118233 0.000000
1692985553489984061 176.969526 0.000000
1692985553556484363 177.159681 0.000000
1692985553578816966 177.010343 0.000000
1692985553733899764 177.413958 0.000000
1692985553756380183 177.562004 0.000000
1692985553845204192 177.172024 0.000000
1692985553911633503 176.943738 0.000000
1692985553933830419 177.468129 0.000000
1692985554089052018 177.192731 0.000000
1692985554377940563 177.443282 0.000000
1692985554466122548 176.876361 0.000000
1692985554554980219 177.066526 0.000000
1692985554622157912 177.310885 0.000000
1692985554732727402 177.244020 0.000000
1692985554909930986 177.236936 0.000000
1692985554909975108 177.196701 0.000000
1692985554977527084 177.242006 0.000000
1692985554998950130 177.259129 0.000000
1692985555176170716 177.207722 0.000000
1692985555264960821 177.059525 0.000000
1692985555619883094 176.952824 0.000000
1692985555708380020 176.964536 0.000000
1692985555866065880 177.195097 0.000000
1692985555954507361 177.055634 0.000000
1692985555974976910 177.223130 0.000000
1692985556152796930 177.345110 0.000000
1692985556241070957 177.022444 0.000000
1692985556310130789 177.306075 0.000000
1692985556576279950 177.080714 0.000000
1692985556862396347 177.327165 0.000000
1692985556931521811 177.527100 0.000000
1692985557020353745 177.287931 0.000000
1692985557286956035 177.428555 0.000000
1692985557395533981 177.423136 0.000000
1692985557552830191 177.234875 0.000000
1692985557928476360 177.213152 0.000000
1692985557928481169 177.241625 0.000000
1692985558174577341 177.089719 0.000000
1692985558263530842 177.108204 0.000000
1692985558352322549 177.107432 0.000000
1692985558461364588 177.127562 0.000000
1692985558461391609 177.211028 0.000000
1692985558529584453 177.230636 0.000000
1692985558706967073 176.912638 0.000000
1692985558727394413 177.213822 0.000000
1692985558993442785 176.926846 0.000000
1692985559062459216 177.840318 0.000000
1692985559239794467 177.291088 0.000000
1692985559239840223 177.349217 0.000000
1692985559328754240 177.212259 0.000000
1692985559348572337 177.536328 0.000000
1692985559614918837 177.294133 0.000000
1692985559684028503 177.375235 0.000000
1692985559969681372 177.110570 0.000000
1692985560305951364 177.259339 0.000000
1692985560502394962 177.056398 0.000000
1692985560572431003 176.836146 0.000000
1692985560591445425 177.172205 0.000000
1692985560679960806 177.340712 0.000000
1692985560749374650 177.128723 0.000000
1692985561104899765 177.190760 0.000000
1692985561123805221 177.058642 0.000000
1692985561193385952 176.773690 0.000000
1692985561193657411 176.989335 0.000000
1692985561300899270 177.031601 0.000000
1692985561301041016 177.134835 0.000000
1692985561370340006 177.269094 0.000000
1692985561389642698 177.144483 0.000000
1692985561459170397 177.161806 0.000000
1692985561547699191 177.019809 0.000000
1692985561547841899 176.815536 0.000000
1692985561567098434 177.083037 0.000000
1692985561567142397 177.095761 0.000000
1692985561744575592 176.974155 0.000000
1692985561902600056 177.445647 0.000000
1692985561991604203 177.354238 0.000000
1692985562080435665 177.006424 0.000000
1692985562099658917 177.333908 0.000000
1692985562169290263 176.965489 0.000000
1692985562277342180 177.114997 0.000000
1692985562435506758 177.324601 0.000000
1692985562544033198 176.982040 0.000000
1692985562809838103 177.191531 0.000000
1692985562809864152 176.834712 0.000000
