1692985415062840636 81.477814 589.072051 589 9273 0.000000
1692985416062795508 81.975726 583.026299 583 9855 0.000000
1692985417061045591 80.905681 595.041297 594 10449 0.000000
1692985418062906584 81.335542 589.902184 591 11040 0.000000
1692985419066270145 82.395077 589.018781 591 11631 0.000000
1692985420071098634 81.286408 583.184126 586 12217 0.000000
1692985421053743719 81.951501 588.208287 578 12795 0.000000
1692985422071162585 81.852641 584.813223 595 13390 0.000000
1692985423066209234 82.562014 585.902179 583 13976 0.000000
1692985424070648201 80.943772 588.388146 591 14564 0.000000
1692985425079786109 81.266191 590.603105 596 15160 0.000000
1692985426077896010 81.323303 589.113519 588 15748 0.000000
1692985427082931537 80.537908 598.983813 602 16350 0.000000
1692985428065063831 82.456844 584.442655 574 16936 0.000000
1692985429080092273 81.935243 585.205253 594 17518 0.000000
1692985430072422740 82.533544 578.436337 574 18092 0.000000
1692985431084071106 82.716084 581.229619 588 18680 0.000000
1692985432089033567 81.534724 590.071803 593 19273 0.000000
1692985433090505121 82.542322 577.150697 578 19851 0.000000
1692985434094603032 81.800048 583.608396 586 20440 0.000000
1692985435077462240 81.372594 600.289455 590 21027 0.000000
1692985436092553342 81.343109 590.094842 599 21626 0.000000
1692985437085091898 81.275811 584.360153 580 22206 0.000000
1692985438095436430 80.872326 598.805589 605 22811 0.000000
1692985439091861685 83.375067 566.023440 564 23375 0.000000
1692985440103958370 80.863974 598.757013 606 23981 0.000000
1692985441106479623 82.527258 582.531280 584 24572 0.000000
1692985442090444040 80.906827 598.598925 589 25154 0.000000
1692985443107276595 80.698801 595.968313 606 25760 0.000000
1692985444101216590 81.245808 585.548426 582 26342 0.000000
1692985445107220042 81.805990 589.461216 593 26935 0.000000
1692985446112679975 81.282415 576.850417 580 27515 0.000000
1692985447107545697 80.709364 606.111942 603 28118 0.000000
1692985448118310136 81.543664 578.769879 585 28703 0.000000
1692985449107252092 80.724117 607.720209 601 29304 0.000000
1692985450116540276 83.349170 565.745225 571 29883 0.000000
1692985451113739995 79.791752 606.698934 605 30480 0.000000
1692985452124638856 81.782989 592.541944 599 31079 0.000000
1692985453107143942 80.996321 591.345588 581 31661 0.000000
1692985454125243476 82.161653 586.386669 597 32257 0.000000
1692985455129595863 82.385103 570.516839 573 32830 0.000000
1692985456129508588 81.147910 600.052388 600 33430 0.000000
1692985457125147330 82.238191 581.536270 579 34009 0.000000
1692985458133767090 81.944948 586.940689 592 34601 0.000000
1692985459132207628 80.120194 589.919964 589 35190 0.000000
1692985460127225274 82.256954 592.954302 590 35780 0.000000
1692985461118420678 81.448541 594.231948 589 36369 0.000000
1692985462130093855 80.909284 589.123086 596 36965 0.000000
1692985463127135989 81.368381 586.735497 585 37556 0.000000
1692985464137938952 82.144880 588.640927 595 38145 0.000000
1692985465146732748 81.266772 589.813320 595 38740 0.000000
1692985466144422076 81.087211 590.364061 589 39329 0.000000
1692985467147847269 81.886775 586.989512 589 39918 0.000000
1692985468134599709 80.950736 595.894143 588 40506 0.000000
1692985469148683204 81.417465 585.750596 594 41100 0.000000
1692985470138101825 81.875342 589.234895 583 41683 0.000000
1692985471153717604 81.612781 590.774618 600 42283 0.000000
1692985472130337734 81.580472 588.765255 575 42858 0.000000
1692985473154742814 82.137241 578.872552 593 43451 0.000000
1692985474130924389 80.916759 599.273756 585 44036 0.000000
1692985475148824173 81.399455 590.431376 601 44637 0.000000
1692985476166078387 81.602236 579.009667 589 45229 0.000000
1692985477149423337 80.957476 601.009873 591 45817 0.000000
1692985478168075167 81.418879 584.105291 595 46412 0.000000
1692985479165572335 82.166102 581.455338 580 46992 0.000000
1692985480167732325 81.489072 599.704662 601 47593 0.000000
1692985481148546653 80.575256 591.345315 580 48173 0.000000
1692985482166899466 80.507773 597.042619 608 48781 0.000000
1692985483158700143 82.208460 579.753575 575 49356 0.000000
1692985484167319493 81.823743 590.906714 596 49952 0.000000
1692985485149803794 81.762031 581.179853 571 50531 0.000000
1692985486179093111 81.090591 586.812630 604 51127 0.000000
1692985487184658468 82.997990 584.745705 588 51720 0.000000
1692985488167060214 80.381421 602.604798 592 52307 0.000000
1692985489184362857 81.151862 591.760971 602 52909 0.000000
1692985490173141781 81.119435 584.559373 578 53487 0.000000
1692985491183337179 81.920288 586.025234 592 54079 0.000000
1692985492192695379 82.890459 574.622573 580 54662 0.000000
1692985493192758418 80.133592 605.961813 606 55265 0.000000
1692985494185677274 81.527879 583.129204 579 55844 0.000000
1692985495183281153 80.903771 596.429110 595 56439 0.000000
1692985496200258947 82.210283 578.183699 588 57034 0.000000
1692985497189272752 81.903948 591.498352 585 57619 0.000000
1692985498201461917 83.174481 581.907039 589 58201 0.000000
1692985499182556342 82.283839 578.945277 568 58769 0.000000
1692985500201217805 81.914584 588.026564 599 59369 0.000000
1692985501197540060 80.480951 599.203718 597 59965 0.000000
1692985502200332497 80.310689 595.337581 597 60562 0.000000
1692985503203465235 82.248333 576.194904 578 61140 0.000000
1692985504204207010 81.199174 595.558254 596 61736 0.000000
1692985505193058900 81.091402 594.628971 588 62324 0.000000
1692985506201490953 81.717667 587.049987 592 62916 0.000000
1692985507218135384 81.885888 572.471526 582 63514 0.000000
1692985508210055419 81.837018 602.871160 598 64096 0.000000
1692985509218624698 80.752406 591.927601 597 64693 0.000000
1692985510221810867 82.064497 581.148386 583 65276 0.000000
1692985511219114996 82.356729 589.589451 588 65864 0.000000
1692985512205911826 81.477608 584.720141 577 66441 0.000000
1692985513219045238 82.150228 581.364716 589 67030 0.000000
1692985514216693671 82.454504 582.369469 581 67611 0.000000
1692985515224362726 82.201576 595.433599 600 68211 0.000000
1692985516203899282 81.403598 587.012305 575 68786 0.000000
1692985517221628427 80.943524 584.634922 595 69389 0.000000
1692985518232774751 81.429316 583.496134 590 69984 0.000000
1692985519221944149 81.443568 606.569531 600 70571 0.000000
1692985520241837583 81.306514 583.394302 595 71166 0.000000
1692985521235179562 81.082636 589.927710 586 71752 0.000000
1692985522242005435 82.183575 588.979740 593 72345 0.000000
1692985523223815015 80.685965 595.838505 585 72930 0.000000
1692985524242762553 80.816514 584.917264 596 73526 0.000000
1692985525229178037 82.038406 589.001339 581 74107 0.000000
1692985526243100896 81.133783 596.692331 605 74712 0.000000
1692985527225608764 80.953541 593.379478 583 75295 0.000000
1692985528247781541 81.962037 584.049972 597 75892 0.000000
1692985529252823219 82.363891 576.095507 579 76471 0.000000
1692985530243779918 81.160976 596.393341 591 77062 0.000000
1692985531261836456 82.020597 575.606567 586 77648 0.000000
1692985532244157745 82.692061 594.510192 584 78232 0.000000
1692985533262493591 81.535091 588.214588 599 78831 0.000000
1692985534244536339 81.581842 586.532506 576 79407 0.000000
1692985535263116059 82.945638 577.274409 588 79995 0.000000
1692985536265151191 81.281268 587.803707 589 80584 0.000000
1692985537263175033 81.979747 588.162337 587 81171 0.000000
1692985538244894593 82.637742 579.595227 569 81740 0.000000
1692985539263113717 80.998401 592.210456 603 82343 0.000000
1692985540260148805 80.916325 595.766377 594 82937 0.000000
1692985541263796770 81.041417 593.833751 596 83533 0.000000
1692985542281410159 80.461086 590.597575 601 84138 0.000000
1692985543279069739 81.744759 587.374680 586 84720 0.000000
1692985544281156338 82.454606 583.781905 585 85305 0.000000
1692985545263899759 82.560530 581.026530 571 85876 0.000000
1692985546281375761 82.399565 583.797553 594 86470 0.000000
1692985547272249961 82.642507 578.277219 573 87043 0.000000
1692985548281894512 81.323668 592.287669 598 87641 0.000000
1692985549263205777 79.938822 603.274424 592 88233 0.000000
1692985550292284334 81.798852 587.904532 605 88838 0.000000
1692985551269925844 82.325583 582.012990 569 89407 0.000000
1692985552282366967 81.058368 588.676195 596 90003 0.000000
1692985553299407153 81.648859 581.097994 591 90602 0.000000
1692985554289797982 81.721002 600.772924 595 91189 0.000000
1692985555301200028 82.741591 576.427484 583 91772 0.000000
1692985556283306896 80.896724 587.512485 577 92349 0.000000
1692985557301630778 80.765116 594.113569 605 92961 0.000000
1692985558284234121 81.370700 602.481109 592 93546 0.000000
1692985559301485725 81.579346 578.028094 588 94134 0.000000
1692985560307085531 82.673681 575.775785 579 94713 0.000000
1692985561301766766 81.640056 599.186934 596 95309 0.000000
1692985562283670676 81.650004 591.707582 581 95890 0.000000
1692985563302199085 80.375931 583.194320 594 96484 0.000000
