1692973739816967613 202.796824 0.000000
1692973741899277882 202.673858 0.000000
1692973742731080250 202.856629 0.000000
1692973743856117559 202.634277 0.000000
1692973744064259926 202.783771 0.000000
1692973744847398305 202.643448 0.000000
1692973745810773111 202.556929 0.000000
1692973746188001076 202.685394 0.000000
1692973746527697285 202.674838 0.000000
1692973746751900661 202.610378 0.000000
1692973748212693654 202.627525 0.000000
1692973752725600131 202.818299 0.000000
1692973752852501853 202.703823 0.000000
1692973753736637684 202.673776 0.000000
1692973753960342517 202.739535 0.000000
1692973754809685601 202.698037 0.000000
1692973755329372531 202.790536 0.000000
1692973755641321006 202.863958 0.000000
1692973755791208446 202.738480 0.000000
1692973757286563191 202.713710 0.000000
1692973757903487330 202.793131 0.000000
1692973758568318316 202.761650 0.000000
1692973759897330943 202.839932 0.000000
1692973761540951737 202.764278 0.000000
1692973761568809356 202.666731 0.000000
1692973762337658189 202.821375 0.000000
1692973763186386912 202.711115 0.000000
1692973763278988413 202.844664 0.000000
1692973764236982245 202.826200 0.000000
1692973764818099316 202.653125 0.000000
1692973765150217863 202.613685 0.000000
1692973766590957093 202.606997 0.000000
1692973767083783394 202.980101 0.000000
1692973768012811987 202.758698 0.000000
1692973768529910837 202.588832 0.000000
1692973768734404524 202.816212 0.000000
1692973769224736506 202.756572 0.000000
1692973769397423794 202.632458 0.000000
1692973771548960127 202.755643 0.000000
1692973771632469961 202.705651 0.000000
1692973773621048878 202.560567 0.000000
1692973774309175057 202.682795 0.000000
1692973774895746530 202.782388 0.000000
1692973775283500175 202.912666 0.000000
1692973775519693752 202.764710 0.000000
1692973775906749691 202.665740 0.000000
1692973777264581180 202.747535 0.000000
1692973780801479836 202.677113 0.000000
1692973780932545998 202.786263 0.000000
1692973781215565601 202.775121 0.000000
1692973781251910026 202.825294 0.000000
1692973781565307727 202.623979 0.000000
1692973782148600532 202.603707 0.000000
1692973782304609832 202.712605 0.000000
1692973783322762554 202.659374 0.000000
1692973784076188678 202.723989 0.000000
1692973786070687232 202.751548 0.000000
1692973786228531241 202.774337 0.000000
1692973787066864313 202.611927 0.000000
1692973787652167364 202.820719 0.000000
1692973788488700993 202.824462 0.000000
1692973788783846778 202.725551 0.000000
1692973789886689212 202.685883 0.000000
1692973789960385036 202.638474 0.000000
1692973790757068600 202.710180 0.000000
1692973791609055634 202.651186 0.000000
1692973792379183854 202.819184 0.000000
1692973792388243411 202.765047 0.000000
1692973794335885485 202.701193 0.000000
1692973796280179166 202.777409 0.000000
1692973796834283341 202.649306 0.000000
1692973797388064922 202.743369 0.000000
1692973797734322662 202.677752 0.000000
1692973798953139000 202.789231 0.000000
1692973799321490212 202.745855 0.000000
1692973801092921985 202.653382 0.000000
1692973803946996785 202.732983 0.000000
1692973804844126552 202.904909 0.000000
1692973805271712380 202.700541 0.000000
1692973805808173322 202.619071 0.000000
1692973806280755525 202.697153 0.000000
1692973809069140562 202.641872 0.000000
1692973810424596120 202.796823 0.000000
1692973810553079838 202.743499 0.000000
1692973810904336417 202.788349 0.000000
1692973812452497076 202.664578 0.000000
1692973814683933509 202.769066 0.000000
1692973814822719367 202.760681 0.000000
1692973818091554977 202.913009 0.000000
1692973820134032611 202.941533 0.000000
1692973820527765258 202.741259 0.000000
1692973821043536521 202.771784 0.000000
1692973821721435846 202.694148 0.000000
1692973822293227793 202.633097 0.000000
1692973822793971445 202.789185 0.000000
1692973826190513208 202.848237 0.000000
1692973826676024975 203.236778 0.000000
1692973827245216672 202.775602 0.000000
1692973828113422719 202.853842 0.000000
1692973828332981970 202.667154 0.000000
1692973828876991260 202.803432 0.000000
1692973829928982527 202.891076 0.000000
1692973830593615666 202.734852 0.000000
1692973832457242683 202.710689 0.000000
1692973832527410498 202.593737 0.000000
1692973832930569473 202.640226 0.000000
1692973834028269150 202.684888 0.000000
1692973834686481759 202.805611 0.000000
1692973835081571608 202.758649 0.000000
1692973835350647839 202.760555 0.000000
1692973840007017261 202.783749 0.000000
1692973840208222117 202.697544 0.000000
1692973840267375253 202.729653 0.000000
1692973840693702819 202.640370 0.000000
1692973841317765358 202.690547 0.000000
1692973842741281641 202.654262 0.000000
1692973842817693922 202.620023 0.000000
1692973843550778716 202.756862 0.000000
1692973843959095530 202.673668 0.000000
1692973844751182395 202.669223 0.000000
1692973845085459701 202.818540 0.000000
1692973847191553589 202.831542 0.000000
1692973847317793429 202.710659 0.000000
1692973851127818928 202.705350 0.000000
1692973852288256502 202.740320 0.000000
1692973853044951253 202.847775 0.000000
1692973853597103558 202.762873 0.000000
1692973855612182160 202.669957 0.000000
1692973856404179315 202.703756 0.000000
1692973858825845690 202.679927 0.000000
1692973859894552601 202.615026 0.000000
1692973860207966693 202.783774 0.000000
1692973861149233173 202.727779 0.000000
1692973862925514914 202.782252 0.000000
1692973863257652973 202.797756 0.000000
1692973863442223558 202.812177 0.000000
1692973865157963909 202.814314 0.000000
1692973865453553495 202.569372 0.000000
1692973865677610412 202.728155 0.000000
1692973865823380595 202.896454 0.000000
1692973867115866732 202.623902 0.000000
1692973870570360324 202.772784 0.000000
1692973871196323508 202.708474 0.000000
1692973871917252068 202.774248 0.000000
1692973872969890018 202.667523 0.000000
1692973873689040710 202.719186 0.000000
1692973874298764008 202.792502 0.000000
1692973874374841593 202.897893 0.000000
1692973875571294642 202.683454 0.000000
1692973877290841323 202.705637 0.000000
1692973877401144834 202.934741 0.000000
1692973878436210412 202.848005 0.000000
1692973878694164031 202.668727 0.000000
1692973878879361323 203.108151 0.000000
1692973879119044418 202.957002 0.000000
1692973883625142294 202.854665 0.000000
1692973884640635126 202.702990 0.000000
1692973885175771267 202.848081 0.000000
1692973885840640237 202.851883 0.000000
