1692982320094437441 109.436973 152.176366 150 16 0.000000
1692982321106963907 109.254855 145.181386 147 16 0.000000
1692982322047190615 108.233833 149.963839 141 16 0.000000
1692982323060684680 108.811663 143.069413 145 16 0.000000
1692982324073813519 112.994590 144.108027 146 16 0.000000
1692982325087066160 106.880978 150.998867 153 16 0.000000
1692982326100029292 107.990728 144.131596 146 16 0.000000
1692982327114057656 105.763728 151.869507 154 16 0.000000
1692982328053712519 105.960869 151.119335 142 16 0.000000
1692982329067518390 110.208456 146.970918 149 16 0.000000
1692982330079905708 107.771473 147.176876 149 16 0.000000
1692982331093245271 103.914551 153.946434 156 16 0.000000
1692982332106423246 106.382903 151.010002 153 16 0.000000
1692982333119156449 108.521102 146.139179 148 16 0.000000
1692982334130963569 115.199746 133.424639 135 16 0.000000
1692982335073230794 110.297915 149.639055 141 16 0.000000
1692982336085722138 110.440076 146.174111 148 16 0.000000
1692982337098436145 109.971764 144.167060 146 16 0.000000
1692982338111564388 110.661622 147.069236 149 16 0.000000
1692982339124407987 107.017596 146.123243 148 16 0.000000
1692982340136810212 110.144385 149.150197 151 16 0.000000
1692982341076934902 109.007072 146.789039 138 16 0.000000
1692982342089801248 105.677482 152.043771 154 16 0.000000
1692982343102224305 109.032136 142.233032 144 16 0.000000
1692982344113678960 105.398020 151.267286 153 16 0.000000
1692982345127565448 112.173173 146.959252 149 16 0.000000
1692982346141404440 108.563511 147.952481 150 16 0.000000
1692982347082085805 104.760941 152.017470 143 15 0.000000
1692982348096794454 121.071018 132.057609 134 16 0.000000
1692982349110994618 105.961515 152.829775 155 16 0.000000
1692982350122828073 112.923370 137.374405 139 16 0.000000
1692982351135499146 107.540550 150.098099 152 16 0.000000
1692982352148093415 114.087577 140.233858 142 16 0.000000
1692982353160387538 109.708701 145.214712 147 16 0.000000
1692982354100992068 109.023246 148.840448 140 16 0.000000
1692982355113791479 108.246318 145.142243 147 16 0.000000
1692982356126456512 114.802688 141.211551 143 16 0.000000
1692982357139350307 111.231294 143.154222 145 16 0.000000
1692982358152199894 110.988566 144.147761 146 16 0.000000
1692982359165801007 114.709502 140.094558 142 16 0.000000
1692982360106357563 107.209300 147.784834 139 16 0.000000
1692982361119061194 110.495400 144.168541 146 16 0.000000
1692982362131598081 108.975649 146.167514 148 16 0.000000
1692982363145021374 107.102524 149.986685 152 16 0.000000
1692982364158323223 105.985698 150.991534 153 16 0.000000
1692982365171351028 112.858183 141.160979 143 16 0.000000
1692982366112383372 108.997582 148.772782 140 16 0.000000
1692982367125182980 110.501393 142.180148 144 16 0.000000
1692982368137915631 112.678930 145.151837 147 16 0.000000
1692982369150219718 109.697008 145.213279 147 16 0.000000
1692982370163710005 109.034245 146.030015 148 16 0.000000
1692982371177164828 109.247962 147.021848 149 16 0.000000
1692982372189524179 111.308236 141.254167 143 16 0.000000
1692982373130395369 111.619632 148.798292 140 16 0.000000
1692982374143572946 104.943451 149.036065 151 16 0.000000
1692982375156949206 110.475670 146.046322 148 16 0.000000
1692982376169645149 105.011010 153.056928 155 16 0.000000
1692982377181509594 107.279582 147.252926 149 16 0.000000
1692982378195709091 112.781180 142.969898 145 16 0.000000
1692982379136411192 113.707081 141.383746 133 16 0.000000
1692982380149272374 108.254588 147.108030 149 16 0.000000
1692982381162073852 107.758432 147.116690 149 16 0.000000
1692982382174785339 112.298882 141.205075 143 16 0.000000
1692982383187397972 109.213280 147.144092 149 16 0.000000
1692982384200724327 110.441262 146.053647 148 16 0.000000
1692982385141052579 111.733542 142.503429 134 16 0.000000
1692982386153504145 108.537823 150.130662 152 16 0.000000
1692982387166807356 109.767663 143.096351 145 16 0.000000
1692982388179289983 113.108423 140.249323 142 16 0.000000
1692982389193250210 112.797773 143.003641 145 16 0.000000
1692982390206212841 112.169415 145.118878 147 16 0.000000
1692982391218675381 106.070504 148.153629 150 16 0.000000
1692982392159501496 104.542210 155.182744 146 16 0.000000
1692982393172343375 107.537530 148.098152 150 16 0.000000
1692982394185048910 106.333030 147.130632 149 16 0.000000
1692982395198155981 107.796027 152.994691 155 16 0.000000
1692982396211613684 106.865665 148.994841 151 16 0.000000
1692982397223446855 108.007330 146.269180 148 16 0.000000
1692982398164200274 109.543476 146.690954 138 16 0.000000
1692982399177292670 103.916096 153.983988 156 16 0.000000
1692982400190377187 110.239433 145.101395 147 16 0.000000
1692982401203660527 106.611519 150.007400 152 16 0.000000
1692982402216353010 110.724118 145.157590 147 16 0.000000
1692982403229098275 105.667191 150.087120 152 16 0.000000
1692982404170146986 108.808479 147.707555 139 16 0.000000
1692982405183284555 110.747152 145.093800 147 16 0.000000
1692982406196533143 109.797493 143.104070 145 16 0.000000
1692982407209860657 109.264037 149.014033 151 16 0.000000
1692982408222923994 109.265692 147.078665 149 16 0.000000
1692982409235976911 105.693147 152.015750 154 16 0.000000
1692982410248002476 105.264097 143.277014 145 16 0.000000
1692982411189698018 108.533311 152.915640 144 16 0.000000
1692982412202427394 107.307286 149.102048 151 16 0.000000
1692982413215829068 107.135204 149.989885 152 16 0.000000
1692982414229330601 105.964381 152.935140 155 16 0.000000
1692982415241730614 113.491525 142.236269 144 16 0.000000
1692982416254550459 110.469823 144.151992 146 16 0.000000
1692982417195494387 107.769428 147.724001 139 16 0.000000
1692982418208446234 110.505208 144.133209 146 16 0.000000
1692982419221176841 107.059748 150.089271 152 16 0.000000
1692982420234599696 107.403731 148.999991 151 16 0.000000
1692982421248370732 110.064982 144.016739 146 16 0.000000
1692982422261148999 110.012498 144.157915 146 16 0.000000
1692982423202371320 110.336255 147.680305 139 16 0.000000
1692982424215627986 104.287553 151.985184 154 16 0.000000
1692982425228203975 108.497237 148.137030 150 16 0.000000
1692982426241031711 109.221843 147.112875 149 16 0.000000
1692982427254146487 104.534432 152.993529 155 16 0.000000
1692982428266950772 109.949009 144.154184 146 16 0.000000
1692982429278202824 108.710975 145.364355 147 16 0.000000
1692982430219879191 112.645807 146.547183 138 16 0.000000
1692982431232148023 108.508669 146.206198 148 16 0.000000
1692982432244793913 110.781603 143.189264 145 16 0.000000
1692982433257813870 117.916201 136.226321 138 16 0.000000
1692982434270733468 108.761591 149.074047 151 16 0.000000
1692982435283945146 103.159624 152.978890 155 16 0.000000
1692982436224542462 108.012308 148.841587 140 16 0.000000
1692982437237788599 106.596203 150.012913 152 16 0.000000
1692982438250819130 104.968674 151.031963 153 16 0.000000
1692982439263487436 110.965154 144.173571 146 16 0.000000
1692982440276550656 109.695539 149.052892 151 16 0.000000
1692982441289215258 107.508394 144.174071 146 16 0.000000
1692982442299440859 111.633879 136.603154 138 16 0.000000
1692982443242494974 106.821364 157.997292 149 16 0.000000
1692982444255163568 106.589217 150.098487 152 16 0.000000
1692982445267892296 101.814786 159.963841 162 16 0.000000
1692982446280464459 107.292518 149.125194 151 16 0.000000
1692982447293484600 108.018832 146.097787 148 16 0.000000
1692982448306118713 109.215072 147.141000 149 16 0.000000
1692982449246865874 104.200219 152.006841 143 16 0.000000
1692982450259381311 106.592203 154.071724 156 16 0.000000
1692982451271818900 109.222139 145.194136 147 16 0.000000
1692982452284478577 108.017659 146.149771 148 16 0.000000
1692982453296905710 112.484205 142.232451 144 16 0.000000
1692982454310015158 106.623223 148.059052 150 16 0.000000
1692982455251016008 109.059838 148.777752 140 16 0.000000
1692982456263860692 112.521688 142.173831 144 16 0.000000
1692982457276884984 111.191164 147.084335 149 16 0.000000
1692982458289706763 102.191738 153.037783 155 16 0.000000
1692982459303130069 111.249069 145.052898 147 16 0.000000
1692982460315834422 110.727283 145.155899 147 16 0.000000
1692982461328511832 109.258329 145.159750 147 16 0.000000
1692982462269541368 112.041624 141.334561 133 16 0.000000
1692982463283017343 113.115241 142.085246 144 16 0.000000
1692982464296240633 110.741001 145.081538 147 16 0.000000
1692982465309368429 103.894541 153.978611 156 16 0.000000
1692982466322192581 104.072962 153.037416 155 16 0.000000
1692982467335487535 108.548024 150.005710 152 16 0.000000
1692982468276337724 110.158739 142.424375 134 16 0.000000
