1692972144308918980 176.710461 0.000000
1692972144430417581 176.594799 0.000000
1692972144485396110 176.461510 0.000000
1692972144574030488 176.545393 0.000000
1692972144646399035 176.598922 0.000000
1692972144734889097 176.619782 0.000000
1692972144734913755 176.793576 0.000000
1692972144750848275 176.421380 0.000000
1692972144823313236 176.648850 0.000000
1692972145088742167 176.955112 0.000000
1692972145104444592 176.640089 0.000000
1692972145104524854 176.567570 0.000000
1692972145265536859 176.848869 0.000000
1692972145369685680 176.677931 0.000000
1692972145546234502 176.576075 0.000000
1692972145546311441 176.590558 0.000000
1692972145707752810 176.778678 0.000000
1692972145722763072 176.437007 0.000000
1692972145795992745 176.630922 0.000000
1692972145811461648 176.528939 0.000000
1692972146149798344 176.654181 0.000000
1692972146238303395 176.662866 0.000000
1692972146238379207 176.697382 0.000000
1692972146252831827 176.573834 0.000000
1692972146341328910 176.683338 0.000000
1692972146429468923 176.537850 0.000000
1692972146430185529 176.797229 0.000000
1692972146503619497 176.701210 0.000000
1692972146517893362 176.548115 0.000000
1692972146680232934 176.643972 0.000000
1692972146695268389 176.624356 0.000000
1692972146768944225 176.753146 0.000000
1692972147034105182 176.712085 0.000000
1692972147048755100 176.449656 0.000000
1692972147225429719 176.859914 0.000000
1692972147313770859 176.594552 0.000000
1692972147314029024 176.580895 0.000000
1692972147402389044 176.534477 0.000000
1692972147667848288 176.704652 0.000000
1692972147756595152 176.962262 0.000000
1692972147844414875 176.611577 0.000000
1692972147844500845 176.626085 0.000000
1692972147844787191 176.438655 0.000000
1692972147932718529 176.490886 0.000000
1692972148006643874 176.676577 0.000000
1692972148198060821 176.439110 0.000000
1692972148320621380 176.565159 0.000000
1692972148359886016 176.505735 0.000000
1692972148374318555 176.525546 0.000000
1692972148374571262 176.752824 0.000000
1692972148463117855 176.642438 0.000000
1692972148537119819 176.502553 0.000000
1692972148551208147 176.642693 0.000000
1692972148727712479 176.487462 0.000000
1692972148890522739 176.489096 0.000000
1692972148904508910 176.525928 0.000000
1692972149081087069 176.563229 0.000000
1692972149170196269 176.704247 0.000000
1692972149257724219 176.623032 0.000000
1692972149469909597 176.536100 0.000000
1692972149523656618 176.418893 0.000000
1692972149612450565 176.688991 0.000000
1692972149685804001 176.501485 0.000000
1692972149699873050 176.650792 0.000000
1692972149774765443 176.623263 0.000000
1692972149964961030 176.677053 0.000000
1692972150231247887 176.627888 0.000000
1692972150318438323 176.500744 0.000000
1692972150658807028 176.792120 0.000000
1692972150672011627 176.570680 0.000000
1692972150672099562 176.616005 0.000000
1692972150848630901 176.603603 0.000000
1692972150850203717 176.922574 0.000000
1692972150937013307 176.514033 0.000000
1692972151061246994 176.569001 0.000000
1692972151115131194 176.458023 0.000000
1692972151115375527 176.615534 0.000000
1692972151189379370 176.796646 0.000000
1692972151189417799 176.873444 0.000000
1692972151202217878 176.557990 0.000000
1692972151366270079 176.489346 0.000000
1692972151366487920 176.687031 0.000000
1692972151378784714 176.594742 0.000000
1692972151644225535 176.904243 0.000000
1692972151822108279 176.622295 0.000000
1692972151985769005 176.545316 0.000000
1692972152085838442 176.497735 0.000000
1692972152162617280 176.682846 0.000000
1692972152250946252 176.519150 0.000000
1692972152264102969 176.576358 0.000000
1692972152264147768 176.677689 0.000000
1692972152339295029 176.760216 0.000000
1692972152352624188 176.659401 0.000000
1692972152616313225 176.554607 0.000000
1692972152781433142 176.631762 0.000000
1692972152882831744 176.722527 0.000000
1692972152882905225 176.685907 0.000000
1692972152969869815 176.574614 0.000000
1692972152969952597 176.572048 0.000000
1692972153223548167 176.708991 0.000000
1692972153236430808 176.550483 0.000000
1692972153665539298 176.575390 0.000000
1692972153665844497 176.657993 0.000000
1692972153676974268 176.626615 0.000000
1692972153754246306 176.599626 0.000000
1692972153842422068 176.614972 0.000000
1692972154019349672 176.697930 0.000000
1692972154107825946 176.673398 0.000000
1692972154207377629 176.507503 0.000000
1692972154207550010 176.621427 0.000000
1692972154638328120 176.717433 0.000000
1692972154686540209 176.584040 0.000000
1692972154903559957 176.531683 0.000000
1692972154914321127 176.575299 0.000000
1692972155269262327 176.893867 0.000000
1692972155356383648 176.515481 0.000000
1692972155445904579 176.629270 0.000000
1692972155622444782 176.516965 0.000000
1692972155699308312 176.667614 0.000000
1692972155711031151 176.476531 0.000000
1692972155887631985 176.582236 0.000000
1692972156064196189 176.564089 0.000000
1692972156151956398 176.606703 0.000000
1692972156406651296 176.597055 0.000000
1692972156418168047 176.833174 0.000000
1692972156631366025 176.767641 0.000000
1692972157202431648 176.673211 0.000000
1692972157213048492 176.597622 0.000000
1692972157655470235 176.542378 0.000000
1692972157743811955 176.554411 0.000000
1692972157821678661 176.705837 0.000000
1692972157920744740 176.704941 0.000000
1692972157999130979 177.184982 0.000000
1692972158086736769 176.660963 0.000000
1692972158097766893 176.873296 0.000000
1692972158175733912 176.617572 0.000000
1692972158274440726 176.628051 0.000000
1692972158529648991 176.774387 0.000000
1692972158716627888 176.669257 0.000000
1692972158753992332 176.736869 0.000000
1692972158794645876 176.569837 0.000000
1692972158893354679 176.716702 0.000000
1692972159148262912 176.569219 0.000000
1692972159247362068 176.714151 0.000000
1692972159423990375 176.613758 0.000000
1692972159501471569 176.544332 0.000000
1692972159777834112 176.713575 0.000000
1692972159815006665 176.571485 0.000000
1692972159944206890 176.917143 0.000000
1692972160572496194 176.561381 0.000000
1692972160651901962 176.720010 0.000000
1692972160740409377 176.733095 0.000000
1692972160926387788 176.489333 0.000000
1692972161005749885 176.872679 0.000000
1692972161015278289 176.491519 0.000000
1692972161359080023 176.572837 0.000000
1692972161368818560 176.743774 0.000000
1692972161494340765 176.582705 0.000000
1692972161899190931 176.801769 0.000000
1692972162112820185 176.566718 0.000000
1692972162164496997 176.649565 0.000000
1692972162252595742 176.579657 0.000000
1692972162252899608 176.534793 0.000000
1692972162377804594 176.561059 0.000000
1692972162420224864 176.580624 0.000000
1692972162429407920 176.587145 0.000000
1692972162596909927 176.578696 0.000000
1692972162606337862 176.566382 0.000000
1692972162782345620 176.614900 0.000000
1692972162871265659 176.624241 0.000000
1692972163312578230 176.626856 0.000000
1692972163349905481 176.689868 0.000000
1692972163481360903 176.745604 0.000000
1692972163481449945 176.774837 0.000000
1692972163490147201 176.562036 0.000000
1692972163578599343 176.682101 0.000000
1692972163754338346 176.550018 0.000000
1692972163843676747 176.498503 0.000000
1692972164012104696 176.814508 0.000000
1692972164057067371 176.551402 0.000000
1692972164108089721 176.614017 0.000000
1692972164284674460 176.649134 0.000000
1692972164454593319 176.764042 0.000000
1692972164462717880 176.566441 0.000000
1692972164631566636 176.840779 0.000000
1692972164897150257 176.898478 0.000000
1692972164903198054 176.526003 0.000000
1692972164904388978 176.502197 0.000000
1692972164904594446 176.487939 0.000000
1692972164985452825 176.824246 0.000000
1692972164985621557 176.757726 0.000000
1692972164985655175 177.031121 0.000000
1692972165081356080 176.543086 0.000000
1692972165162243332 176.679408 0.000000
1692972165338825123 176.556773 0.000000
1692972165338994411 176.549737 0.000000
1692972165434907395 176.637661 0.000000
1692972165604564490 176.572721 0.000000
1692972165699796104 176.494050 0.000000
1692972165788553465 176.491151 0.000000
1692972165869236822 176.577426 0.000000
1692972166002109412 176.582118 0.000000
1692972166053368093 176.495129 0.000000
1692972166053754901 176.632609 0.000000
1692972166583757664 176.542140 0.000000
1692972166753613986 176.621614 0.000000
1692972166848528539 176.646222 0.000000
1692972166885754790 176.493907 0.000000
1692972166930626068 177.002053 0.000000
1692972166930711191 176.896488 0.000000
1692972167107292827 176.552758 0.000000
1692972167202418790 176.566731 0.000000
1692972167290545494 176.527104 0.000000
1692972167371933845 176.543777 0.000000
1692972167379051314 176.936595 0.000000
1692972167467327952 176.583811 0.000000
1692972167549118061 176.522067 0.000000
1692972167725301832 176.574622 0.000000
1692972167820686131 176.488308 0.000000
1692972168085594996 176.495685 0.000000
1692972168255980478 176.764621 0.000000
1692972168262715915 176.543227 0.000000
1692972168439041531 176.525214 0.000000
1692972168609754940 176.810518 0.000000
1692972168616054673 176.555033 0.000000
1692972168879260485 176.548107 0.000000
1692972169234774144 176.611118 0.000000
1692972169234932522 176.671814 0.000000
1692972169317593846 176.472170 0.000000
1692972169322728852 176.548854 0.000000
1692972169405946229 176.508695 0.000000
1692972169582550026 176.588687 0.000000
1692972169588180674 176.528572 0.000000
1692972169588214924 176.549856 0.000000
1692972169676671464 176.619026 0.000000
1692972169759761781 176.728761 0.000000
1692972169763026043 176.657000 0.000000
1692972169847611350 176.623271 0.000000
1692972170024958089 176.533659 0.000000
1692972170201566581 176.506525 0.000000
1692972170294730217 176.456770 0.000000
1692972170295041275 176.541867 0.000000
1692972170378220719 176.631501 0.000000
1692972170378538097 176.620750 0.000000
1692972170470560561 176.417128 0.000000
1692972170559791400 176.611439 0.000000
1692972170560411502 176.442171 0.000000
1692972170648805025 176.498621 0.000000
1692972170825126049 176.525193 0.000000
1692972171001617785 176.441774 0.000000
1692972171085972225 176.579154 0.000000
1692972171267005866 176.575659 0.000000
1692972171443736419 176.510710 0.000000
1692972171532170963 176.688167 0.000000
1692972171620385645 176.668972 0.000000
1692972171747934354 176.549475 0.000000
1692972171793156321 176.595858 0.000000
1692972171793584611 176.659060 0.000000
1692972171973410672 176.585960 0.000000
1692972172062755883 176.915401 0.000000
1692972172150303014 176.433159 0.000000
1692972172235448848 176.715200 0.000000
1692972172500696403 176.639032 0.000000
1692972172504579981 176.488086 0.000000
1692972172945461824 176.508830 0.000000
1692972173033612949 176.397843 0.000000
1692972173034769427 176.642106 0.000000
1692972173073915816 176.557468 0.000000
1692972173119896402 176.724666 0.000000
1692972173210208139 176.465844 0.000000
1692972173298436197 176.456347 0.000000
1692972173476883202 176.584596 0.000000
1692972173476923385 176.590419 0.000000
1692972173562200870 176.839676 0.000000
1692972173740172555 176.483752 0.000000
1692972173742008037 176.610220 0.000000
1692972173917589090 176.987096 0.000000
1692972174094308539 176.710077 0.000000
1692972174095422037 176.628959 0.000000
1692972174359154234 176.519489 0.000000
1692972174447661397 176.578677 0.000000
1692972174535090733 176.651551 0.000000
1692972174535432658 176.688147 0.000000
1692972174536251732 176.667658 0.000000
1692972174576680783 176.612911 0.000000
1692972174801227665 176.842074 0.000000
1692972174841780810 176.625686 0.000000
1692972174977903067 176.596152 0.000000
1692972175155160311 176.765085 0.000000
1692972175331986708 176.505245 0.000000
1692972175333038457 176.476198 0.000000
1692972175419375725 176.621906 0.000000
1692972175549070006 176.519720 0.000000
1692972175597476428 176.604073 0.000000
1692972175597549500 176.540698 0.000000
1692972175685894114 176.552114 0.000000
1692972175686458621 176.503311 0.000000
1692972175774374974 176.633013 0.000000
1692972175902445526 176.572326 0.000000
1692972175950853754 176.463223 0.000000
1692972176038322893 176.526129 0.000000
1692972176304000732 176.615752 0.000000
1692972176304886726 176.591872 0.000000
1692972176393969743 176.674270 0.000000
1692972176570611670 176.628473 0.000000
1692972176658974191 176.505411 0.000000
1692972176745470528 176.739611 0.000000
1692972176745530467 176.589007 0.000000
1692972176746906150 176.489594 0.000000
1692972177011326852 176.673422 0.000000
1692972177099572366 176.982950 0.000000
1692972177188251798 176.767670 0.000000
1692972177189599937 176.755156 0.000000
1692972177277585571 176.468616 0.000000
1692972177316486755 176.558915 0.000000
1692972177365168273 176.710783 0.000000
1692972177453219571 176.677545 0.000000
1692972177453313920 176.635683 0.000000
1692972177493076753 176.566768 0.000000
1692972177631086601 176.593961 0.000000
1692972177985031814 176.512507 0.000000
1692972178161101807 176.561897 0.000000
1692972178248897104 176.555436 0.000000
1692972178337624312 176.496393 0.000000
1692972178425509388 176.588178 0.000000
1692972178515307450 176.539976 0.000000
1692972178692001854 176.753697 0.000000
1692972178956175110 176.661433 0.000000
1692972178957151199 176.642955 0.000000
1692972178957351745 176.654256 0.000000
1692972179132823778 176.622683 0.000000
1692972179134223331 176.624246 0.000000
1692972179222244864 176.583557 0.000000
1692972179399583170 176.586849 0.000000
1692972179486703272 176.695126 0.000000
1692972179487997275 176.622212 0.000000
1692972179575753937 176.431026 0.000000
1692972179841694129 176.738476 0.000000
1692972179929045534 176.807306 0.000000
1692972180018525210 176.790473 0.000000
1692972180018736577 176.810479 0.000000
1692972180194424291 176.701215 0.000000
1692972180195296323 176.502333 0.000000
1692972180410998012 176.596436 0.000000
1692972180459552536 176.740812 0.000000
1692972180637116817 176.577211 0.000000
1692972180724917706 176.811246 0.000000
1692972180813371759 176.869791 0.000000
1692972180813417375 176.894820 0.000000
1692972180813784959 176.645290 0.000000
1692972180902547339 176.848868 0.000000
1692972180990454641 177.021229 0.000000
1692972181078488086 176.684867 0.000000
1692972181167672897 176.567087 0.000000
1692972181255622111 176.780939 0.000000
1692972181295176809 176.563033 0.000000
1692972181521794673 176.821283 0.000000
1692972181697479234 176.524730 0.000000
1692972181698377552 176.550531 0.000000
1692972181963099733 176.834414 0.000000
1692972181963255871 176.649685 0.000000
1692972182052161097 176.860955 0.000000
1692972182316267907 176.632851 0.000000
1692972182317273705 176.644583 0.000000
1692972182758143862 176.573547 0.000000
1692972182759315831 176.850536 0.000000
1692972182936170798 176.574435 0.000000
1692972183111786334 176.761118 0.000000
1692972183200650585 176.549150 0.000000
1692972183377185572 176.553401 0.000000
1692972183465810041 176.597789 0.000000
1692972183466024133 176.675745 0.000000
1692972183642523247 176.705800 0.000000
1692972183643516997 177.277759 0.000000
1692972183996755113 176.720774 0.000000
1692972183997221798 176.638844 0.000000
1692972184350508295 176.755343 0.000000
1692972184438739299 176.624384 0.000000
1692972184704196767 176.606604 0.000000
1692972184793573134 176.633722 0.000000
1692972184881000068 176.660237 0.000000
1692972184881285546 176.673384 0.000000
1692972184969406920 176.705308 0.000000
1692972185146249348 176.713628 0.000000
1692972185234727752 176.664936 0.000000
1692972185234812790 176.703265 0.000000
1692972185235091152 176.485263 0.000000
1692972185323721760 176.452642 0.000000
1692972185499695289 176.575487 0.000000
1692972185676375770 176.651790 0.000000
1692972185676636737 176.530689 0.000000
1692972185677715439 176.705761 0.000000
1692972186031269099 176.616561 0.000000
1692972186118199689 176.525076 0.000000
1692972186207254371 176.700906 0.000000
1692972186296172792 176.600729 0.000000
1692972186383732474 176.466816 0.000000
1692972186383877251 176.520381 0.000000
1692972186384666746 176.458672 0.000000
1692972186472645713 176.457139 0.000000
1692972186560038943 176.503181 0.000000
1692972186737037451 176.625721 0.000000
1692972186738015790 176.460687 0.000000
1692972186913461799 176.553698 0.000000
1692972187003371890 176.533962 0.000000
1692972187091901401 176.579870 0.000000
1692972187444353379 176.532428 0.000000
1692972187533640236 176.482553 0.000000
1692972187709061066 176.569535 0.000000
1692972187838272256 176.535100 0.000000
1692972187887195825 176.470430 0.000000
1692972187976003217 176.606375 0.000000
1692972188152433268 176.495603 0.000000
1692972188152728905 176.473757 0.000000
1692972188191723106 176.617326 0.000000
1692972188240405634 176.698008 0.000000
1692972188682424569 176.567871 0.000000
1692972188770405595 176.545298 0.000000
1692972188858673589 176.516793 0.000000
1692972189035534365 176.738392 0.000000
1692972189124567096 176.586790 0.000000
1692972189212780568 176.510858 0.000000
1692972189301120748 176.843155 0.000000
1692972189340905568 176.587822 0.000000
1692972189389912295 176.495843 0.000000
1692972189478026775 176.753492 0.000000
1692972189478231681 176.911940 0.000000
1692972189654623106 176.663072 0.000000
1692972189743079818 176.713990 0.000000
1692972189832086900 176.535270 0.000000
1692972189920390220 176.804285 0.000000
1692972190008429517 176.741429 0.000000
1692972190186124161 176.884696 0.000000
1692972190540152501 176.656566 0.000000
1692972190716876233 176.537129 0.000000
1692972190805142853 177.170721 0.000000
1692972190805175073 177.272533 0.000000
1692972190843768261 176.591901 0.000000
1692972191159420067 176.797960 0.000000
1692972191247042949 176.650557 0.000000
1692972191248032585 176.820788 0.000000
1692972191512420431 176.739249 0.000000
1692972191689175782 176.743853 0.000000
1692972191690006733 176.462990 0.000000
1692972191904227295 176.519688 0.000000
1692972191954184701 176.540877 0.000000
1692972191954619281 176.475756 0.000000
1692972191954675116 176.548604 0.000000
1692972191955164719 176.469821 0.000000
1692972191955385001 176.449320 0.000000
1692972192042792760 176.723181 0.000000
1692972192080802662 176.555832 0.000000
1692972192131699216 176.513769 0.000000
1692972192219748670 176.804033 0.000000
1692972192220713132 176.506286 0.000000
1692972192397232900 176.768902 0.000000
1692972192662679201 176.793344 0.000000
1692972192662706565 176.783952 0.000000
1692972192750319845 176.552428 0.000000
1692972192750708443 176.687116 0.000000
1692972192750805454 176.739112 0.000000
1692972192928263092 176.973447 0.000000
1692972192928324460 177.002620 0.000000
1692972192964866906 176.608203 0.000000
1692972193105312680 176.830028 0.000000
1692972193281792595 176.520183 0.000000
1692972193457771856 176.661843 0.000000
1692972193583574441 176.584473 0.000000
1692972193634776029 176.556983 0.000000
1692972193723289331 176.516134 0.000000
1692972193724081328 176.628951 0.000000
1692972193899710670 176.584698 0.000000
1692972194077830922 176.669224 0.000000
1692972194164799093 176.537468 0.000000
1692972194164892866 176.513582 0.000000
1692972194341823117 176.525591 0.000000
1692972194606967044 176.703338 0.000000
1692972194784923265 176.582452 0.000000
1692972194874102715 176.551205 0.000000
1692972195226897971 176.687361 0.000000
1692972195492421560 176.725240 0.000000
1692972195580427207 176.793358 0.000000
1692972195580930883 176.626520 0.000000
1692972195669276640 176.558160 0.000000
1692972195669370481 176.600584 0.000000
1692972195757741199 176.513808 0.000000
1692972195845627587 176.637981 0.000000
1692972195934608373 176.594961 0.000000
1692972196288494118 176.866723 0.000000
1692972196376007435 176.683712 0.000000
1692972196464915926 176.434162 0.000000
1692972196552937194 176.636672 0.000000
1692972196855746125 176.583153 0.000000
1692972196906763640 176.559779 0.000000
1692972196907078647 176.544834 0.000000
1692972197083642285 176.728777 0.000000
1692972197083726827 176.847919 0.000000
1692972197437445752 176.657891 0.000000
1692972197438183271 176.703868 0.000000
1692972197525892434 176.535873 0.000000
1692972197703097888 176.841749 0.000000
1692972197828032430 176.650444 0.000000
1692972197880082329 176.595071 0.000000
1692972197968408511 176.522894 0.000000
1692972197968859760 176.853321 0.000000
1692972198145946568 177.045537 0.000000
1692972198411063200 176.591763 0.000000
1692972198498598308 176.480659 0.000000
1692972198587575944 176.475898 0.000000
1692972198588109278 176.468897 0.000000
1692972198675124698 176.545439 0.000000
1692972198853694779 176.560751 0.000000
1692972198977623953 176.632658 0.000000
1692972199118901184 176.705862 0.000000
1692972199207329718 176.702455 0.000000
1692972199384050681 176.713986 0.000000
1692972199736672785 176.601741 0.000000
1692972199737245953 176.462847 0.000000
1692972199825537344 176.537521 0.000000
1692972199913583033 176.698195 0.000000
1692972200091040918 176.663473 0.000000
1692972200179751067 176.880698 0.000000
1692972200268212308 176.794308 0.000000
1692972200444207873 176.665548 0.000000
1692972200445112737 176.557923 0.000000
1692972200621390023 176.478729 0.000000
1692972200621949804 176.582651 0.000000
1692972200710327730 176.828747 0.000000
1692972200886307926 176.620288 0.000000
1692972200976080710 176.916321 0.000000
1692972201063497176 176.907741 0.000000
1692972201151790852 176.740437 0.000000
1692972201152644597 176.901852 0.000000
1692972201241092150 176.593927 0.000000
1692972201328547366 176.642580 0.000000
1692972201329815219 176.778806 0.000000
1692972201417372126 176.761962 0.000000
1692972201417793330 176.657289 0.000000
1692972201683259788 176.851310 0.000000
1692972201860318931 177.057715 0.000000
1692972201860360232 176.790589 0.000000
1692972201860563299 176.962909 0.000000
1692972201983426018 176.535601 0.000000
1692972202036594207 176.668244 0.000000
1692972202125363257 176.437958 0.000000
1692972202479437105 176.551232 0.000000
1692972202656638412 176.543378 0.000000
1692972202833323956 176.632091 0.000000
1692972202921793165 176.691773 0.000000
1692972203009746434 176.666274 0.000000
1692972203274632070 176.738026 0.000000
1692972203309227360 176.711274 0.000000
1692972203363327695 176.781622 0.000000
1692972203540736770 176.527275 0.000000
1692972203540982607 176.610268 0.000000
1692972203628640966 176.648553 0.000000
1692972203629738191 176.858992 0.000000
1692972203982321307 176.652216 0.000000
1692972204104530647 176.558509 0.000000
1692972204602130724 176.515021 0.000000
1692972204691057004 177.100071 0.000000
1692972204866621762 176.572636 0.000000
1692972204868383573 176.769478 0.000000
1692972204954756047 176.510770 0.000000
1692972204955076026 176.565153 0.000000
1692972204956391323 176.497060 0.000000
1692972205132927233 176.514660 0.000000
1692972205133506590 176.529515 0.000000
1692972205220230511 176.885437 0.000000
1692972205221541809 176.469355 0.000000
1692972205341718458 176.626955 0.000000
1692972205398574018 176.458946 0.000000
1692972205485423069 176.612624 0.000000
1692972205574560421 176.470483 0.000000
1692972205663128930 176.469054 0.000000
1692972205695019882 176.544453 0.000000
1692972205751205460 176.588402 0.000000
1692972205751759127 176.494273 0.000000
1692972206048352173 176.586808 0.000000
1692972206104432747 176.698568 0.000000
1692972206281943617 176.467506 0.000000
1692972206635724230 176.555806 0.000000
1692972206635915058 176.620597 0.000000
1692972206812211777 176.655202 0.000000
1692972206812704943 177.048797 0.000000
1692972206989224690 176.701620 0.000000
1692972207078349577 176.740606 0.000000
1692972207166043047 176.717436 0.000000
1692972207166870771 176.633516 0.000000
1692972207254837365 176.803321 0.000000
1692972207432472595 176.884194 0.000000
1692972207519799336 176.637340 0.000000
1692972207609309394 176.604539 0.000000
1692972207697098265 176.520965 0.000000
1692972207697908418 176.689336 0.000000
1692972208170362283 176.635681 0.000000
1692972208315765332 176.674841 0.000000
1692972208316979610 176.665500 0.000000
1692972208581711205 176.573657 0.000000
1692972208789044515 176.498412 0.000000
1692972208846173379 176.591659 0.000000
1692972208847226187 176.595332 0.000000
1692972208934601436 176.589002 0.000000
1692972209553763287 176.818426 0.000000
1692972209554551308 177.115627 0.000000
1692972209584818136 176.589849 0.000000
1692972209642867610 177.283326 0.000000
1692972209642870527 177.038868 0.000000
1692972209730501501 176.714017 0.000000
1692972209820018889 176.631130 0.000000
1692972209908436917 176.676922 0.000000
1692972209997204142 176.716454 0.000000
1692972210084817325 176.391724 0.000000
1692972210172992764 176.485742 0.000000
1692972210349662498 176.632308 0.000000
1692972210349799762 176.797412 0.000000
1692972210349802348 176.712058 0.000000
1692972210526889749 176.852119 0.000000
1692972210703163593 176.645969 0.000000
1692972210792618821 176.620966 0.000000
1692972210792655998 176.615152 0.000000
1692972210969063167 176.822455 0.000000
1692972211264385561 176.555273 0.000000
1692972211322631889 176.573405 0.000000
1692972211323096704 176.484720 0.000000
1692972211500092501 176.542798 0.000000
1692972211500270816 176.636752 0.000000
1692972211587925479 176.738173 0.000000
1692972211676859221 176.487400 0.000000
1692972211852760975 176.517210 0.000000
1692972211942121158 176.718077 0.000000
1692972212029919099 176.523247 0.000000
1692972212294504949 176.547485 0.000000
1692972212296060074 176.604517 0.000000
1692972212914665006 176.738579 0.000000
1692972213002767870 176.480695 0.000000
1692972213090321659 176.580451 0.000000
1692972213090616124 176.566659 0.000000
1692972213091916331 176.586340 0.000000
1692972213120505588 176.582145 0.000000
1692972213267135713 176.694737 0.000000
1692972213356495400 176.723754 0.000000
1692972213356547676 176.762585 0.000000
1692972213532232375 176.545073 0.000000
1692972213887546867 176.765747 0.000000
1692972213975069213 176.647972 0.000000
1692972214063561778 176.715755 0.000000
1692972214328990116 176.485119 0.000000
1692972214418061622 176.600662 0.000000
1692972214505073260 176.705496 0.000000
1692972214594820818 176.692592 0.000000
1692972214623460748 176.637594 0.000000
1692972214771485745 176.622418 0.000000
1692972214859874239 176.457720 0.000000
1692972214859940442 176.472455 0.000000
1692972214947272911 176.640385 0.000000
1692972215124468376 176.826762 0.000000
1692972215213249367 176.510151 0.000000
1692972215301022159 176.660321 0.000000
1692972215478254715 176.655314 0.000000
1692972215478844907 176.605087 0.000000
1692972215478891525 176.695824 0.000000
1692972215655438663 176.586479 0.000000
1692972215744031427 176.436330 0.000000
1692972215920314425 176.862040 0.000000
1692972216008477159 176.726079 0.000000
1692972216008578500 176.501286 0.000000
1692972216008746686 176.618424 0.000000
1692972216097038650 176.588719 0.000000
1692972216185154068 176.560227 0.000000
1692972216185205733 176.684873 0.000000
1692972216186010313 176.576135 0.000000
1692972216362268439 176.526996 0.000000
1692972216362612849 176.621796 0.000000
1692972216363229548 176.497106 0.000000
1692972216450642619 176.593981 0.000000
1692972216451736181 176.574275 0.000000
1692972216539035452 176.750385 0.000000
1692972216539354138 176.541229 0.000000
1692972216804378535 176.831734 0.000000
1692972216892996014 176.735082 0.000000
1692972217069758188 176.742884 0.000000
1692972217158519026 176.560553 0.000000
1692972217247214639 177.043451 0.000000
1692972217335786178 177.147678 0.000000
1692972217335819971 177.088937 0.000000
1692972217512790788 176.593790 0.000000
1692972217512895887 176.601839 0.000000
1692972217600906442 176.740687 0.000000
1692972217601232931 176.916977 0.000000
1692972217601424566 176.653729 0.000000
1692972217777673590 176.576726 0.000000
1692972217866291516 176.639361 0.000000
1692972217867075328 176.815962 0.000000
1692972217867113803 176.888164 0.000000
1692972217984387747 176.635908 0.000000
1692972218220295309 176.463597 0.000000
1692972218220917506 176.496022 0.000000
1692972218337929235 176.660329 0.000000
1692972218397511411 176.461558 0.000000
1692972218662271112 176.628622 0.000000
1692972218839396728 176.967117 0.000000
1692972218839776260 176.806955 0.000000
1692972219016339540 176.666886 0.000000
1692972219016703190 176.729130 0.000000
1692972219104307755 176.667651 0.000000
1692972219192863001 176.622481 0.000000
1692972219192864805 176.629739 0.000000
1692972219281711007 176.530167 0.000000
1692972219281805637 176.644182 0.000000
1692972219282154468 176.853689 0.000000
1692972219370140936 176.668638 0.000000
1692972219457790140 176.590898 0.000000
1692972219547250475 176.665531 0.000000
1692972219664102758 176.657267 0.000000
1692972219723766981 176.622738 0.000000
1692972219723931562 176.529384 0.000000
1692972219724021377 176.570207 0.000000
1692972219811543420 176.525260 0.000000
1692972219811714242 176.598126 0.000000
1692972219812394719 176.679324 0.000000
1692972219812526290 176.416854 0.000000
1692972219989174235 176.514075 0.000000
1692972220165184388 176.479629 0.000000
1692972220254476837 176.681838 0.000000
1692972220607153142 176.557746 0.000000
1692972220608412079 176.911002 0.000000
1692972220696782179 176.412202 0.000000
1692972220697080562 176.556493 0.000000
1692972220783923698 176.625954 0.000000
1692972220961363629 176.555284 0.000000
1692972221050596900 176.623624 0.000000
1692972221138850649 176.658129 0.000000
1692972221314432862 176.649684 0.000000
1692972221402950375 176.642367 0.000000
1692972221579662543 176.651007 0.000000
1692972221668245197 176.654775 0.000000
1692972221697141794 176.520259 0.000000
1692972221933440234 176.570069 0.000000
1692972221933577528 176.630264 0.000000
1692972221934960412 176.690538 0.000000
1692972222110362581 176.600229 0.000000
1692972222375740282 176.704567 0.000000
1692972222552462038 176.777064 0.000000
1692972222642518422 177.099394 0.000000
1692972222642599696 177.293621 0.000000
1692972222729422965 176.627021 0.000000
1692972222817482883 176.630745 0.000000
1692972222817823295 176.613430 0.000000
1692972222819299907 176.646552 0.000000
1692972222906024296 176.584748 0.000000
1692972222995944148 176.529474 0.000000
1692972223082986306 176.678852 0.000000
1692972223200221228 176.651903 0.000000
1692972223613683790 176.576388 0.000000
1692972223614157156 176.488669 0.000000
1692972223879536624 176.895801 0.000000
1692972223968386098 177.159975 0.000000
1692972224057029889 176.751360 0.000000
1692972224321746326 176.618836 0.000000
1692972224410372214 176.706395 0.000000
1692972224410875434 176.877828 0.000000
1692972224438213448 176.564225 0.000000
1692972224499572584 176.651577 0.000000
1692972224676180194 176.600594 0.000000
1692972224676552925 176.576654 0.000000
1692972224676620016 176.443750 0.000000
1692972224703184577 176.555828 0.000000
1692972224853243669 176.565412 0.000000
1692972224941595671 176.451467 0.000000
1692972225206080730 176.704625 0.000000
1692972225206470962 176.430473 0.000000
1692972225206843703 176.650049 0.000000
1692972225294660271 176.502435 0.000000
1692972225471151996 176.614837 0.000000
1692972225471242682 176.574854 0.000000
1692972225648068545 176.666597 0.000000
1692972225648167179 176.733052 0.000000
1692972225648380034 176.471539 0.000000
1692972225736926573 176.925163 0.000000
1692972225825150442 176.971531 0.000000
1692972225913966382 176.839504 0.000000
1692972225914142366 176.618199 0.000000
1692972226002108692 176.674255 0.000000
1692972226179340753 176.571059 0.000000
1692972226267930397 176.554998 0.000000
1692972226355944239 176.683496 0.000000
1692972226355980038 176.810645 0.000000
1692972226444614635 176.675527 0.000000
1692972226798782062 176.786035 0.000000
1692972226886840417 176.516442 0.000000
1692972227240210685 176.564579 0.000000
1692972227505923673 176.540057 0.000000
1692972227594120103 176.497242 0.000000
1692972227770661724 176.579579 0.000000
1692972227770745488 176.603535 0.000000
1692972227770752329 176.567391 0.000000
1692972227859474541 176.522912 0.000000
1692972227859669975 176.625665 0.000000
1692972228124578513 176.730089 0.000000
1692972228124993708 176.555899 0.000000
1692972228301940365 176.497814 0.000000
1692972228478756989 176.946656 0.000000
1692972228478856871 176.896610 0.000000
1692972228478883904 176.961726 0.000000
1692972228566563182 176.684974 0.000000
1692972228769853275 176.757949 0.000000
1692972228831891575 176.731000 0.000000
1692972228832194123 176.555583 0.000000
1692972228920612799 176.533551 0.000000
1692972228920979100 176.521053 0.000000
1692972229008599281 176.582926 0.000000
1692972229185537693 176.642094 0.000000
1692972229275136618 176.728515 0.000000
1692972229362522860 176.736568 0.000000
1692972229476941544 176.665167 0.000000
1692972229539068775 176.587517 0.000000
1692972229715960168 176.594794 0.000000
1692972229981178434 176.692366 0.000000
1692972229982408002 176.563451 0.000000
1692972230070850960 176.532168 0.000000
1692972230070894772 176.609934 0.000000
1692972230246713562 176.782420 0.000000
1692972230247400248 176.498540 0.000000
1692972230424209820 176.599829 0.000000
1692972230512542682 176.644804 0.000000
1692972230600764440 176.758615 0.000000
1692972230626449386 176.599745 0.000000
1692972230689299662 176.626186 0.000000
1692972230689360804 176.615015 0.000000
1692972230777994435 176.594988 0.000000
1692972230778022120 176.546692 0.000000
1692972230954458069 176.666510 0.000000
1692972231220030272 176.706052 0.000000
1692972231308154970 176.663739 0.000000
1692972231396027185 176.631980 0.000000
1692972231396761738 176.705826 0.000000
1692972231573129012 176.556829 0.000000
1692972231662012087 176.517403 0.000000
1692972231839515087 176.707581 0.000000
1692972232015711388 176.747463 0.000000
1692972232104487405 176.545388 0.000000
1692972232191474763 176.528469 0.000000
1692972232193051744 176.605973 0.000000
1692972232369635190 176.577091 0.000000
1692972232546570595 176.590628 0.000000
1692972232634738182 176.963240 0.000000
1692972232635031309 176.633223 0.000000
1692972232723356141 176.566367 0.000000
1692972232899954723 176.608230 0.000000
1692972233076608156 176.642616 0.000000
1692972233077312990 176.668639 0.000000
1692972233165097647 176.490209 0.000000
1692972233254183774 176.739464 0.000000
1692972233517774666 176.613764 0.000000
1692972233518856260 176.564960 0.000000
1692972233519452119 176.609080 0.000000
1692972233961047976 176.497871 0.000000
1692972233961362457 176.461923 0.000000
1692972233961690910 176.526297 0.000000
1692972233961774179 176.562532 0.000000
1692972234226573639 176.473399 0.000000
1692972234250968956 176.641260 0.000000
1692972234314299188 176.517463 0.000000
1692972234579194552 176.485200 0.000000
1692972234579552253 176.501880 0.000000
1692972234844185040 176.673841 0.000000
1692972234869725871 176.657918 0.000000
1692972234932769126 176.496744 0.000000
1692972234934014716 176.694719 0.000000
1692972235021478567 176.385465 0.000000
1692972235109141185 176.532342 0.000000
1692972235110769154 176.747106 0.000000
1692972235286304583 176.680602 0.000000
1692972235286596672 176.673420 0.000000
1692972235286650282 176.586172 0.000000
1692972235287986518 176.951586 0.000000
1692972235375058883 176.658917 0.000000
1692972235463140300 176.825568 0.000000
1692972235464482806 176.449459 0.000000
1692972235552810765 176.472432 0.000000
1692972235576690474 176.593725 0.000000
1692972235816689340 176.616809 0.000000
1692972235816998012 176.678110 0.000000
1692972235817117194 176.700797 0.000000
1692972235905393648 176.577376 0.000000
1692972235905554783 176.640407 0.000000
1692972235930674344 176.651299 0.000000
1692972235993866450 176.880074 0.000000
1692972235994117368 176.764977 0.000000
1692972236082184847 176.606344 0.000000
1692972236082480825 176.656244 0.000000
1692972236170941608 176.783179 0.000000
1692972236437073604 176.582091 0.000000
1692972236612865820 176.483366 0.000000
1692972236902958784 176.647960 0.000000
1692972236966029204 176.557510 0.000000
1692972236967203943 176.715438 0.000000
1692972236967208660 176.652544 0.000000
1692972236967720802 176.803059 0.000000
1692972237055679580 176.546479 0.000000
1692972237055991495 176.594640 0.000000
1692972237497374790 176.594996 0.000000
1692972237763072632 176.462614 0.000000
1692972237939003700 176.670007 0.000000
1692972238140370288 176.664256 0.000000
1692972238382353740 176.697896 0.000000
1692972238470345518 176.565202 0.000000
1692972238470848883 176.640953 0.000000
1692972238560011071 177.315887 0.000000
1692972238560962377 178.246601 0.000000
1692972239000933298 176.443599 0.000000
1692972239177175930 176.658945 0.000000
1692972239179110151 176.634272 0.000000
1692972239201263231 176.527394 0.000000
1692972239265991813 176.670767 0.000000
1692972239354444080 176.830098 0.000000
1692972239531439948 176.648129 0.000000
1692972239532515799 176.519179 0.000000
1692972239621560789 176.551455 0.000000
1692972239797446622 176.779114 0.000000
1692972239886305054 176.397261 0.000000
1692972239973546798 176.714494 0.000000
1692972240062830383 176.510604 0.000000
1692972240238797349 176.616580 0.000000
1692972240415697143 176.602533 0.000000
1692972240438618394 176.575040 0.000000
1692972240593007982 176.563292 0.000000
1692972240770100870 176.553309 0.000000
1692972240857880153 176.515521 0.000000
1692972240858127228 176.720021 0.000000
1692972240858174027 176.526231 0.000000
1692972240946999743 176.569146 0.000000
1692972241123950695 176.647764 0.000000
1692972241211991912 176.556615 0.000000
1692972241477219048 176.816540 0.000000
1692972241477731865 176.671203 0.000000
1692972241477770069 176.710850 0.000000
1692972241565770772 176.998162 0.000000
1692972241654158098 176.674615 0.000000
1692972241654241397 176.729107 0.000000
1692972241919824159 176.856664 0.000000
1692972242008894569 176.691564 0.000000
1692972242274232667 176.483538 0.000000
1692972242274672555 176.762987 0.000000
1692972242295358198 176.606361 0.000000
1692972242362147804 176.714849 0.000000
1692972242539749756 176.490131 0.000000
1692972242628701921 177.151709 0.000000
1692972242715743284 176.564354 0.000000
1692972242805174391 176.578041 0.000000
1692972242893248409 176.777734 0.000000
1692972242913770783 176.584601 0.000000
1692972243335049320 176.597771 0.000000
1692972243511815417 176.495363 0.000000
1692972243599920970 176.696851 0.000000
1692972243708909652 176.583167 0.000000
1692972243885493085 176.567912 0.000000
1692972244327121534 176.535316 0.000000
1692972244396342879 176.433339 0.000000
1692972244485262888 176.789997 0.000000
1692972244485408171 176.603229 0.000000
1692972244572894086 176.570211 0.000000
1692972244573982676 176.644945 0.000000
1692972244661805413 176.483456 0.000000
1692972244749559589 176.685911 0.000000
1692972245015688533 176.767395 0.000000
1692972245015793278 176.732464 0.000000
1692972245192191642 176.485003 0.000000
1692972245192283910 176.511685 0.000000
1692972245280668289 176.504805 0.000000
1692972245301688325 176.506623 0.000000
1692972245566567756 176.502459 0.000000
1692972245634364223 176.743530 0.000000
1692972245722610978 176.825174 0.000000
1692972245816017325 181.519853 0.000000
1692972245816030701 181.637370 0.000000
1692972245993025053 176.778385 0.000000
1692972245993250041 177.019573 0.000000
1692972246081641372 176.895172 0.000000
1692972246347602406 176.975468 0.000000
1692972246436231463 176.728750 0.000000
1692972246612913144 176.582230 0.000000
1692972246877253736 176.661603 0.000000
1692972246877887946 176.710818 0.000000
1692972246877944187 176.746055 0.000000
1692972246877977895 176.736452 0.000000
1692972247055272575 176.681716 0.000000
1692972247142889690 176.762829 0.000000
1692972247142986164 176.612109 0.000000
1692972247231135968 176.732052 0.000000
1692972247407727920 176.574000 0.000000
1692972247408983709 176.472614 0.000000
1692972247409121689 176.582966 0.000000
1692972247425513276 176.471777 0.000000
1692972247673910428 176.473681 0.000000
1692972247762137506 176.710748 0.000000
1692972248027761873 176.591064 0.000000
1692972248132518323 176.563620 0.000000
1692972248292960148 176.634160 0.000000
1692972248380841157 176.686270 0.000000
1692972248470034931 176.789370 0.000000
1692972248646987536 176.751698 0.000000
1692972249089224177 176.651795 0.000000
1692972249176590206 176.584790 0.000000
1692972249442030267 176.446315 0.000000
1692972249442364949 176.471166 0.000000
1692972249530241600 176.418022 0.000000
1692972249530384778 176.508081 0.000000
1692972249707196534 176.528603 0.000000
1692972249884194604 177.038414 0.000000
1692972249884278699 176.861266 0.000000
1692972249972746953 176.518721 0.000000
1692972250060952696 176.812419 0.000000
1692972250061162729 176.877275 0.000000
1692972250061680553 177.066364 0.000000
1692972250149339761 176.673219 0.000000
1692972250238591510 176.656034 0.000000
1692972250325873170 176.508807 0.000000
1692972250415435987 176.588112 0.000000
1692972250592219087 176.681534 0.000000
1692972250592362370 176.682221 0.000000
1692972250680729574 176.611040 0.000000
1692972250857638245 176.603216 0.000000
1692972250945254052 176.494469 0.000000
1692972251034586974 176.643340 0.000000
1692972251048725870 176.527244 0.000000
1692972251211276662 176.651524 0.000000
1692972251299138898 176.466522 0.000000
1692972251313765787 176.563344 0.000000
1692972251651992935 176.550744 0.000000
1692972251652320266 176.547091 0.000000
1692972251653210400 176.464719 0.000000
1692972251653423906 176.643154 0.000000
1692972251653482938 176.645400 0.000000
1692972252006970489 176.577256 0.000000
1692972252182742205 176.712893 0.000000
1692972252183818174 176.607487 0.000000
1692972252270758391 176.577416 0.000000
1692972252624142713 176.530618 0.000000
1692972252816409944 176.570440 0.000000
1692972252890289935 176.672928 0.000000
1692972253156162987 176.800379 0.000000
1692972253243639534 176.624103 0.000000
1692972253244211183 176.720142 0.000000
1692972253332249375 176.628544 0.000000
1692972253421116014 176.525228 0.000000
1692972253509474797 176.500977 0.000000
1692972253596756833 176.697896 0.000000
1692972253597650405 176.551074 0.000000
1692972253611835488 176.664137 0.000000
1692972253686076283 176.707207 0.000000
1692972253788445408 176.564725 0.000000
1692972253861958638 176.595161 0.000000
1692972253862004560 176.709186 0.000000
1692972253863340610 176.883722 0.000000
1692972254053510370 176.645357 0.000000
1692972254215635061 176.683719 0.000000
1692972254217296037 176.743368 0.000000
1692972254569285819 176.601117 0.000000
1692972254746103398 176.565251 0.000000
1692972254747254777 176.516875 0.000000
1692972254747960510 176.693144 0.000000
1692972255011587869 176.834253 0.000000
1692972255101614258 176.564838 0.000000
1692972255188160399 176.565855 0.000000
1692972255365060929 176.667607 0.000000
1692972255454981052 176.501906 0.000000
1692972255541963678 176.637823 0.000000
1692972255718707458 176.699412 0.000000
1692972255720245844 176.514447 0.000000
1692972255807976255 176.558132 0.000000
1692972255895684736 176.757131 0.000000
1692972255984911757 176.494761 0.000000
1692972256072283141 176.733739 0.000000
1692972256249041707 176.601276 0.000000
1692972256249126760 176.624019 0.000000
1692972256250290429 176.686745 0.000000
1692972256263154797 176.522262 0.000000
1692972256602424659 176.634177 0.000000
1692972256692182297 176.541055 0.000000
1692972256868775023 176.575932 0.000000
1692972257058641033 176.453348 0.000000
1692972257222220658 176.858442 0.000000
1692972257398254592 176.614634 0.000000
1692972257486535532 176.512296 0.000000
1692972257487808936 176.585637 0.000000
1692972257574829179 176.550291 0.000000
1692972257663341663 176.508047 0.000000
1692972258193591192 176.650726 0.000000
1692972258282259551 176.544520 0.000000
1692972258370874778 177.049470 0.000000
1692972258371020387 177.048020 0.000000
1692972258548520550 176.675609 0.000000
1692972258636233428 176.605631 0.000000
1692972258636698155 176.584096 0.000000
1692972258725069064 176.533003 0.000000
1692972258825898968 176.540480 0.000000
1692972258901874872 176.776504 0.000000
1692972258990312852 176.797678 0.000000
1692972259079196819 176.666066 0.000000
1692972259167090261 176.395184 0.000000
1692972259255262071 176.693745 0.000000
1692972259432612694 176.744332 0.000000
1692972259520440228 176.645973 0.000000
1692972259609667149 176.587523 0.000000
1692972259609795998 176.581920 0.000000
1692972259785945627 176.759061 0.000000
1692972259874078651 176.515003 0.000000
1692972259874892425 176.855611 0.000000
1692972260051511971 176.482898 0.000000
1692972260062848243 176.476723 0.000000
1692972260228199830 176.612513 0.000000
1692972260315833430 176.519309 0.000000
1692972260405000110 176.681444 0.000000
1692972260669772735 176.544429 0.000000
1692972260846528261 176.422887 0.000000
1692972261023128170 176.631743 0.000000
1692972261023524863 176.482907 0.000000
1692972261111401580 176.483527 0.000000
1692972261111629951 176.569317 0.000000
1692972261201121189 176.520131 0.000000
1692972261211658070 176.519955 0.000000
1692972261378109064 176.986812 0.000000
1692972261476664506 176.572434 0.000000
1692972261641945627 176.579509 0.000000
1692972261642035225 176.598228 0.000000
1692972261730462172 176.754888 0.000000
1692972261731706803 176.751635 0.000000
1692972261731824688 176.748157 0.000000
1692972261908443443 176.646344 0.000000
1692972262084248179 176.629104 0.000000
1692972262085004349 176.543234 0.000000
1692972262172497767 176.737590 0.000000
1692972262173449075 176.527963 0.000000
1692972262261037273 176.727050 0.000000
1692972262350762045 176.659449 0.000000
1692972262527510735 176.666920 0.000000
1692972262614978574 176.656101 0.000000
1692972262713936802 176.568892 0.000000
1692972262968942200 176.789310 0.000000
1692972262969178059 176.583230 0.000000
1692972263145973523 176.952399 0.000000
1692972263146285389 176.872839 0.000000
1692972263155768006 176.550088 0.000000
1692972263234536803 176.711861 0.000000
1692972263234759467 176.750619 0.000000
1692972263323197728 176.718160 0.000000
1692972263323255087 176.587302 0.000000
1692972263323379987 176.667039 0.000000
1692972263411249374 176.532936 0.000000
1692972263420701190 176.523198 0.000000
1692972263587734033 176.561037 0.000000
1692972263588533419 176.661847 0.000000
1692972263676601317 176.600795 0.000000
1692972263764727567 176.667770 0.000000
1692972263852993391 176.538184 0.000000
1692972263941912070 176.417709 0.000000
1692972264030005694 176.578722 0.000000
1692972264206467042 176.629384 0.000000
1692972264207199015 176.530996 0.000000
1692972264472280551 176.925709 0.000000
1692972264480819753 176.674760 0.000000
1692972264560355530 176.667187 0.000000
1692972264561256642 176.642615 0.000000
1692972264737137735 176.759106 0.000000
1692972264737697778 176.434806 0.000000
1692972264825657730 176.654357 0.000000
1692972265003036918 177.310544 0.000000
1692972265003203952 176.631374 0.000000
1692972265091970420 177.031925 0.000000
1692972265180411470 176.603617 0.000000
1692972265268947596 176.819414 0.000000
1692972265356980817 176.561093 0.000000
1692972265364297484 176.469555 0.000000
1692972265540779357 176.465565 0.000000
1692972265621154592 176.519953 0.000000
1692972265622427600 176.496013 0.000000
1692972265887583941 176.476602 0.000000
1692972265887762803 176.543773 0.000000
1692972266063203739 176.664384 0.000000
1692972266064332997 176.554768 0.000000
1692972266152088450 176.615329 0.000000
1692972266241349417 176.764429 0.000000
1692972266506101856 176.515590 0.000000
1692972266594357614 176.676890 0.000000
1692972266948344343 176.775169 0.000000
1692972267390529636 176.572260 0.000000
1692972267484759606 176.543668 0.000000
1692972267655946864 176.927131 0.000000
1692972267832800724 176.509474 0.000000
1692972268009892398 176.571608 0.000000
1692972268010104376 176.695511 0.000000
1692972268010209220 176.669701 0.000000
1692972268097980353 176.594581 0.000000
1692972268186801099 176.688309 0.000000
1692972268275809351 176.723570 0.000000
1692972268367913156 176.553120 0.000000
1692972268540265769 176.819493 0.000000
1692972268717605658 176.610778 0.000000
1692972268805419846 176.706540 0.000000
1692972268805614154 176.595422 0.000000
1692972268894154637 176.557007 0.000000
1692972268894442507 176.595662 0.000000
1692972268986920087 176.528390 0.000000
1692972269247745533 176.740577 0.000000
1692972269425085470 176.505476 0.000000
1692972269428744686 176.532087 0.000000
1692972269513541626 176.483249 0.000000
1692972269513834388 176.687619 0.000000
1692972269690825433 176.609136 0.000000
1692972269779294449 176.655675 0.000000
1692972269866800058 176.565209 0.000000
1692972269870528163 176.530770 0.000000
1692972269955937103 177.002332 0.000000
1692972269955968015 176.946928 0.000000
1692972270043408006 176.583616 0.000000
1692972270043499639 176.464229 0.000000
1692972270221073318 176.628570 0.000000
1692972270487217904 176.704332 0.000000
1692972270750938148 176.623292 0.000000
1692972270839282373 176.572508 0.000000
1692972271193462739 176.578516 0.000000
1692972271370478472 176.974522 0.000000
1692972271458782968 177.058523 0.000000
1692972271458782923 176.780531 0.000000
1692972271460166933 176.771350 0.000000
1692972271635968231 176.987663 0.000000
1692972271636790004 176.632863 0.000000
1692972271724535138 176.885676 0.000000
1692972271901323101 176.795496 0.000000
1692972271989738846 176.755649 0.000000
1692972272078088266 176.749142 0.000000
1692972272166332932 176.569633 0.000000
1692972272167437237 176.725722 0.000000
1692972272256604258 176.419879 0.000000
1692972272343718654 176.607932 0.000000
1692972272344265471 176.594932 0.000000
1692972272344480507 176.753781 0.000000
1692972272432505712 176.520850 0.000000
1692972272609330303 176.788532 0.000000
1692972272786482653 176.961916 0.000000
1692972272874226378 176.577086 0.000000
1692972272963450082 176.576173 0.000000
1692972273316044231 176.691019 0.000000
1692972273405412120 176.708975 0.000000
1692972273670671226 176.563983 0.000000
1692972273847818822 176.696817 0.000000
1692972273935929295 177.095008 0.000000
1692972273936157065 177.050896 0.000000
1692972274112313233 176.593360 0.000000
1692972274200939806 176.554068 0.000000
1692972274378480044 176.718009 0.000000
1692972274378721906 176.475826 0.000000
1692972274466454979 176.769429 0.000000
1692972274467009013 176.635147 0.000000
1692972274910417246 176.439106 0.000000
1692972274910827877 176.495983 0.000000
1692972275262692827 176.616206 0.000000
1692972275263633441 176.604829 0.000000
1692972275439703531 176.645849 0.000000
1692972275440086622 176.437459 0.000000
1692972275440716052 176.654770 0.000000
1692972275527635331 176.509507 0.000000
1692972275794125631 176.501239 0.000000
1692972275794317453 176.649609 0.000000
1692972275970622865 176.705308 0.000000
1692972275970972569 176.618215 0.000000
1692972276058831938 176.552464 0.000000
1692972276235574716 176.594363 0.000000
1692972276236692021 176.457274 0.000000
1692972276412245161 176.625450 0.000000
1692972276412338829 176.577659 0.000000
1692972276500368295 176.545242 0.000000
1692972276500690450 176.524971 0.000000
1692972276501735712 176.518005 0.000000
1692972276589168138 176.627861 0.000000
1692972276766747533 176.575108 0.000000
1692972276943082859 176.694416 0.000000
1692972276943594880 176.625134 0.000000
1692972277031971263 176.616098 0.000000
1692972277208574885 176.700709 0.000000
1692972277209254417 176.709389 0.000000
1692972277296945649 176.637296 0.000000
1692972277296986113 176.649700 0.000000
1692972277385855242 176.419548 0.000000
1692972277386222041 176.587394 0.000000
1692972277562353810 176.836749 0.000000
1692972277562406147 176.855313 0.000000
1692972277650896419 176.811997 0.000000
1692972277651019962 176.487693 0.000000
1692972277739472045 176.503711 0.000000
1692972277915987477 176.583982 0.000000
1692972277916108348 176.597328 0.000000
1692972278093551919 176.716589 0.000000
1692972278270856340 176.528761 0.000000
1692972278358126552 176.575460 0.000000
1692972278358493972 176.582926 0.000000
1692972278447045291 176.583699 0.000000
1692972278447625441 176.616771 0.000000
1692972278624451810 176.794575 0.000000
1692972278624480306 176.638557 0.000000
1692972279154931891 176.662837 0.000000
1692972279243804416 176.638790 0.000000
1692972279332283870 176.776200 0.000000
1692972279419508015 176.580710 0.000000
1692972279597286787 176.487598 0.000000
1692972279773963997 176.904690 0.000000
1692972279862587437 176.957146 0.000000
1692972279950476693 176.572455 0.000000
1692972279951038200 176.695486 0.000000
1692972279951222058 176.578464 0.000000
1692972280216577192 176.544173 0.000000
1692972280305097722 176.437625 0.000000
1692972280393132306 176.813520 0.000000
1692972280481790906 176.771442 0.000000
1692972280570455246 176.634764 0.000000
1692972280570805100 176.929499 0.000000
1692972280747126104 176.694122 0.000000
1692972280747304013 176.484229 0.000000
1692972280747523113 176.660705 0.000000
1692972280923643534 176.788346 0.000000
1692972281012639540 176.578076 0.000000
1692972281101229285 176.804593 0.000000
1692972281189805032 176.708219 0.000000
1692972281366615959 176.720832 0.000000
1692972281366759142 176.828923 0.000000
1692972281454286334 176.675867 0.000000
1692972281631221725 176.635013 0.000000
1692972281720369569 176.583994 0.000000
1692972281808519098 176.531086 0.000000
1692972281808805621 176.525000 0.000000
1692972282073563677 176.691854 0.000000
1692972282073809774 176.645441 0.000000
1692972282250117077 176.666218 0.000000
1692972282251143115 176.742591 0.000000
1692972282516004172 176.573322 0.000000
1692972282603547005 176.610433 0.000000
1692972282604194311 176.504902 0.000000
1692972282604757973 176.554573 0.000000
1692972282870141717 176.792843 0.000000
1692972283045509513 176.571533 0.000000
1692972283045666042 176.748755 0.000000
1692972283045816923 176.626420 0.000000
1692972283135255907 176.599105 0.000000
1692972283223118207 176.998544 0.000000
1692972283223157924 176.984301 0.000000
1692972283310720061 176.757449 0.000000
1692972283399955156 176.817704 0.000000
1692972283577704973 176.684358 0.000000
1692972283577761394 176.683031 0.000000
1692972283842924191 176.543335 0.000000
1692972284018970384 176.928010 0.000000
1692972284107287151 176.526946 0.000000
1692972284195669120 176.492621 0.000000
1692972284196137705 176.543871 0.000000
1692972284283234142 176.578791 0.000000
1692972284284105855 176.508978 0.000000
1692972284372479564 176.565986 0.000000
1692972284549054771 176.491052 0.000000
1692972284549355236 176.541619 0.000000
1692972284814843316 176.774416 0.000000
1692972284814846168 176.780835 0.000000
1692972284902055863 176.629218 0.000000
1692972284902099916 176.625153 0.000000
1692972285079758739 176.642252 0.000000
1692972285256986528 176.453878 0.000000
1692972285345451118 176.527169 0.000000
1692972285433654494 176.655493 0.000000
1692972285433876381 176.708666 0.000000
1692972285698392988 176.921543 0.000000
1692972285698525692 176.747682 0.000000
1692972285875940611 176.845610 0.000000
1692972286052702663 176.983274 0.000000
1692972286318109542 176.804979 0.000000
1692972286407152556 176.933959 0.000000
1692972286407457757 177.073062 0.000000
1692972286671634530 176.578641 0.000000
1692972286672518126 176.759347 0.000000
1692972286760214156 176.598016 0.000000
1692972286848747194 176.544747 0.000000
1692972286937391932 176.488536 0.000000
1692972287202316099 176.619099 0.000000
1692972287202933470 176.786620 0.000000
1692972287202961185 176.720756 0.000000
1692972287291249688 176.398014 0.000000
1692972287467729397 176.839602 0.000000
1692972287556713052 176.899822 0.000000
1692972287556815160 176.908416 0.000000
1692972287909907773 176.580644 0.000000
1692972287998481595 176.540585 0.000000
1692972287998994784 176.440223 0.000000
1692972288087546544 176.510156 0.000000
1692972288175048821 176.598113 0.000000
1692972288440017287 176.522246 0.000000
1692972288618341982 176.621130 0.000000
1692972288706338089 176.504781 0.000000
1692972288971805936 176.752102 0.000000
1692972289059943005 176.685901 0.000000
1692972289149028039 176.553116 0.000000
1692972289326382941 176.542466 0.000000
1692972289414926335 176.696354 0.000000
1692972289502873777 176.837804 0.000000
1692972289590502909 176.524234 0.000000
1692972289590623835 176.631534 0.000000
1692972289767179623 176.531044 0.000000
1692972289943734275 176.536293 0.000000
1692972290122244136 176.508228 0.000000
1692972290386353857 176.523249 0.000000
1692972290387235759 176.630544 0.000000
1692972290387396383 176.534172 0.000000
1692972290473818074 176.469077 0.000000
1692972290652260996 176.437868 0.000000
1692972290739714317 176.379190 0.000000
1692972290828748252 176.472913 0.000000
1692972291004154828 176.711658 0.000000
1692972291181466270 176.540197 0.000000
1692972291269416269 176.739628 0.000000
1692972291270299221 176.588299 0.000000
1692972291270642189 176.507067 0.000000
1692972291535012499 176.690812 0.000000
1692972291623234544 176.735266 0.000000
1692972291624105019 176.603765 0.000000
1692972291711590094 176.718282 0.000000
1692972291712268116 176.761888 0.000000
1692972291712358256 176.629124 0.000000
1692972291799816052 176.560218 0.000000
1692972291976810757 176.463119 0.000000
1692972292065463332 176.455614 0.000000
1692972292066046003 176.750947 0.000000
1692972292330320041 176.631763 0.000000
1692972292418864595 176.645977 0.000000
1692972292419383638 176.613982 0.000000
1692972292508002354 177.188088 0.000000
1692972292596909953 177.116762 0.000000
1692972292685367610 176.989486 0.000000
1692972292773489575 176.721488 0.000000
1692972292862137169 176.642679 0.000000
1692972293038960924 176.846032 0.000000
1692972293039524430 176.596697 0.000000
1692972293039694405 176.745624 0.000000
1692972293126305124 176.624320 0.000000
1692972293215718333 176.620745 0.000000
1692972293481384978 176.663540 0.000000
