1692985608661942123 144.516950 0.000000
1692985609457567200 144.716485 0.000000
1692985609746829733 144.677825 0.000000
1692985610254015251 144.646182 0.000000
1692985610688707551 144.660289 0.000000
1692985610761021481 144.749166 0.000000
1692985611050908519 144.638538 0.000000
1692985611559327752 144.466266 0.000000
1692985611703975953 144.747578 0.000000
1692985611704397912 144.404884 0.000000
1692985612499997455 144.574539 0.000000
1692985613225187036 144.786990 0.000000
1692985613296482762 144.538265 0.000000
1692985613803299440 144.744490 0.000000
1692985614454938005 144.576138 0.000000
1692985614817729980 144.757962 0.000000
1692985615323856183 144.478520 0.000000
1692985615830892935 144.829449 0.000000
1692985616773341754 144.519807 0.000000
1692985617570309992 144.679408 0.000000
1692985617570525133 144.524097 0.000000
1692985618585036131 144.600615 0.000000
1692985618657513551 144.434127 0.000000
1692985618873190691 144.656355 0.000000
1692985620033333723 144.525215 0.000000
1692985620466441741 144.597407 0.000000
1692985621916818183 144.505333 0.000000
1692985621988932362 144.483958 0.000000
1692985622060647901 144.642508 0.000000
1692985622060787887 144.516800 0.000000
1692985622352112476 144.799965 0.000000
1692985622713150825 144.955502 0.000000
1692985623003849926 144.672904 0.000000
1692985623437190041 144.737564 0.000000
1692985623437445531 144.786237 0.000000
1692985623438347598 144.495450 0.000000
1692985624089028887 144.758032 0.000000
1692985624599108364 144.493896 0.000000
1692985624668736759 144.838279 0.000000
1692985624888625922 144.455511 0.000000
1692985625467554348 144.615981 0.000000
1692985625682512763 144.488672 0.000000
1692985625829309397 144.631010 0.000000
1692985626770435269 144.721552 0.000000
1692985626915036290 144.458228 0.000000
1692985627422276786 144.815407 0.000000
1692985628001573581 144.470907 0.000000
1692985628218804408 144.589925 0.000000
1692985628363780363 144.502987 0.000000
1692985629160910481 144.397150 0.000000
1692985629233438317 144.568056 0.000000
1692985629740320538 144.673364 0.000000
1692985630246989874 144.667612 0.000000
1692985631116790754 144.448848 0.000000
1692985631333508015 144.781818 0.000000
1692985631478634857 144.493097 0.000000
1692985631767391145 144.648084 0.000000
1692985631985214498 144.472246 0.000000
1692985632057608865 144.464516 0.000000
1692985632274477513 144.440527 0.000000
1692985632781370479 144.833544 0.000000
1692985633434217415 144.546158 0.000000
1692985634086444025 144.745142 0.000000
1692985634158395915 144.827248 0.000000
1692985635244058649 144.526091 0.000000
1692985635678510470 144.501048 0.000000
1692985637199941938 144.624482 0.000000
1692985637707308448 144.737990 0.000000
1692985637707889387 144.735324 0.000000
1692985638141691895 144.622607 0.000000
1692985638576950240 144.960879 0.000000
1692985639156594580 144.822111 0.000000
1692985639446889871 144.938948 0.000000
1692985639736770425 144.515472 0.000000
1692985640388441380 144.919268 0.000000
1692985640606327404 144.871095 0.000000
1692985641548992373 144.608498 0.000000
1692985641693794182 144.610042 0.000000
1692985642055313993 144.630420 0.000000
1692985642489847449 144.724264 0.000000
1692985642635160469 144.898930 0.000000
1692985642780302993 144.708842 0.000000
1692985644302244832 144.715909 0.000000
1692985644953659099 144.789094 0.000000
1692985645316505787 144.679479 0.000000
1692985647199348821 144.615345 0.000000
1692985649299433005 144.915640 0.000000
1692985649806161127 144.544073 0.000000
1692985649950828863 144.365041 0.000000
1692985650457493092 144.485923 0.000000
1692985651037388438 144.510230 0.000000
1692985652776114674 144.686671 0.000000
1692985654367876044 144.683393 0.000000
1692985656541274861 144.588156 0.000000
1692985656613429033 144.775358 0.000000
1692985656976031221 144.891669 0.000000
1692985657338822306 145.014250 0.000000
1692985658062456168 144.478425 0.000000
1692985658424681306 144.504920 0.000000
1692985659004091052 144.604484 0.000000
1692985660235532268 144.765896 0.000000
1692985660815749660 144.424185 0.000000
1692985661394850343 144.729139 0.000000
1692985662046907780 144.630600 0.000000
1692985662119286927 144.574299 0.000000
1692985662119499583 144.548239 0.000000
1692985663277922777 144.696885 0.000000
1692985664076069640 144.554563 0.000000
1692985664365367190 144.497575 0.000000
1692985664437317437 144.564136 0.000000
1692985665886206075 144.655117 0.000000
1692985666972634069 144.660846 0.000000
1692985667045017836 144.431802 0.000000
1692985667190071723 144.648322 0.000000
1692985667552404599 144.828667 0.000000
1692985667842718508 144.688109 0.000000
1692985668059659434 144.586392 0.000000
1692985668421193269 144.611726 0.000000
1692985669074563375 144.781342 0.000000
1692985669145991976 144.600064 0.000000
1692985669363540168 144.747974 0.000000
1692985669364410672 144.626235 0.000000
1692985669435871042 144.727602 0.000000
1692985669581428959 144.616293 0.000000
1692985669942291819 144.799148 0.000000
1692985670087349795 144.530526 0.000000
1692985670159281895 144.544064 0.000000
1692985671536327195 144.693206 0.000000
1692985671536354744 144.614749 0.000000
1692985672622521104 144.581380 0.000000
1692985672983877178 144.711880 0.000000
1692985673997742604 144.662465 0.000000
1692985674070806636 144.765170 0.000000
1692985674360248373 144.585720 0.000000
1692985675157664528 144.722179 0.000000
1692985675663919202 144.727275 0.000000
1692985675881312724 144.596781 0.000000
1692985675954153692 144.498894 0.000000
1692985676389095044 144.639461 0.000000
1692985676533578266 144.446401 0.000000
1692985676678402924 144.830977 0.000000
1692985676678650897 144.575522 0.000000
1692985676751341454 144.608348 0.000000
1692985677836759860 144.633362 0.000000
1692985678053966492 144.650567 0.000000
1692985678055674187 144.723021 0.000000
1692985678490348978 144.740592 0.000000
1692985679287258847 144.546980 0.000000
1692985679504149301 144.641916 0.000000
1692985680301187420 144.420330 0.000000
1692985680952259541 144.614740 0.000000
1692985681242217430 144.517201 0.000000
1692985681532740212 144.756895 0.000000
1692985681749752294 144.759882 0.000000
1692985681894281890 144.570059 0.000000
1692985682183973815 144.634535 0.000000
1692985683416363241 144.611717 0.000000
1692985684139495926 144.484130 0.000000
1692985684212429410 144.557555 0.000000
1692985685733922591 144.919704 0.000000
1692985685951462889 144.749522 0.000000
1692985686241084315 144.487206 0.000000
1692985686965853590 144.607231 0.000000
1692985687473666391 144.712330 0.000000
1692985687690009745 144.640223 0.000000
1692985687762402759 144.536455 0.000000
1692985688051112831 144.533549 0.000000
1692985688268957513 144.496649 0.000000
1692985688558928178 144.456094 0.000000
1692985689573151162 144.609367 0.000000
1692985689718183635 144.724755 0.000000
1692985689790940245 144.619068 0.000000
1692985690006524315 144.449483 0.000000
1692985690008182806 144.558412 0.000000
1692985690080541379 144.506075 0.000000
1692985690368769212 144.719606 0.000000
1692985691310632871 144.633613 0.000000
1692985692036346341 144.512320 0.000000
1692985692542538365 144.555230 0.000000
1692985692687355801 144.701095 0.000000
1692985693485211306 144.735921 0.000000
1692985693702205487 144.671145 0.000000
1692985693991773167 144.838876 0.000000
1692985694209807397 144.690750 0.000000
1692985694427056767 144.461196 0.000000
1692985695222877169 144.876163 0.000000
1692985695585235550 144.420761 0.000000
1692985695657627582 144.609231 0.000000
1692985696091868703 144.778906 0.000000
1692985696961519102 144.532522 0.000000
1692985697105821502 144.560407 0.000000
1692985697685059042 144.689358 0.000000
1692985697685453576 144.648231 0.000000
1692985698264436727 144.407290 0.000000
1692985698699107920 144.852938 0.000000
1692985699279760437 144.558774 0.000000
1692985699785744392 144.684432 0.000000
1692985700003612374 144.561956 0.000000
1692985700220863173 144.724555 0.000000
1692985701017224420 144.830091 0.000000
1692985701380211091 144.437821 0.000000
1692985701524245191 144.627754 0.000000
1692985701524857222 144.610624 0.000000
1692985701814115251 144.589621 0.000000
1692985701814664116 144.641937 0.000000
1692985702248388798 144.624096 0.000000
1692985702538114753 144.525025 0.000000
1692985703262686362 144.528072 0.000000
1692985703408576488 144.560347 0.000000
1692985703625763614 144.953418 0.000000
1692985704205873912 144.811072 0.000000
1692985705291886640 144.601407 0.000000
1692985705363610865 144.669587 0.000000
1692985705725626628 144.534502 0.000000
1692985705726429755 144.588041 0.000000
1692985706233769610 144.714541 0.000000
1692985706740470892 144.501660 0.000000
1692985707392016697 144.475649 0.000000
1692985707828656003 144.888607 0.000000
1692985708336571298 144.472067 0.000000
1692985708770630546 144.642859 0.000000
1692985709205807333 144.632660 0.000000
1692985710002715229 144.924856 0.000000
1692985710291994372 144.540185 0.000000
1692985710292246144 144.580909 0.000000
1692985712393110478 144.664430 0.000000
1692985712827723356 144.697837 0.000000
1692985713624243649 144.719362 0.000000
1692985714855465596 144.656757 0.000000
1692985715145266075 144.670879 0.000000
1692985715580491891 144.530242 0.000000
1692985716159733209 144.858402 0.000000
1692985716521588278 144.421192 0.000000
1692985716593306469 144.691137 0.000000
1692985717101143373 145.036391 0.000000
1692985717608384257 144.687719 0.000000
1692985717753416208 144.686892 0.000000
1692985717899156711 144.605997 0.000000
1692985717899194587 144.664700 0.000000
1692985718188491694 145.015953 0.000000
1692985718985239919 144.751557 0.000000
1692985719710097956 144.570912 0.000000
1692985720070886479 144.673251 0.000000
1692985720216081054 144.835779 0.000000
1692985721375282206 145.125003 0.000000
1692985721520624586 144.585867 0.000000
1692985721737029985 144.756850 0.000000
1692985722895523758 144.811387 0.000000
1692985723836963709 144.847788 0.000000
1692985724053812809 144.547256 0.000000
1692985724561474584 144.616863 0.000000
1692985724995696346 144.405215 0.000000
1692985724996189259 144.571072 0.000000
1692985725140894579 144.688265 0.000000
1692985725647023788 144.788133 0.000000
1692985726227385463 144.522534 0.000000
1692985726443606166 144.584282 0.000000
1692985726516893921 144.873296 0.000000
1692985726805673640 144.596491 0.000000
1692985727168004788 144.528122 0.000000
1692985727820015067 144.628456 0.000000
1692985727964605960 144.466383 0.000000
1692985727965116205 144.439891 0.000000
1692985728326297327 144.573999 0.000000
1692985728833344050 144.692476 0.000000
1692985728905988759 144.591300 0.000000
1692985729992990560 144.799790 0.000000
1692985729993789733 144.606038 0.000000
1692985730501001565 144.869859 0.000000
1692985730789826986 144.858502 0.000000
1692985731151702046 144.664585 0.000000
1692985731659495780 144.852790 0.000000
1692985732890944271 144.587396 0.000000
1692985732962034789 144.598065 0.000000
1692985732962879909 144.604389 0.000000
1692985733109722761 145.218486 0.000000
1692985733471439869 144.587826 0.000000
1692985733614766836 144.717769 0.000000
1692985735207849201 144.496107 0.000000
1692985736003932472 144.531560 0.000000
1692985736293959338 144.773599 0.000000
1692985736438695437 144.501154 0.000000
1692985737597875793 144.484435 0.000000
1692985737742041034 144.452446 0.000000
1692985738175945572 144.609382 0.000000
1692985738175998726 144.613747 0.000000
1692985738756619335 144.546875 0.000000
1692985738972584443 144.481635 0.000000
1692985739117490896 144.451704 0.000000
1692985741290285442 144.341960 0.000000
1692985741797552805 144.513763 0.000000
1692985742304211423 144.553651 0.000000
1692985742448907186 144.552855 0.000000
1692985744114622069 144.542665 0.000000
1692985744695070763 144.618328 0.000000
1692985745418015106 144.586398 0.000000
1692985745997961743 144.481769 0.000000
1692985746939089144 144.520519 0.000000
1692985747010550677 144.607141 0.000000
1692985749255352771 144.533544 0.000000
1692985750196515053 144.461286 0.000000
1692985750269058678 144.593214 0.000000
1692985750702170989 144.502036 0.000000
1692985750775346783 144.542039 0.000000
1692985751065137689 144.590883 0.000000
1692985751498520019 144.497886 0.000000
1692985751571925242 144.426194 0.000000
1692985751788311793 144.548128 0.000000
1692985751861666504 144.706478 0.000000
1692985752006127414 144.497861 0.000000
1692985752006339774 144.482711 0.000000
1692985754177066618 144.427352 0.000000
1692985754466115505 144.841953 0.000000
1692985755263430587 144.901613 0.000000
1692985755769120999 144.568782 0.000000
1692985755842265099 144.582308 0.000000
