1692985607022539376 176.592369 0.000000
1692985607052917491 176.583178 0.000000
1692985607273641397 176.501642 0.000000
1692985607341422191 176.572067 0.000000
1692985607355829678 176.500274 0.000000
1692985607413767640 176.573089 0.000000
1692985607511963441 176.568625 0.000000
1692985607604201475 176.544778 0.000000
1692985607678693025 176.521574 0.000000
1692985607855322470 176.613243 0.000000
1692985608025670555 176.578462 0.000000
1692985608030218932 176.567380 0.000000
1692985608139941249 176.546922 0.000000
1692985608166797935 176.550742 0.000000
1692985608201463624 176.623245 0.000000
1692985608399734936 176.522256 0.000000
1692985608422574139 176.526660 0.000000
1692985608467487444 176.528440 0.000000
1692985608505099106 176.507567 0.000000
1692985608555816907 176.553273 0.000000
1692985608770038683 176.514674 0.000000
1692985608812833208 176.571943 0.000000
1692985609018123822 176.537046 0.000000
1692985609116594302 176.512167 0.000000
1692985609126957452 176.633194 0.000000
1692985609262859202 176.612748 0.000000
1692985609315398208 176.557703 0.000000
1692985609445856831 176.913256 0.000000
1692985609469786337 176.472406 0.000000
1692985609548043902 176.496641 0.000000
1692985609656930170 176.488763 0.000000
1692985610057842739 176.628222 0.000000
1692985610260687205 176.513035 0.000000
1692985610272180871 176.584586 0.000000
1692985610308037543 176.622147 0.000000
1692985610580349615 176.595285 0.000000
1692985610605701657 176.508158 0.000000
1692985610740580367 176.584867 0.000000
1692985610818297033 176.499018 0.000000
1692985610852975643 176.578516 0.000000
1692985610926523620 176.564645 0.000000
1692985610971937907 176.489865 0.000000
1692985611413500425 176.538885 0.000000
1692985611542686065 176.545134 0.000000
1692985611722077488 176.640837 0.000000
1692985611855138809 176.594154 0.000000
1692985612396781388 176.607990 0.000000
1692985612716357512 176.601004 0.000000
1692985612790336834 176.631280 0.000000
1692985612865039379 176.589392 0.000000
1692985612868451842 176.529117 0.000000
1692985613093478898 176.502144 0.000000
1692985613169324473 176.501728 0.000000
1692985613545812686 176.534144 0.000000
1692985613614978444 176.923149 0.000000
1692985613628083306 176.845769 0.000000
1692985613865787187 176.671397 0.000000
1692985613879903498 176.510359 0.000000
1692985613899215251 176.618189 0.000000
1692985613977067276 176.441663 0.000000
1692985614246672654 176.617457 0.000000
1692985614461912851 176.503925 0.000000
1692985614531578889 176.634522 0.000000
1692985614590476938 176.505342 0.000000
1692985614594489032 176.526726 0.000000
1692985614625740440 176.537477 0.000000
1692985614724084591 176.497833 0.000000
1692985614763043984 176.471955 0.000000
1692985614796495207 176.564019 0.000000
1692985614849012230 176.566739 0.000000
1692985614948603810 176.560856 0.000000
1692985614985563183 176.495037 0.000000
1692985615041903620 176.550702 0.000000
1692985615071770767 176.526792 0.000000
1692985615162124876 176.539771 0.000000
1692985615212903594 176.506455 0.000000
1692985615213460866 176.535597 0.000000
1692985615265385545 176.628273 0.000000
1692985615389468003 176.540087 0.000000
1692985615469727411 176.501157 0.000000
1692985615566226939 176.743872 0.000000
1692985615566815424 176.556195 0.000000
1692985615686087886 176.607756 0.000000
1692985615823044363 176.517987 0.000000
1692985615857584194 176.808287 0.000000
1692985615951094424 176.590419 0.000000
1692985616052199672 176.527302 0.000000
1692985616279316642 176.472822 0.000000
1692985616294268278 176.568458 0.000000
1692985616493885927 176.583002 0.000000
1692985617183304160 176.572548 0.000000
1692985617510214866 176.502475 0.000000
1692985617554283064 176.592634 0.000000
1692985617666703248 176.610341 0.000000
1692985617718139606 176.558900 0.000000
1692985617885552751 176.646666 0.000000
1692985618067140491 176.546071 0.000000
1692985618119645136 176.533236 0.000000
1692985618160016706 176.665661 0.000000
1692985618424888746 176.486186 0.000000
1692985618429657565 176.503711 0.000000
1692985618483217928 176.469032 0.000000
1692985618789055255 176.570011 0.000000
1692985618953790963 176.628984 0.000000
1692985618959841129 176.528861 0.000000
1692985619053963956 176.561572 0.000000
1692985619101571392 176.552771 0.000000
1692985619127846883 176.663134 0.000000
1692985619189376434 176.541396 0.000000
1692985619260229835 176.507837 0.000000
1692985619490109977 176.582365 0.000000
1692985619965206204 176.618666 0.000000
1692985620058369072 176.607440 0.000000
1692985620144084469 176.598299 0.000000
1692985620161593161 176.497238 0.000000
1692985620329086241 176.612436 0.000000
1692985620495227019 176.574909 0.000000
1692985620641480660 176.832994 0.000000
1692985620722307951 176.468251 0.000000
1692985620765241353 176.457977 0.000000
1692985620868569004 176.542062 0.000000
1692985620939241654 176.521879 0.000000
1692985620941779145 176.523108 0.000000
1692985621124325648 176.575741 0.000000
1692985621310564214 176.980843 0.000000
1692985621629774993 176.636091 0.000000
1692985621871235187 176.567562 0.000000
1692985622459129985 176.627522 0.000000
1692985622578532609 176.638927 0.000000
1692985622790748357 176.564790 0.000000
1692985622883761651 176.563568 0.000000
1692985622901497742 176.518202 0.000000
1692985623028298696 176.680355 0.000000
1692985623108754341 176.577028 0.000000
1692985623146913498 176.614947 0.000000
1692985623279672615 176.628318 0.000000
1692985623285340477 176.561297 0.000000
1692985623502535899 176.571811 0.000000
1692985623593152269 176.591362 0.000000
1692985623608141101 176.566619 0.000000
1692985623763205203 176.548020 0.000000
1692985623855910911 176.554717 0.000000
1692985623912406404 176.659210 0.000000
1692985624062714708 176.606492 0.000000
1692985624218653100 176.617227 0.000000
1692985624327975112 176.565648 0.000000
1692985624483670719 176.575381 0.000000
1692985624647176850 176.634061 0.000000
1692985624649964518 176.546367 0.000000
1692985624925625189 176.643017 0.000000
1692985625000794421 176.666117 0.000000
1692985625004776915 176.617007 0.000000
1692985625230249529 176.656910 0.000000
1692985625238922615 176.671780 0.000000
1692985625443221476 176.637274 0.000000
1692985625553126435 176.693670 0.000000
1692985625711955556 176.631705 0.000000
1692985625729721050 176.568870 0.000000
1692985625742633068 176.547060 0.000000
1692985625809506411 176.560940 0.000000
1692985625975811376 176.492276 0.000000
1692985626034876035 176.610607 0.000000
1692985626273165173 176.655241 0.000000
1692985626506004889 176.639164 0.000000
1692985626556331965 176.578606 0.000000
1692985626594251397 176.518833 0.000000
1692985626762853600 176.640552 0.000000
1692985626994125295 176.616706 0.000000
1692985627027921872 176.678405 0.000000
1692985627037691772 176.647809 0.000000
1692985627449433266 176.494997 0.000000
1692985627832096256 176.740995 0.000000
1692985628137818821 176.596089 0.000000
1692985628366363941 176.567522 0.000000
1692985628631400530 176.614311 0.000000
1692985628863605458 176.557990 0.000000
1692985628893069806 176.631235 0.000000
1692985629040314130 176.677167 0.000000
1692985629294913749 176.533317 0.000000
1692985629305203182 176.553774 0.000000
1692985629326787921 176.585793 0.000000
1692985629334925140 176.641003 0.000000
1692985629375427280 176.462478 0.000000
1692985629469095959 176.600584 0.000000
1692985629482150528 176.922819 0.000000
1692985629619757289 176.569943 0.000000
1692985629865230679 176.603490 0.000000
1692985629914495507 176.571821 0.000000
1692985630111941464 176.586271 0.000000
1692985630277680276 176.529789 0.000000
1692985630307292064 176.507252 0.000000
1692985630307383111 176.522918 0.000000
1692985630307422953 176.587208 0.000000
1692985630356357684 176.573831 0.000000
1692985630545694837 176.573105 0.000000
1692985630564585660 176.648385 0.000000
1692985630769394107 176.693976 0.000000
1692985630810809011 176.601441 0.000000
1692985631001958111 176.525343 0.000000
1692985631339774214 176.488943 0.000000
1692985631456786476 176.510929 0.000000
1692985631518877183 176.500275 0.000000
1692985631606055676 176.455255 0.000000
1692985631879568257 176.583529 0.000000
1692985632046770015 176.585934 0.000000
1692985632049175534 176.602252 0.000000
1692985632056158702 176.565477 0.000000
1692985632244117497 176.634022 0.000000
1692985632252514180 176.601842 0.000000
1692985632272687203 176.549880 0.000000
1692985632314197118 176.569953 0.000000
1692985632321081772 176.520443 0.000000
1692985633470189255 176.614481 0.000000
1692985633477970551 176.505538 0.000000
1692985633735245008 176.574007 0.000000
1692985634273699403 176.647683 0.000000
1692985634286029757 176.685201 0.000000
1692985634479770423 176.605941 0.000000
1692985634538794152 176.622625 0.000000
1692985634719520538 176.540970 0.000000
1692985634805480976 176.560179 0.000000
1692985635308577746 176.594209 0.000000
1692985635346998942 176.645147 0.000000
1692985635583260125 176.542764 0.000000
1692985635760027147 176.494422 0.000000
1692985635865378382 176.630719 0.000000
1692985635865424019 176.730817 0.000000
1692985635923952423 176.566303 0.000000
1692985636114333572 176.647654 0.000000
1692985636130549068 176.706330 0.000000
1692985636203921142 176.598348 0.000000
1692985636281026984 176.547200 0.000000
1692985636310094531 176.861240 0.000000
1692985636395541239 176.550372 0.000000
1692985636496061109 176.588009 0.000000
1692985636896676804 176.708209 0.000000
1692985636937983660 176.531458 0.000000
1692985637026207863 176.493509 0.000000
1692985637102484688 176.556892 0.000000
1692985637102534058 176.532360 0.000000
1692985637695053785 176.667596 0.000000
1692985637723467208 176.497975 0.000000
1692985637841549720 176.620651 0.000000
1692985637871849132 176.770736 0.000000
1692985637988416047 176.513871 0.000000
1692985638096185641 176.588606 0.000000
1692985638163158616 176.527880 0.000000
1692985638223314760 176.545199 0.000000
1692985638549702509 176.550957 0.000000
1692985638604968100 176.581635 0.000000
1692985638794813617 176.641760 0.000000
1692985638854489447 176.625175 0.000000
1692985638958354338 176.568795 0.000000
1692985639156965917 176.562896 0.000000
1692985639167576480 176.510224 0.000000
1692985639235799268 176.580081 0.000000
1692985639324270901 176.579164 0.000000
1692985639344233058 176.633976 0.000000
1692985639501855003 176.536819 0.000000
1692985639576900237 176.575616 0.000000
1692985639637282131 176.665135 0.000000
1692985639678374609 176.505573 0.000000
1692985639814567879 176.546753 0.000000
1692985639826917453 176.573986 0.000000
1692985639902431522 176.732316 0.000000
1692985639902864330 176.529689 0.000000
1692985639952528167 176.594990 0.000000
1692985639993240701 176.587459 0.000000
1692985640051522271 176.609078 0.000000
1692985640622731890 176.630669 0.000000
1692985640817412631 176.526642 0.000000
1692985640993982382 176.544908 0.000000
1692985641170534087 176.538034 0.000000
1692985641182360894 176.476689 0.000000
1692985641610358480 176.643413 0.000000
1692985641612427411 176.623551 0.000000
1692985641771977340 176.592600 0.000000
1692985641875498130 176.678360 0.000000
1692985642036984981 176.600703 0.000000
1692985642066458936 176.419983 0.000000
1692985642408330916 176.572784 0.000000
1692985642536100259 176.751735 0.000000
1692985642596354116 176.560130 0.000000
1692985642683354585 176.695921 0.000000
1692985642744677058 176.768448 0.000000
1692985642968392788 176.592470 0.000000
1692985643214703156 176.485481 0.000000
1692985643736116919 176.602318 0.000000
1692985643862337553 176.611353 0.000000
1692985643982518306 176.650966 0.000000
1692985644018892326 176.676867 0.000000
1692985644038980817 176.426584 0.000000
1692985644147729159 176.572033 0.000000
1692985644176992871 176.556120 0.000000
1692985644469308862 176.567050 0.000000
1692985644569417375 176.623842 0.000000
1692985644637751313 176.552913 0.000000
1692985644805994992 176.555308 0.000000
1692985645176271622 176.597922 0.000000
1692985645266568303 176.541661 0.000000
1692985645385619261 176.602328 0.000000
1692985645443253689 176.542784 0.000000
1692985645601458337 176.555289 0.000000
1692985645680481249 176.589789 0.000000
1692985645698637201 176.611289 0.000000
1692985645739159377 176.612742 0.000000
1692985645778141563 176.585830 0.000000
1692985645975242186 178.312800 0.000000
1692985646004389331 176.702195 0.000000
1692985646131572681 176.554562 0.000000
1692985646220089770 176.625843 0.000000
1692985646269288080 176.532746 0.000000
1692985646416876387 176.459766 0.000000
1692985646487346968 176.663405 0.000000
1692985646494233100 176.585449 0.000000
1692985647015898885 176.742129 0.000000
1692985647133462339 176.570268 0.000000
1692985647165897172 176.531859 0.000000
1692985647241943575 176.688142 0.000000
1692985647310066477 176.585554 0.000000
1692985647575086648 176.637260 0.000000
1692985647723269028 176.632542 0.000000
1692985648037303290 176.572744 0.000000
1692985648166566631 176.522743 0.000000
1692985648282422677 176.449787 0.000000
1692985648370802807 176.436622 0.000000
1692985648567648712 176.640056 0.000000
1692985648626023219 176.449638 0.000000
1692985648812047256 176.472506 0.000000
1692985649067507781 176.407058 0.000000
1692985649334137704 176.449702 0.000000
1692985649509135137 176.648766 0.000000
1692985649836296673 176.612060 0.000000
1692985649933268245 176.582582 0.000000
1692985649961140748 176.587168 0.000000
1692985650012978851 176.658182 0.000000
1692985650070132036 176.577666 0.000000
1692985650391962197 176.506885 0.000000
1692985650543133755 176.548162 0.000000
1692985650552372288 176.942379 0.000000
1692985650579960008 176.616560 0.000000
1692985650600816257 176.651542 0.000000
1692985650656897776 176.563017 0.000000
1692985650708032864 176.532641 0.000000
1692985650728955722 176.548784 0.000000
1692985650777471458 176.532521 0.000000
1692985650905503713 176.528000 0.000000
1692985650933384641 176.479859 0.000000
1692985651082114235 176.591107 0.000000
1692985651219602540 176.684278 0.000000
1692985651276879578 176.531588 0.000000
1692985651573201138 176.562320 0.000000
1692985651640651264 176.584416 0.000000
1692985651680081999 176.579856 0.000000
1692985651838334568 176.600293 0.000000
1692985651895164375 176.497356 0.000000
1692985652015148423 176.727911 0.000000
1692985652082564279 176.584442 0.000000
1692985652159285543 176.684524 0.000000
1692985652160144482 176.626854 0.000000
1692985652293368647 176.571131 0.000000
1692985652584854097 176.573932 0.000000
1692985652634233358 176.509667 0.000000
1692985652810950202 176.521509 0.000000
1692985653220273309 176.561503 0.000000
1692985653321347820 176.443048 0.000000
1692985653584472094 176.480003 0.000000
1692985653821395114 176.510249 0.000000
1692985654015699078 176.530501 0.000000
1692985654048002569 176.701589 0.000000
1692985654192689870 176.661756 0.000000
1692985654351371431 176.539657 0.000000
1692985654457617816 176.589709 0.000000
1692985654498230638 176.516709 0.000000
1692985654519843236 176.615298 0.000000
1692985655076464837 176.580508 0.000000
1692985655108659866 176.628218 0.000000
1692985655470680822 176.564745 0.000000
1692985655606679599 176.522492 0.000000
1692985655794056832 176.535698 0.000000
1692985655845425783 176.549521 0.000000
1692985656059063306 176.610186 0.000000
1692985656225435739 176.514029 0.000000
1692985656265889711 176.642581 0.000000
1692985656295535982 176.554738 0.000000
1692985656324173427 176.638672 0.000000
1692985656452156232 176.567793 0.000000
1692985656982451067 176.545662 0.000000
1692985657197679613 176.558682 0.000000
1692985657315699049 176.595337 0.000000
1692985657386625977 176.659436 0.000000
1692985657492342743 176.619002 0.000000
1692985657495213124 176.680916 0.000000
1692985657621617115 176.635255 0.000000
1692985657651624969 176.566560 0.000000
1692985657671904775 176.667986 0.000000
1692985657905088663 176.621272 0.000000
1692985658113653278 176.531017 0.000000
1692985658122771165 176.735874 0.000000
1692985658246236271 176.594109 0.000000
1692985658476290493 176.675598 0.000000
1692985658535367441 176.606232 0.000000
1692985658623222950 176.506084 0.000000
1692985658700801079 176.606553 0.000000
1692985658818688577 176.620445 0.000000
1692985658851224425 176.606944 0.000000
1692985658888147012 176.593848 0.000000
1692985659064698978 176.527665 0.000000
1692985659528193491 176.545206 0.000000
1692985659572522226 176.681668 0.000000
1692985659911907928 176.569938 0.000000
1692985659969850771 176.537782 0.000000
1692985660265527816 176.686098 0.000000
1692985660321905876 176.517020 0.000000
1692985660442110403 176.537637 0.000000
1692985660538910270 176.572750 0.000000
1692985660645814972 176.516844 0.000000
1692985660892487835 176.544499 0.000000
1692985660981287938 177.008569 0.000000
1692985661087756655 176.551013 0.000000
1692985661334617806 176.566089 0.000000
1692985661362834159 176.483987 0.000000
1692985661953605373 176.724136 0.000000
1692985662002855599 176.571647 0.000000
1692985662325416813 176.853448 0.000000
1692985662395612438 176.659882 0.000000
1692985662592783851 176.607019 0.000000
1692985662660609456 176.573232 0.000000
1692985662669370603 176.570734 0.000000
1692985662679043351 176.710941 0.000000
1692985662837541452 176.605460 0.000000
1692985662931262753 176.555855 0.000000
1692985663160314488 176.569683 0.000000
1692985663271430832 176.588346 0.000000
1692985663336944090 176.605480 0.000000
1692985663633253632 176.582994 0.000000
1692985663633300691 176.700792 0.000000
1692985663651975799 176.633085 0.000000
1692985663661232474 176.541216 0.000000
1692985663918654640 176.572995 0.000000
1692985663955714552 176.688058 0.000000
1692985664093858061 176.538377 0.000000
1692985664095130320 176.452093 0.000000
1692985664419522589 176.557128 0.000000
1692985664486368023 176.623427 0.000000
1692985664694663772 176.679583 0.000000
1692985664839895004 176.576674 0.000000
1692985664959522383 176.508867 0.000000
1692985665136181714 176.633942 0.000000
1692985665489786757 176.540028 0.000000
1692985665539182471 176.551721 0.000000
1692985665607359050 176.518287 0.000000
1692985665685920996 176.487331 0.000000
1692985665754891565 176.496998 0.000000
1692985665950726909 176.469879 0.000000
1692985666025776864 176.559800 0.000000
1692985666246484191 176.647202 0.000000
1692985666285106074 176.572227 0.000000
1692985666334500921 176.509092 0.000000
1692985666342623747 176.483587 0.000000
1692985666467530142 176.473262 0.000000
1692985666511318856 176.506115 0.000000
1692985666599659540 176.667640 0.000000
1692985666922789206 176.541988 0.000000
1692985667086187277 176.664738 0.000000
1692985667433965663 176.610382 0.000000
1692985667453034517 176.544063 0.000000
1692985667698795798 176.506642 0.000000
1692985667881223019 176.470356 0.000000
1692985668044589345 176.624935 0.000000
1692985668057716258 176.478239 0.000000
1692985668198701253 176.508725 0.000000
1692985668248219621 176.608940 0.000000
1692985668415018542 176.497079 0.000000
1692985668493917891 176.598230 0.000000
1692985668552186541 176.635796 0.000000
1692985668574642784 176.693796 0.000000
1692985668661978639 176.662769 0.000000
1692985668676165829 176.594540 0.000000
1692985668955231883 176.580053 0.000000
1692985669103882527 176.626365 0.000000
1692985669201043913 176.537739 0.000000
1692985669308829945 176.605807 0.000000
1692985669724621438 176.504395 0.000000
1692985670280981772 176.623763 0.000000
1692985670704032781 176.654530 0.000000
1692985670783999239 176.639379 0.000000
1692985670851516145 176.650359 0.000000
1692985670872164985 176.492106 0.000000
1692985670969037296 176.451878 0.000000
1692985671049965277 176.512654 0.000000
1692985671057461730 176.547963 0.000000
1692985671470329774 176.511246 0.000000
1692985671844876224 176.691611 0.000000
1692985671873912992 176.525324 0.000000
1692985672000814145 176.580753 0.000000
1692985672029850302 176.577070 0.000000
1692985672206441039 176.567012 0.000000
1692985672383066115 176.609074 0.000000
1692985672531107122 176.645162 0.000000
1692985672707907566 176.770239 0.000000
1692985672741812285 176.557409 0.000000
1692985672992721809 176.622996 0.000000
1692985673090260811 176.524001 0.000000
1692985673198661373 176.429866 0.000000
1692985673376334631 176.440618 0.000000
1692985673464862741 176.373282 0.000000
1692985673503373390 176.521641 0.000000
1692985673553672622 176.501024 0.000000
1692985673700184598 176.461962 0.000000
1692985673906309131 176.460607 0.000000
1692985673944757338 176.467893 0.000000
1692985674082037635 176.627306 0.000000
1692985674190013165 176.660860 0.000000
1692985674298138231 176.562425 0.000000
1692985674524863758 176.515590 0.000000
1692985674592380478 176.595081 0.000000
1692985674720198080 176.588756 0.000000
1692985674789863522 176.508726 0.000000
1692985675122837636 176.558020 0.000000
1692985675348776035 176.668542 0.000000
1692985675535420833 176.563583 0.000000
1692985675569050621 176.584672 0.000000
1692985675673637839 176.594972 0.000000
1692985675790476201 176.612412 0.000000
1692985675821104043 176.625578 0.000000
1692985675830108997 176.600193 0.000000
1692985675957573502 176.509062 0.000000
1692985675997955235 176.626690 0.000000
1692985676153299631 176.612051 0.000000
1692985676232411650 176.689847 0.000000
1692985676321953389 176.549727 0.000000
1692985676497533794 176.635345 0.000000
1692985676506735762 176.637114 0.000000
1692985676586919114 176.531208 0.000000
1692985676734783059 176.567913 0.000000
1692985677028777904 176.547646 0.000000
1692985677176892612 176.757344 0.000000
1692985677205354894 176.555490 0.000000
1692985677353593356 176.638513 0.000000
1692985677530223388 176.603471 0.000000
1692985677883952245 176.566962 0.000000
1692985678040024204 176.620225 0.000000
1692985678097492673 176.676105 0.000000
1692985678120867753 176.591243 0.000000
1692985678338279927 176.452163 0.000000
1692985678768040639 176.634628 0.000000
1692985678804898161 176.494012 0.000000
1692985679033263543 176.577869 0.000000
1692985679237903715 176.725384 0.000000
1692985679454251872 176.583367 0.000000
1692985679504947977 176.483336 0.000000
1692985679571988455 176.581836 0.000000
1692985679767968545 176.628861 0.000000
1692985679776855886 176.646105 0.000000
1692985679866350510 176.628840 0.000000
1692985680005433492 176.624730 0.000000
1692985680032930876 176.576948 0.000000
1692985680032963168 176.531674 0.000000
1692985680034815985 176.566160 0.000000
1692985680065406374 176.601025 0.000000
1692985680072645148 176.567211 0.000000
1692985680299672240 176.506274 0.000000
1692985680418817873 176.529608 0.000000
1692985680642035810 176.546388 0.000000
1692985680739873363 176.623551 0.000000
1692985680801661795 177.046557 0.000000
1692985680868541804 176.575902 0.000000
1692985680918243666 176.574043 0.000000
1692985680949425497 176.630494 0.000000
1692985680978400702 176.664424 0.000000
1692985681093220777 176.639896 0.000000
1692985681133602050 176.535152 0.000000
1692985681516868687 176.567178 0.000000
1692985681597834982 176.500061 0.000000
1692985681870865694 176.737760 0.000000
1692985681888692615 176.548689 0.000000
1692985681978965997 176.536184 0.000000
1692985682039645815 176.492127 0.000000
1692985682304216201 176.531968 0.000000
1692985682404240751 176.533434 0.000000
1692985682428978661 176.522603 0.000000
1692985682489214545 176.496838 0.000000
1692985682508836927 176.532898 0.000000
1692985682569812734 176.537843 0.000000
1692985682657582729 176.581034 0.000000
1692985683037425622 176.530437 0.000000
1692985683597603476 176.632308 0.000000
1692985683630525819 176.543843 0.000000
1692985683718926522 176.532647 0.000000
1692985683818742108 176.931905 0.000000
1692985684083961564 176.770315 0.000000
1692985684168016095 176.614764 0.000000
1692985684348829452 176.503995 0.000000
1692985684363078943 176.578738 0.000000
1692985684514975107 176.959600 0.000000
1692985684658527042 176.602870 0.000000
1692985684806226909 176.634810 0.000000
1692985684933903764 176.877089 0.000000
1692985684973086020 176.550272 0.000000
1692985685317043384 176.545857 0.000000
1692985685399664746 176.743737 0.000000
1692985685424998577 176.609471 0.000000
1692985685513404111 176.524257 0.000000
1692985685586480532 176.583545 0.000000
1692985685841509886 176.511924 0.000000
1692985686348136965 176.542238 0.000000
1692985686372027075 176.656961 0.000000
1692985686682088330 176.575230 0.000000
1692985686701785385 176.587724 0.000000
1692985686725563644 176.541230 0.000000
1692985686749678231 176.468106 0.000000
1692985686780418445 176.514109 0.000000
1692985686790140047 176.572980 0.000000
1692985687167639645 176.653803 0.000000
1692985687369579988 176.542790 0.000000
1692985687433100428 176.784768 0.000000
1692985687456717558 176.554814 0.000000
1692985687468594982 176.682125 0.000000
1692985687526339654 176.489206 0.000000
1692985687609691285 176.583641 0.000000
1692985687698164447 176.570169 0.000000
1692985687702991347 176.635119 0.000000
1692985687884208988 176.571033 0.000000
1692985688175750909 176.570910 0.000000
1692985688606321262 176.455357 0.000000
1692985688725116578 176.649819 0.000000
1692985688852128670 176.467740 0.000000
1692985688935778261 176.662780 0.000000
1692985689112827379 176.845570 0.000000
1692985689112829073 176.736240 0.000000
1692985689335203312 176.552443 0.000000
1692985689608674384 176.468608 0.000000
1692985689849090414 176.535443 0.000000
1692985689865239903 176.507042 0.000000
1692985689908856650 176.635601 0.000000
1692985689962233225 176.503373 0.000000
1692985690000997730 176.487447 0.000000
1692985690019624078 176.501590 0.000000
1692985690034873075 176.485346 0.000000
1692985690174028506 176.561122 0.000000
1692985690708069000 176.783360 0.000000
1692985691003149288 176.572910 0.000000
1692985691022396491 176.658711 0.000000
1692985691183725567 176.678506 0.000000
1692985691190464702 176.619469 0.000000
1692985691326539051 176.581629 0.000000
1692985691414653406 176.519268 0.000000
1692985691699067444 176.633501 0.000000
1692985691798504872 176.506611 0.000000
1692985691906028620 176.546028 0.000000
1692985691979050774 176.611806 0.000000
1692985692151293881 176.581084 0.000000
1692985692235462009 176.549240 0.000000
1692985692332284925 176.562260 0.000000
1692985692384557736 176.684891 0.000000
1692985692474993220 176.739402 0.000000
1692985692561470768 176.729771 0.000000
1692985692671433522 176.521575 0.000000
1692985692770049928 176.546213 0.000000
1692985692892156978 176.584924 0.000000
1692985692942722120 176.492935 0.000000
1692985693024949695 176.546399 0.000000
1692985693135371237 176.612303 0.000000
1692985693212636869 176.538470 0.000000
1692985693312030989 176.645724 0.000000
1692985693357264210 176.573918 0.000000
1692985693488654939 176.601435 0.000000
1692985693496932880 176.601262 0.000000
1692985693533912276 176.579851 0.000000
1692985693909127723 176.745913 0.000000
1692985694027209775 176.659471 0.000000
1692985694115518551 176.568706 0.000000
1692985694557347302 176.583004 0.000000
1692985694710403900 176.500086 0.000000
1692985695066118711 176.626561 0.000000
1692985695152239129 176.627032 0.000000
1692985695302751026 176.423577 0.000000
1692985695610018162 176.543088 0.000000
1692985695786672950 176.640619 0.000000
1692985695943395543 176.846301 0.000000
1692985695947421253 176.550854 0.000000
1692985696129381803 176.686218 0.000000
1692985696296867940 176.629036 0.000000
1692985696480168569 176.775828 0.000000
1692985696480246651 176.826686 0.000000
1692985696659592335 176.500482 0.000000
1692985696747088738 176.542726 0.000000
1692985696836502586 176.678948 0.000000
1692985697189921752 176.492097 0.000000
1692985697364062492 176.637721 0.000000
1692985697446103087 176.525039 0.000000
1692985697600383617 176.489486 0.000000
1692985697628924676 176.453096 0.000000
1692985697748172682 176.471519 0.000000
1692985697917223926 176.462950 0.000000
1692985697926218922 176.897446 0.000000
1692985698070626747 176.566821 0.000000
1692985698153146914 176.570424 0.000000
1692985698160912885 176.573417 0.000000
1692985698182105791 176.551556 0.000000
1692985698190032646 176.533259 0.000000
1692985698195023026 176.479202 0.000000
1692985698367993417 176.601703 0.000000
1692985698379021289 176.593183 0.000000
1692985698506859950 176.608218 0.000000
1692985698544988570 176.670508 0.000000
1692985698719083398 176.551711 0.000000
1692985698777565691 176.528728 0.000000
1692985698801271867 176.862550 0.000000
1692985698897029318 176.493265 0.000000
1692985698985543787 176.525791 0.000000
1692985699191335450 176.514124 0.000000
1692985699419936451 176.691081 0.000000
1692985699515324367 176.496301 0.000000
1692985699596599346 176.638408 0.000000
1692985699601122835 176.583505 0.000000
1692985699626171575 176.684916 0.000000
1692985699861651408 176.596896 0.000000
1692985699950067396 176.525249 0.000000
1692985700323926268 176.566391 0.000000
1692985700516960552 176.561168 0.000000
1692985700664058204 176.516485 0.000000
1692985701164186874 176.581265 0.000000
1692985701384826500 176.589545 0.000000
1692985701512212245 176.560092 0.000000
1692985701541501773 176.528866 0.000000
1692985701807724405 176.590567 0.000000
1692985701954124112 176.618857 0.000000
1692985701988116470 176.744605 0.000000
1692985702224772068 176.570485 0.000000
1692985702229028706 176.536571 0.000000
1692985702285213862 176.492303 0.000000
1692985702484410234 176.758447 0.000000
1692985702783319925 176.513417 0.000000
1692985703221604712 176.492513 0.000000
1692985704085098123 176.507484 0.000000
1692985704848340379 176.605211 0.000000
1692985705081444386 176.526247 0.000000
1692985705167908086 176.719416 0.000000
1692985705262854330 176.643375 0.000000
1692985705434756815 176.594341 0.000000
1692985705764357970 177.036445 0.000000
1692985706058383308 176.891186 0.000000
1692985706085184829 176.549612 0.000000
1692985706109085824 176.585059 0.000000
1692985706261894159 176.544810 0.000000
1692985706600607392 176.579686 0.000000
1692985706670782605 176.573161 0.000000
1692985707146475812 177.423851 0.000000
1692985707176761421 176.619409 0.000000
1692985707202713395 176.780263 0.000000
1692985707264283856 182.572430 0.000000
1692985707378370389 176.614458 0.000000
1692985707443666857 176.613345 0.000000
1692985707661263461 176.592762 0.000000
1692985707706348366 176.672678 0.000000
1692985707768752934 176.565528 0.000000
1692985707863196944 176.571908 0.000000
1692985707998304688 176.727265 0.000000
1692985708329424594 176.723677 0.000000
1692985708417633421 176.604354 0.000000
1692985708771275337 176.564917 0.000000
1692985708826636601 176.596446 0.000000
1692985708948165426 176.644397 0.000000
1692985709149648325 176.551430 0.000000
1692985709180082987 176.641646 0.000000
1692985709678333952 176.637156 0.000000
1692985709856600484 176.565709 0.000000
1692985709920476842 176.541322 0.000000
1692985710048993467 176.626360 0.000000
1692985710240936362 176.593413 0.000000
1692985710362639281 176.659031 0.000000
1692985710420548315 176.598741 0.000000
1692985710503212296 176.517863 0.000000
1692985710627910880 176.619524 0.000000
1692985710682543904 176.543753 0.000000
1692985710691757769 176.555976 0.000000
1692985710889214486 176.608173 0.000000
1692985711005647631 176.577086 0.000000
1692985711069777113 176.531620 0.000000
1692985711306618274 176.546654 0.000000
1692985711364171660 176.532751 0.000000
1692985711398817218 176.566395 0.000000
1692985712066333421 176.601587 0.000000
1692985712093971649 176.548687 0.000000
1692985712096251265 176.579596 0.000000
1692985712154578737 176.463421 0.000000
1692985712307330364 176.554398 0.000000
1692985712773139415 176.596345 0.000000
1692985712897324031 176.517141 0.000000
1692985712955162015 176.432117 0.000000
1692985713098184076 176.523686 0.000000
1692985713102486781 176.498317 0.000000
1692985713279164595 176.537499 0.000000
1692985713338863350 176.597244 0.000000
1692985713342839063 176.613721 0.000000
1692985713484997053 176.622205 0.000000
1692985713602328604 176.450102 0.000000
1692985713951475463 176.522433 0.000000
1692985714014980827 176.545527 0.000000
1692985714103388888 176.519983 0.000000
1692985714247174601 176.512440 0.000000
1692985714338594071 176.519146 0.000000
1692985714344229357 176.565433 0.000000
1692985714393483407 176.451064 0.000000
1692985714420845768 176.487357 0.000000
1692985715219351305 176.561220 0.000000
1692985715453889080 176.565398 0.000000
1692985715484318534 176.583536 0.000000
1692985715630677687 176.663005 0.000000
1692985715630768940 176.732307 0.000000
1692985715753082777 176.673324 0.000000
1692985715837639459 176.545883 0.000000
1692985715929661025 176.562752 0.000000
1692985715955921076 176.648376 0.000000
1692985715984006860 176.494278 0.000000
1692985716076348813 176.565498 0.000000
1692985716148057701 176.643290 0.000000
1692985716224511955 176.607432 0.000000
1692985716224553602 176.462154 0.000000
1692985716518153248 176.527104 0.000000
1692985716544464202 176.478385 0.000000
1692985716602730192 176.533138 0.000000
1692985716766580876 176.560387 0.000000
1692985716867688882 176.509182 0.000000
1692985717074725142 176.618787 0.000000
1692985717225261362 176.633698 0.000000
1692985717297071395 176.724478 0.000000
1692985717398136872 176.559168 0.000000
1692985717519730973 176.596861 0.000000
1692985717525527485 176.659031 0.000000
1692985717727649813 176.744876 0.000000
1692985717752032523 176.494623 0.000000
1692985717815822696 176.556357 0.000000
1692985717916004054 176.655653 0.000000
1692985717958749831 176.542845 0.000000
1692985717992833356 176.672789 0.000000
1692985718045158453 176.685709 0.000000
1692985718181159116 176.641906 0.000000
1692985718198995300 176.610693 0.000000
1692985718286116446 176.597272 0.000000
1692985718346465845 176.691952 0.000000
1692985718346514724 176.815826 0.000000
1692985718357943679 176.759901 0.000000
1692985718400593553 176.505944 0.000000
1692985718523156855 176.626325 0.000000
1692985718577337436 176.453383 0.000000
1692985718669481087 176.634750 0.000000
1692985718753665492 176.571708 0.000000
1692985719106226814 176.661652 0.000000
1692985719520475268 176.666644 0.000000
1692985719700165644 176.457251 0.000000
1692985719876734691 176.554853 0.000000
1692985719942038436 176.509157 0.000000
1692985720083762516 176.516524 0.000000
1692985720141816653 176.576458 0.000000
1692985720168515607 176.620377 0.000000
1692985720433416304 176.494007 0.000000
1692985720581200454 176.632760 0.000000
1692985720610035930 176.604054 0.000000
1692985720759159190 176.605804 0.000000
1692985720822301826 176.623654 0.000000
1692985720822301816 176.701736 0.000000
1692985720846251018 176.563880 0.000000
1692985720998968621 176.647700 0.000000
1692985721055770387 176.671570 0.000000
1692985721111776006 177.049174 0.000000
1692985721139805159 176.673766 0.000000
1692985721204371609 176.642930 0.000000
1692985721228706017 176.632018 0.000000
1692985721586103300 176.503780 0.000000
1692985721646445191 176.508731 0.000000
1692985721819068514 176.644082 0.000000
1692985721936703120 176.553140 0.000000
1692985722053956158 176.623418 0.000000
1692985722172470392 176.524924 0.000000
1692985722236796572 176.622577 0.000000
1692985722289273493 176.656897 0.000000
1692985722407167949 176.641157 0.000000
1692985722558122828 176.507765 0.000000
1692985722584141697 176.507418 0.000000
1692985722618739334 176.506867 0.000000
1692985722707167732 176.469556 0.000000
1692985722823116921 176.628541 0.000000
1692985722859738046 176.562091 0.000000
1692985722937491955 176.611796 0.000000
1692985723379763498 176.552373 0.000000
1692985723474391245 176.560392 0.000000
1692985723733323609 176.570580 0.000000
1692985723743389903 176.506612 0.000000
1692985723823045949 176.456841 0.000000
1692985723883413881 176.537805 0.000000
1692985724028398304 176.629953 0.000000
1692985724353331045 176.556808 0.000000
1692985724651224782 176.573612 0.000000
1692985724744883619 176.584819 0.000000
1692985724767349137 176.566040 0.000000
1692985724977268718 176.567508 0.000000
1692985725206731421 176.586715 0.000000
1692985725236598402 176.824481 0.000000
1692985725325037250 176.571788 0.000000
1692985725354431132 176.483660 0.000000
1692985725413601429 176.534568 0.000000
1692985725678705087 176.713730 0.000000
1692985725973150312 176.675183 0.000000
1692985726037832991 176.641350 0.000000
1692985726181797185 176.684085 0.000000
1692985726361685463 176.602245 0.000000
1692985726386287905 176.605923 0.000000
1692985726621372143 176.596952 0.000000
1692985726651611389 176.694348 0.000000
1692985726684524160 176.572646 0.000000
1692985726833541039 176.581877 0.000000
1692985726916770857 176.601006 0.000000
1692985727068708253 176.529274 0.000000
1692985727099298453 176.600997 0.000000
1692985727331218244 176.701134 0.000000
1692985727376369243 176.721642 0.000000
1692985727421996266 176.517116 0.000000
1692985727535290279 176.435631 0.000000
1692985727626689342 176.488540 0.000000
1692985727684662390 176.555255 0.000000
1692985727800703407 177.036761 0.000000
1692985727838822585 176.506562 0.000000
1692985727949984431 176.605186 0.000000
1692985728011780632 176.505998 0.000000
1692985728098721554 176.585194 0.000000
1692985728217395138 176.701470 0.000000
1692985728508262401 176.616558 0.000000
1692985728569074066 176.709719 0.000000
1692985728718687408 176.515252 0.000000
1692985728891090413 176.530036 0.000000
1692985729144633073 176.640648 0.000000
1692985729421602278 176.578075 0.000000
1692985729454737261 176.607574 0.000000
1692985729661363585 176.669039 0.000000
1692985729837956754 176.568847 0.000000
1692985729959877556 176.626461 0.000000
1692985730014595177 176.614372 0.000000
1692985730217563223 176.565478 0.000000
1692985730397347314 176.538647 0.000000
1692985730659636330 176.646192 0.000000
1692985730694189678 176.558637 0.000000
1692985730719635744 176.547563 0.000000
1692985730896202531 176.550373 0.000000
1692985730924541891 176.538041 0.000000
1692985731012993855 176.579642 0.000000
1692985731071944433 176.768125 0.000000
1692985731160282301 176.612023 0.000000
1692985731189656650 176.518810 0.000000
1692985731576175328 176.581897 0.000000
1692985731638613944 176.772441 0.000000
1692985731898940017 176.463241 0.000000
1692985732044182371 176.550414 0.000000
1692985732108360737 176.591834 0.000000
1692985732692883718 176.545096 0.000000
1692985732698631721 176.536723 0.000000
1692985732840198225 176.617350 0.000000
1692985732928574937 176.543678 0.000000
1692985733105174666 176.549108 0.000000
1692985733724039693 176.661267 0.000000
1692985733787289538 176.526713 0.000000
1692985734112239379 176.524559 0.000000
1692985734195667840 176.550620 0.000000
1692985734465508328 176.525796 0.000000
1692985734536597724 176.547907 0.000000
1692985734637819384 176.490854 0.000000
1692985734730385137 176.512369 0.000000
1692985734784790276 176.652897 0.000000
1692985734902532353 176.503556 0.000000
1692985734932179547 176.535213 0.000000
1692985734932876173 176.614382 0.000000
1692985735227163276 176.654726 0.000000
1692985735332499177 176.608634 0.000000
1692985735553641454 176.568797 0.000000
1692985735553936872 176.566777 0.000000
1692985735609494824 176.555030 0.000000
1692985735639640473 176.651956 0.000000
1692985735757684512 176.633072 0.000000
1692985736039640790 176.566557 0.000000
1692985736139773586 176.587751 0.000000
1692985736140475364 176.603217 0.000000
1692985736170187359 176.652435 0.000000
1692985736199898387 176.611491 0.000000
1692985736498468032 176.575483 0.000000
1692985736642023284 176.597765 0.000000
1692985736847313430 176.562568 0.000000
1692985736965597127 176.556760 0.000000
1692985737084104565 176.640725 0.000000
1692985737142326783 176.552559 0.000000
1692985737144574961 176.456355 0.000000
1692985737200687944 176.638890 0.000000
1692985737382140403 176.505319 0.000000
1692985737437845317 176.625364 0.000000
1692985737526503967 176.779768 0.000000
1692985737614997807 176.885218 0.000000
1692985737672634934 176.472678 0.000000
1692985737675208859 177.001048 0.000000
1692985737730901389 176.557791 0.000000
1692985737791702981 176.644573 0.000000
1692985737880013871 176.668102 0.000000
1692985737940087548 176.530632 0.000000
1692985738000607193 176.610664 0.000000
1692985738161540965 176.609176 0.000000
1692985738234952536 176.533394 0.000000
1692985738322118361 176.650352 0.000000
1692985738426538255 176.637752 0.000000
1692985738614924477 176.549462 0.000000
1692985738675722375 176.648091 0.000000
1692985738735255514 176.420872 0.000000
1692985738910531677 176.615752 0.000000
1692985738910576591 176.578825 0.000000
1692985738941128807 176.757483 0.000000
1692985738998981666 176.543408 0.000000
1692985739117798478 176.548540 0.000000
1692985739322119869 176.685117 0.000000
1692985739471387417 176.653494 0.000000
1692985739471452924 176.712581 0.000000
1692985739560002009 176.619133 0.000000
1692985739560331350 176.501580 0.000000
1692985739588666822 176.596055 0.000000
1692985739825285741 176.608299 0.000000
1692985740236763046 176.712279 0.000000
1692985740355787147 176.643390 0.000000
1692985740355980682 176.761635 0.000000
1692985740413473733 176.643896 0.000000
1692985740590233183 176.540391 0.000000
1692985740620754101 176.557134 0.000000
1692985740620971873 176.518364 0.000000
1692985740679800803 176.651724 0.000000
1692985740974641975 176.548128 0.000000
1692985741255223904 176.591774 0.000000
1692985741416857770 176.759566 0.000000
1692985741474261779 176.526072 0.000000
1692985741474302704 176.632004 0.000000
1692985741505007574 176.695250 0.000000
1692985741505140779 176.620712 0.000000
1692985741798560263 176.561755 0.000000
1692985741858600839 176.644708 0.000000
1692985742004630580 176.619610 0.000000
1692985742300634173 176.596822 0.000000
1692985742328695486 176.622717 0.000000
1692985742389152122 176.650300 0.000000
1692985742505413766 176.504933 0.000000
1692985742535169242 176.657964 0.000000
1692985742566022789 176.618823 0.000000
1692985742654267906 176.476125 0.000000
1692985742712918502 176.554280 0.000000
1692985742742559967 176.521752 0.000000
1692985742800486071 176.727360 0.000000
1692985742919370066 176.630981 0.000000
1692985742946959796 176.484384 0.000000
1692985743272959475 176.701846 0.000000
1692985743272964016 176.766265 0.000000
1692985743392614139 176.486706 0.000000
1692985743449988107 176.765119 0.000000
1692985743538389052 176.691202 0.000000
1692985744334398697 176.468107 0.000000
1692985744391756719 176.584213 0.000000
1692985744422885301 176.660915 0.000000
1692985744540058915 176.595323 0.000000
1692985744657016760 176.590394 0.000000
1692985744687753035 176.570812 0.000000
1692985744715437967 176.608928 0.000000
1692985744953091996 176.464123 0.000000
1692985745098307142 176.586092 0.000000
1692985745129568222 176.524894 0.000000
1692985745275543847 176.436357 0.000000
1692985745335269240 176.562362 0.000000
1692985745394546568 176.699370 0.000000
1692985745571281016 176.513272 0.000000
1692985745748028798 176.757375 0.000000
1692985745748116518 176.550994 0.000000
1692985745836372886 176.707073 0.000000
1692985745894063898 176.562887 0.000000
1692985745955233180 176.614358 0.000000
1692985746013361846 177.019531 0.000000
1692985746159361502 176.640198 0.000000
1692985746632410622 176.757937 0.000000
1692985746748424712 176.641206 0.000000
1692985746809423693 176.765615 0.000000
1692985746955742702 176.454516 0.000000
1692985747162864823 176.597012 0.000000
1692985747220502139 176.624025 0.000000
1692985747339614324 176.725195 0.000000
1692985747604933294 176.577202 0.000000
1692985747663013486 176.625549 0.000000
1692985747722726404 176.491361 0.000000
1692985747723735302 176.503499 0.000000
1692985747928255176 176.663157 0.000000
1692985747958485037 176.458024 0.000000
1692985748193621967 176.642449 0.000000
1692985748399823920 176.574124 0.000000
1692985748488748854 176.597699 0.000000
1692985748488878551 176.461657 0.000000
1692985748517889510 176.493953 0.000000
1692985748623945131 176.623970 0.000000
1692985748812348182 176.612408 0.000000
1692985748871042018 176.536492 0.000000
1692985748889005814 176.612729 0.000000
1692985749019128110 176.647580 0.000000
1692985749284616213 176.767515 0.000000
1692985749461357361 176.625721 0.000000
1692985749815241778 176.624091 0.000000
1692985749844037110 176.593980 0.000000
1692985749873267304 176.640273 0.000000
1692985750315253759 176.591044 0.000000
1692985750345708248 176.544856 0.000000
1692985750374199186 176.648342 0.000000
1692985750491902161 176.632922 0.000000
1692985750522761582 176.785777 0.000000
1692985750550983078 176.687673 0.000000
1692985750698516189 176.507004 0.000000
1692985750904662904 176.607592 0.000000
1692985751141660965 176.494579 0.000000
1692985751169890340 176.617014 0.000000
1692985751276509177 176.621384 0.000000
1692985751287902260 176.658195 0.000000
1692985751318320704 176.560027 0.000000
1692985751406849872 176.617445 0.000000
1692985751495173156 176.546681 0.000000
1692985751582367633 176.606805 0.000000
1692985751671936992 176.617110 0.000000
1692985751730051625 176.710442 0.000000
1692985751760539486 176.753753 0.000000
1692985752171897007 176.562422 0.000000
1692985752260332919 176.592076 0.000000
1692985752556018807 176.585616 0.000000
1692985752673615626 176.529149 0.000000
1692985752673796627 176.472187 0.000000
1692985752967730683 176.765675 0.000000
1692985753292169149 176.670243 0.000000
1692985753380792426 176.562663 0.000000
1692985753409950137 176.666825 0.000000
1692985753557339678 176.723562 0.000000
1692985753586576548 176.597534 0.000000
1692985753705441157 176.665808 0.000000
1692985753841407767 176.580675 0.000000
1692985754265091673 176.690564 0.000000
1692985754294141928 176.689741 0.000000
1692985754294144414 176.711419 0.000000
1692985754678397199 176.635402 0.000000
1692985754824727024 176.660691 0.000000
1692985755001666709 176.726133 0.000000
1692985755443897704 176.882848 0.000000
1692985755532009320 176.653815 0.000000
1692985755708945512 176.605066 0.000000
1692985755905117145 176.631288 0.000000
1692985755915243134 176.573002 0.000000
1692985755974147535 176.606635 0.000000
1692985756211119175 176.575397 0.000000
