1692985607359867609 216.533548 0.000000
1692985607721706918 216.746268 0.000000
1692985607938369556 216.655437 0.000000
1692985608669640393 216.597386 0.000000
1692985609242723739 216.550097 0.000000
1692985609755089205 216.656639 0.000000
1692985610401494110 216.540520 0.000000
1692985611198755239 216.594720 0.000000
1692985611560592968 216.805458 0.000000
1692985611778726181 216.943816 0.000000
1692985611850676789 216.646736 0.000000
1692985612067779817 216.818967 0.000000
1692985612719891368 216.812327 0.000000
1692985612937402539 216.634858 0.000000
1692985615908470773 216.750397 0.000000
1692985616560245657 216.477588 0.000000
1692985617501305630 216.637179 0.000000
1692985617718508809 216.516183 0.000000
1692985618153589567 216.690066 0.000000
1692985618297700299 216.812697 0.000000
1692985618443086518 216.588371 0.000000
1692985620182312342 216.538545 0.000000
1692985620544492182 216.900827 0.000000
1692985620906901486 216.824224 0.000000
1692985621485701221 216.677424 0.000000
1692985621848528877 216.592520 0.000000
1692985622138012818 216.645378 0.000000
1692985622428132851 216.671518 0.000000
1692985622790507715 216.583674 0.000000
1692985623370158147 216.590159 0.000000
1692985625325922707 216.877788 0.000000
1692985625905865248 216.557253 0.000000
1692985626123253975 216.509768 0.000000
1692985626340361462 216.675568 0.000000
1692985626991919156 216.780672 0.000000
1692985626992810718 216.790395 0.000000
1692985627136972159 216.652665 0.000000
1692985627353641052 216.645780 0.000000
1692985627499559717 216.940003 0.000000
1692985627934349704 216.784833 0.000000
1692985628150856961 216.663680 0.000000
1692985628440663035 216.671273 0.000000
1692985628513611773 216.612512 0.000000
1692985628585899510 216.542013 0.000000
1692985628947072751 216.713863 0.000000
1692985630976026572 216.795422 0.000000
1692985631120652537 216.628880 0.000000
1692985631265481765 216.444392 0.000000
1692985631699790999 216.619132 0.000000
1692985631917445168 216.484770 0.000000
1692985634162560443 216.565041 0.000000
1692985634452757766 216.688492 0.000000
1692985634597865426 216.663255 0.000000
1692985635176580509 216.625577 0.000000
1692985635973618029 216.673388 0.000000
1692985636988304920 216.520268 0.000000
1692985637349477469 216.769186 0.000000
1692985637711411504 216.927515 0.000000
1692985639813522854 216.708600 0.000000
1692985640828068948 216.627662 0.000000
1692985641118635355 216.655281 0.000000
1692985641263560611 216.717981 0.000000
1692985641769532939 216.707598 0.000000
1692985641770492570 216.664012 0.000000
1692985642204854612 216.621749 0.000000
1692985642639458801 216.790245 0.000000
1692985643508351432 216.672726 0.000000
1692985644884801731 216.545982 0.000000
1692985645029721675 216.613996 0.000000
1692985645392472478 216.503614 0.000000
1692985645754411408 216.657210 0.000000
1692985646043466045 216.760996 0.000000
1692985647926976120 216.706906 0.000000
1692985647927120311 216.628453 0.000000
1692985648072536323 217.059656 0.000000
1692985648434464529 216.697650 0.000000
1692985648941787241 216.524803 0.000000
1692985649158210508 216.670201 0.000000
1692985650100018705 216.621158 0.000000
1692985650171596100 216.673550 0.000000
1692985650895329655 216.672426 0.000000
1692985650896681864 216.733863 0.000000
1692985652345671063 216.562541 0.000000
1692985652488967934 216.867686 0.000000
1692985652923362686 216.806357 0.000000
1692985653068223603 216.539017 0.000000
1692985653285544246 216.672065 0.000000
1692985653285694184 216.597141 0.000000
1692985653285735581 216.758080 0.000000
1692985653865346170 216.719941 0.000000
1692985654517357700 216.877357 0.000000
1692985655313148481 216.640357 0.000000
1692985656036983693 216.681468 0.000000
1692985656037585051 216.553184 0.000000
1692985656471794162 216.612647 0.000000
1692985657051146737 216.609450 0.000000
1692985657123953364 216.843980 0.000000
1692985657413239818 216.545612 0.000000
1692985658281956918 216.656855 0.000000
1692985658427164279 216.724437 0.000000
1692985658572807490 216.756491 0.000000
1692985658789992237 216.587619 0.000000
1692985658861915682 216.634994 0.000000
1692985659005727038 216.666096 0.000000
1692985659296796545 216.712134 0.000000
1692985659440447293 216.744012 0.000000
1692985659658649830 216.644947 0.000000
1692985660527037683 216.753129 0.000000
1692985660527883509 216.572068 0.000000
1692985661324005334 216.711877 0.000000
1692985661904048705 216.558295 0.000000
1692985662193218430 216.753114 0.000000
1692985662482335933 216.615266 0.000000
1692985662843641522 216.831500 0.000000
1692985663206529072 216.688649 0.000000
1692985663351331979 216.685633 0.000000
1692985663640738749 216.778979 0.000000
1692985663714141463 216.999913 0.000000
1692985663786135583 217.008332 0.000000
1692985664148431242 216.486012 0.000000
1692985665161451324 216.753614 0.000000
1692985665379307752 216.565628 0.000000
1692985666973876689 216.834493 0.000000
1692985667046191765 216.769568 0.000000
1692985668205783059 216.625177 0.000000
1692985668423661263 216.771611 0.000000
1692985670016893338 216.773757 0.000000
1692985670524735423 216.746288 0.000000
1692985670668409230 216.777020 0.000000
1692985670668486173 216.812087 0.000000
1692985671610274363 216.706811 0.000000
1692985672624948681 216.827652 0.000000
1692985673059211045 216.592916 0.000000
1692985673131236908 216.774990 0.000000
1692985673566062633 216.567572 0.000000
1692985674000825928 217.011400 0.000000
1692985674145601150 216.715821 0.000000
1692985675666118771 216.942148 0.000000
1692985676245800626 216.628635 0.000000
1692985676462826584 216.770213 0.000000
1692985676535091392 216.607560 0.000000
1692985676897562946 216.638241 0.000000
1692985677984355636 216.517139 0.000000
1692985678926585393 216.680390 0.000000
1692985679143448968 216.883947 0.000000
1692985680013261221 216.532942 0.000000
1692985681752032825 216.582738 0.000000
1692985681897754602 216.697794 0.000000
1692985682185609245 216.636689 0.000000
1692985682259762173 216.638653 0.000000
1692985682330177085 216.637856 0.000000
1692985682331422947 216.562871 0.000000
1692985682621212347 216.607174 0.000000
1692985683417456988 216.543020 0.000000
1692985683634485291 216.692372 0.000000
1692985683851206962 216.711197 0.000000
1692985684286167766 216.615469 0.000000
1692985685300566302 216.592850 0.000000
1692985685662252275 216.621162 0.000000
1692985687401542529 216.858538 0.000000
1692985687763112677 216.737232 0.000000
1692985687763250458 216.550833 0.000000
1692985688704476195 216.768805 0.000000
1692985689718005195 216.670181 0.000000
1692985689718343166 216.536365 0.000000
1692985689791032972 216.816852 0.000000
1692985690297557419 216.687551 0.000000
1692985690297982492 216.634408 0.000000
1692985690732497955 216.548803 0.000000
1692985690805062825 216.757018 0.000000
1692985690877016826 216.918438 0.000000
1692985691167039344 216.751520 0.000000
1692985692616626043 216.941988 0.000000
1692985693341125704 216.672415 0.000000
1692985694065693253 216.758295 0.000000
1692985694645931512 216.644997 0.000000
1692985695153557951 216.861611 0.000000
1692985695515892746 216.680605 0.000000
1692985695877537854 216.687682 0.000000
1692985696168034859 216.562456 0.000000
1692985696239920365 216.724823 0.000000
1692985696529689880 216.560034 0.000000
1692985697037040867 216.727866 0.000000
1692985698414337204 216.596188 0.000000
1692985698993582199 216.612161 0.000000
1692985699500286809 216.652054 0.000000
1692985700007086942 216.949244 0.000000
1692985700297726634 216.688980 0.000000
1692985700877114812 217.076050 0.000000
1692985701167238163 216.736625 0.000000
1692985701892006099 216.636533 0.000000
1692985701964335888 216.632773 0.000000
1692985702326348695 216.604444 0.000000
1692985702471390984 216.695405 0.000000
1692985703340058169 216.820706 0.000000
1692985703412643629 216.723535 0.000000
1692985703413360500 216.451488 0.000000
1692985704137397280 216.677463 0.000000
1692985704427813207 216.916689 0.000000
1692985704862248413 216.705963 0.000000
1692985705151565371 216.644767 0.000000
1692985705730603239 216.605687 0.000000
1692985706818737999 217.036904 0.000000
1692985706889239458 216.748022 0.000000
1692985708047852844 216.635605 0.000000
1692985708121466994 216.728882 0.000000
1692985709788559712 216.682228 0.000000
1692985710006159328 216.520674 0.000000
1692985710006406373 216.599928 0.000000
1692985711452198710 216.859050 0.000000
1692985711524687454 216.740865 0.000000
1692985713046588366 216.789312 0.000000
1692985713191607921 216.727649 0.000000
1692985713843928855 216.695705 0.000000
1692985714930942730 216.674812 0.000000
1692985715147580395 216.586481 0.000000
1692985715727746886 216.803746 0.000000
1692985715800022264 216.578443 0.000000
1692985716451763510 216.923339 0.000000
1692985717539172452 216.605470 0.000000
1692985717611566602 216.602314 0.000000
1692985717829175510 216.615368 0.000000
1692985718553014971 216.830082 0.000000
1692985720365216096 216.636207 0.000000
1692985720872133868 216.744965 0.000000
1692985727175824705 216.758256 0.000000
1692985727248259298 216.769152 0.000000
1692985727827441346 216.713998 0.000000
1692985728914974728 216.816035 0.000000
1692985728987691487 216.721184 0.000000
1692985729566870664 216.557012 0.000000
1692985730725856160 216.638903 0.000000
1692985730725905930 216.688533 0.000000
1692985731885805958 216.721129 0.000000
1692985731958116067 216.549551 0.000000
1692985732393456864 216.629542 0.000000
1692985733770037125 216.611048 0.000000
1692985734277778746 216.510926 0.000000
1692985734422683820 216.670682 0.000000
1692985735001777052 216.687571 0.000000
1692985735074475223 216.714234 0.000000
1692985735146904113 216.722463 0.000000
1692985736233405616 216.554603 0.000000
1692985737175675194 217.463701 0.000000
1692985737175687539 217.247037 0.000000
1692985737320180851 216.646346 0.000000
1692985737682736470 216.772965 0.000000
1692985739566950467 216.511286 0.000000
1692985740291764560 216.753957 0.000000
1692985740726073743 216.756702 0.000000
1692985740798347648 216.738314 0.000000
1692985741305594664 216.736921 0.000000
1692985741813238288 216.604728 0.000000
1692985741813290976 216.662367 0.000000
1692985741884976297 216.850800 0.000000
1692985742754744723 216.743080 0.000000
1692985742899986786 216.543887 0.000000
1692985742970759791 216.744919 0.000000
1692985743116593560 216.591298 0.000000
1692985743333972633 216.652656 0.000000
1692985743696189280 216.665601 0.000000
1692985744420389745 216.794279 0.000000
1692985744492568283 216.817382 0.000000
1692985744927391557 216.738098 0.000000
1692985747102281034 216.633255 0.000000
1692985747392381914 216.810567 0.000000
1692985747463640257 216.880860 0.000000
1692985747680795596 216.614441 0.000000
1692985748623056836 216.922362 0.000000
1692985748767387494 216.719124 0.000000
1692985749202456540 216.547951 0.000000
1692985751086277042 216.740130 0.000000
1692985752535003852 216.745788 0.000000
1692985754346425314 216.928371 0.000000
1692985755868503724 216.618966 0.000000
