1692985606632844925 144.520609 0.000000
1692985606704554165 144.739509 0.000000
1692985606705251751 144.931486 0.000000
1692985606777310586 144.568416 0.000000
1692985606850055830 144.765910 0.000000
1692985606922537405 144.487381 0.000000
1692985606995321650 144.660243 0.000000
1692985607357197510 145.114669 0.000000
1692985607357288663 144.882547 0.000000
1692985607429407422 144.706948 0.000000
1692985607502092742 144.842884 0.000000
1692985607791813548 144.711147 0.000000
1692985608009630004 144.553215 0.000000
1692985608155457684 144.647119 0.000000
1692985608299398291 144.665857 0.000000
1692985608443842146 144.665713 0.000000
1692985608516136820 144.651003 0.000000
1692985608661074626 144.618005 0.000000
1692985608661422427 144.530852 0.000000
1692985608805566362 144.485161 0.000000
1692985608878221010 144.756599 0.000000
1692985608878452214 144.494632 0.000000
1692985609167634445 144.726253 0.000000
1692985609168016160 144.516879 0.000000
1692985609746874683 144.805327 0.000000
1692985609747427888 144.607060 0.000000
1692985609819540437 144.723762 0.000000
1692985609819580816 144.665040 0.000000
1692985610037785643 144.680641 0.000000
1692985610037859430 144.767113 0.000000
1692985610108858395 144.602199 0.000000
1692985610181859490 144.610153 0.000000
1692985610327159395 144.549961 0.000000
1692985610327368949 144.500998 0.000000
1692985610471054721 144.561754 0.000000
1692985610761278996 144.694789 0.000000
1692985610833554506 144.839066 0.000000
1692985610906253252 144.789611 0.000000
1692985611341023389 144.722615 0.000000
1692985611342422164 145.216351 0.000000
1692985611414678439 144.786939 0.000000
1692985611559099921 144.408973 0.000000
1692985611559745621 144.544118 0.000000
1692985611630605617 144.603216 0.000000
1692985611704545656 144.473328 0.000000
1692985611775344885 144.706136 0.000000
1692985611775385925 144.650632 0.000000
1692985611776941892 144.516103 0.000000
1692985611920906009 144.483953 0.000000
1692985611994160214 144.630871 0.000000
1692985612065987449 144.488128 0.000000
1692985612283947426 144.602505 0.000000
1692985612355270811 144.684186 0.000000
1692985612499911309 144.632900 0.000000
1692985612573053539 144.504521 0.000000
1692985612644732744 144.727350 0.000000
1692985612718062486 144.517832 0.000000
1692985612862085951 144.763124 0.000000
1692985612862544013 144.451814 0.000000
1692985613007804712 144.453788 0.000000
1692985613152687109 144.628691 0.000000
1692985613368705273 144.535859 0.000000
1692985613368987351 144.567427 0.000000
1692985613369015657 144.436683 0.000000
1692985613513730589 144.588437 0.000000
1692985613514067759 144.410427 0.000000
1692985614021218065 144.510419 0.000000
1692985614165566978 144.604945 0.000000
1692985614237970531 144.618176 0.000000
1692985614238057023 144.710130 0.000000
1692985614238064846 144.642713 0.000000
1692985614238191191 144.554918 0.000000
1692985614238474777 144.628400 0.000000
1692985614238888711 144.593880 0.000000
1692985614311342086 144.499200 0.000000
1692985614528383556 144.603441 0.000000
1692985614744498311 144.691432 0.000000
1692985614817516257 144.755216 0.000000
1692985615106903485 144.685879 0.000000
1692985615179038789 144.761873 0.000000
1692985615179143723 144.405460 0.000000
1692985615179368955 144.549281 0.000000
1692985615251669390 144.749933 0.000000
1692985615251791911 144.709338 0.000000
1692985615325031017 144.591023 0.000000
1692985615396247890 144.499375 0.000000
1692985615469202737 144.800817 0.000000
1692985615613762552 144.535132 0.000000
1692985615686056114 144.561193 0.000000
1692985615758910914 144.832706 0.000000
1692985615903530990 144.724619 0.000000
1692985616048100527 144.554177 0.000000
1692985616048893981 144.477167 0.000000
1692985616121149354 144.764572 0.000000
1692985616194163149 144.495886 0.000000
1692985616483710692 144.546604 0.000000
1692985616845857584 144.607716 0.000000
1692985616917740313 144.851210 0.000000
1692985616917775375 144.550077 0.000000
1692985616918243907 144.738446 0.000000
1692985616918380069 144.686100 0.000000
1692985617063426167 144.873336 0.000000
1692985617279849061 144.538125 0.000000
1692985617280523989 144.534782 0.000000
1692985617353062748 144.497766 0.000000
1692985617425954233 144.899637 0.000000
1692985617498320850 145.217703 0.000000
1692985617641632877 144.563680 0.000000
1692985617642210483 144.509158 0.000000
1692985617642946064 144.648025 0.000000
1692985617860293340 144.764036 0.000000
1692985618005216402 144.448175 0.000000
1692985618076502025 144.729465 0.000000
1692985618221847997 144.622887 0.000000
1692985618222128641 144.423046 0.000000
1692985618222615691 144.705310 0.000000
1692985618367317587 144.611299 0.000000
1692985618657344116 144.480866 0.000000
1692985618728515077 144.582087 0.000000
1692985618729469566 144.415829 0.000000
1692985618801411589 144.595663 0.000000
1692985619092021512 144.674011 0.000000
1692985619163508168 144.517727 0.000000
1692985619381395766 144.551338 0.000000
1692985619453026007 144.465461 0.000000
1692985619453442407 144.411214 0.000000
1692985619454264879 144.577268 0.000000
1692985619526621929 144.522162 0.000000
1692985619597934720 144.476922 0.000000
1692985619597988896 144.508780 0.000000
1692985619742485092 144.489165 0.000000
1692985619815021410 144.689341 0.000000
1692985619887481545 144.550728 0.000000
1692985620105524174 144.408748 0.000000
1692985620249771119 144.725667 0.000000
1692985620467998033 144.644948 0.000000
1692985620539290968 144.467344 0.000000
1692985620611824724 144.655478 0.000000
1692985620612720998 144.704371 0.000000
1692985620683845160 144.573818 0.000000
1692985620973664916 144.662179 0.000000
1692985621046179779 144.793680 0.000000
1692985621047076589 144.557294 0.000000
1692985621263752112 144.887294 0.000000
1692985621264364870 144.540601 0.000000
1692985621336220792 144.842213 0.000000
1692985621408977924 144.598976 0.000000
1692985621480892367 144.668432 0.000000
1692985621554393789 144.613732 0.000000
1692985621627000787 144.968313 0.000000
1692985621916716887 144.551140 0.000000
1692985621989328540 144.442076 0.000000
1692985622207364197 144.603562 0.000000
1692985622279604309 144.594967 0.000000
1692985622279750931 144.663352 0.000000
1692985622350902030 144.503028 0.000000
1692985622424492139 144.693081 0.000000
1692985622424523407 144.693332 0.000000
1692985622424552310 144.786975 0.000000
1692985622424560754 144.526212 0.000000
1692985622641874008 144.954339 0.000000
1692985622714212599 144.619564 0.000000
1692985622786948939 144.821305 0.000000
1692985622857771587 144.605742 0.000000
1692985622930264644 144.727010 0.000000
1692985623147712045 144.560201 0.000000
1692985623148927147 144.669456 0.000000
1692985623292634451 144.428374 0.000000
1692985623292790148 144.489076 0.000000
1692985623364615674 144.559720 0.000000
1692985623365692720 144.470603 0.000000
1692985623438354154 144.438197 0.000000
1692985623726872127 144.591650 0.000000
1692985623730160651 144.653498 0.000000
1692985623800273896 144.479667 0.000000
1692985623874940098 144.677735 0.000000
1692985623875251123 144.942989 0.000000
1692985624162121045 144.484900 0.000000
1692985624233893883 144.699269 0.000000
1692985624596071532 144.665912 0.000000
1692985624597108573 144.655798 0.000000
1692985624671187266 144.557073 0.000000
1692985624742957724 144.559655 0.000000
1692985624743658457 144.527475 0.000000
1692985624885800723 144.728057 0.000000
1692985625031103639 144.513516 0.000000
1692985625032696893 144.491050 0.000000
1692985625032729323 144.428785 0.000000
1692985625033495028 144.521536 0.000000
1692985625103265629 144.817967 0.000000
1692985625175625973 144.712892 0.000000
1692985625250658272 144.603993 0.000000
1692985625320365185 144.706497 0.000000
1692985625395092273 144.424409 0.000000
1692985625465650701 144.779477 0.000000
1692985625610456570 144.722906 0.000000
1692985625611560574 144.596341 0.000000
1692985625611911321 144.467054 0.000000
1692985625829108194 144.595298 0.000000
1692985625829428425 144.481637 0.000000
1692985625899970429 144.637370 0.000000
1692985625972466353 144.767315 0.000000
1692985625973892497 144.569708 0.000000
1692985626118015864 144.529594 0.000000
1692985626191443685 144.583340 0.000000
1692985626335106249 144.771108 0.000000
1692985626335286600 144.455177 0.000000
1692985626479187714 144.614687 0.000000
1692985626479424205 144.556718 0.000000
1692985626552144617 144.582202 0.000000
1692985626624511705 144.599522 0.000000
1692985626624747400 144.445008 0.000000
1692985626697885249 144.544103 0.000000
1692985626769283505 144.592396 0.000000
1692985626986686081 144.930258 0.000000
1692985627059061710 144.780616 0.000000
1692985627059174793 144.541794 0.000000
1692985627204492991 144.907896 0.000000
1692985627276895241 144.587244 0.000000
1692985627494032750 144.510961 0.000000
1692985627566889369 144.648451 0.000000
1692985627639163388 144.522540 0.000000
1692985627711089265 144.719221 0.000000
1692985627784673100 144.832016 0.000000
1692985627856426468 144.853605 0.000000
1692985628436223082 144.595809 0.000000
1692985628653335979 144.648827 0.000000
1692985629305010939 144.736607 0.000000
1692985629377760678 144.719851 0.000000
1692985629594848923 144.694475 0.000000
1692985629595155037 144.502893 0.000000
1692985629884753397 144.377937 0.000000
1692985629957848999 144.768101 0.000000
1692985629958131437 144.901511 0.000000
1692985630103425959 145.125668 0.000000
1692985630391944719 144.929246 0.000000
1692985630392518982 145.012149 0.000000
1692985630392790721 144.538420 0.000000
1692985630392819077 144.505042 0.000000
1692985630754394169 144.515857 0.000000
1692985631043710926 144.518229 0.000000
1692985631188516359 144.755321 0.000000
1692985631189182386 144.513652 0.000000
1692985631189421401 144.597404 0.000000
1692985631189441009 144.580364 0.000000
1692985631261410562 144.515060 0.000000
1692985631477766062 144.627919 0.000000
1692985631478880841 144.448627 0.000000
1692985631550608108 144.606274 0.000000
1692985631768457606 144.832931 0.000000
1692985631768652030 144.859696 0.000000
1692985631985463609 144.398695 0.000000
1692985632201607392 144.672026 0.000000
1692985632202612179 144.704708 0.000000
1692985632274876788 144.540570 0.000000
1692985632492016432 144.624836 0.000000
1692985632564571013 144.604094 0.000000
1692985632709069484 144.568565 0.000000
1692985632781489121 144.439855 0.000000
1692985633071798313 144.732668 0.000000
1692985633071823938 144.504681 0.000000
1692985633072039375 144.769208 0.000000
1692985633216883187 144.768592 0.000000
1692985633433409752 144.573177 0.000000
1692985633506076264 144.654791 0.000000
1692985633578024410 144.606685 0.000000
1692985633579102894 144.677925 0.000000
1692985633651352258 144.552483 0.000000
1692985633723164909 144.564106 0.000000
1692985634013436890 144.647801 0.000000
1692985634013707726 144.775383 0.000000
1692985634013871202 144.904118 0.000000
1692985634231489903 144.854707 0.000000
1692985634447670933 144.602425 0.000000
1692985634448523420 144.765560 0.000000
1692985634593438984 144.422155 0.000000
1692985634664777771 144.519541 0.000000
1692985634736941094 144.559931 0.000000
1692985634809904913 144.466262 0.000000
1692985634810630060 144.629362 0.000000
1692985634954603327 144.637682 0.000000
1692985635026960472 144.428755 0.000000
1692985635244095289 144.601889 0.000000
1692985635316934894 144.511668 0.000000
1692985635389024992 144.678422 0.000000
1692985635533620765 144.596715 0.000000
1692985635678744114 144.495206 0.000000
1692985635679540220 144.917073 0.000000
1692985635752006835 144.555530 0.000000
1692985635824221327 144.667090 0.000000
1692985635824502768 144.605577 0.000000
1692985636041056572 144.693867 0.000000
1692985636113938831 144.459445 0.000000
1692985636186667151 144.648616 0.000000
1692985636330758114 144.523095 0.000000
1692985636476576297 144.777137 0.000000
1692985636621569267 144.600054 0.000000
1692985636838920549 144.683765 0.000000
1692985636909964338 144.715930 0.000000
1692985637199983600 144.701221 0.000000
1692985637200745110 144.480801 0.000000
1692985637273256299 144.556657 0.000000
1692985637345520938 144.613490 0.000000
1692985637563109830 144.610493 0.000000
1692985637707136612 144.650176 0.000000
1692985637779503230 144.892907 0.000000
1692985637779679827 144.678276 0.000000
1692985637780163244 144.497651 0.000000
1692985637852554197 144.643445 0.000000
1692985638142221780 144.879320 0.000000
1692985638286381768 144.769568 0.000000
1692985638359755938 144.627212 0.000000
1692985638721308049 144.816368 0.000000
1692985638721610549 144.652275 0.000000
1692985638866386142 144.757692 0.000000
1692985639084541910 144.571497 0.000000
1692985639229373975 144.843466 0.000000
1692985639446288409 144.776320 0.000000
1692985639446586995 144.674953 0.000000
1692985639591352986 144.923277 0.000000
1692985639591560009 144.958951 0.000000
1692985639591867751 144.717363 0.000000
1692985640098405900 144.718535 0.000000
1692985640243501720 144.730403 0.000000
1692985640533116233 144.790383 0.000000
1692985640606418020 144.815491 0.000000
1692985640677930978 144.789957 0.000000
1692985640678936532 144.683835 0.000000
1692985640750837398 144.494799 0.000000
1692985640822942561 144.723275 0.000000
1692985640895406700 144.581024 0.000000
1692985640895490105 144.603557 0.000000
1692985641547808704 144.674092 0.000000
1692985641548011236 144.512264 0.000000
1692985641619975822 144.749377 0.000000
1692985641693271835 144.589615 0.000000
1692985641693299630 144.606925 0.000000
1692985641982488927 144.452219 0.000000
1692985641982930772 144.478605 0.000000
1692985642199834958 144.601202 0.000000
1692985642417960044 144.510130 0.000000
1692985642490048819 144.445815 0.000000
1692985642562803420 144.619524 0.000000
1692985642634771202 144.690249 0.000000
1692985642852886446 144.646946 0.000000
1692985642924577844 144.845947 0.000000
1692985642924768478 144.830326 0.000000
1692985643214735635 144.991226 0.000000
1692985643287649743 145.013087 0.000000
1692985643576933365 144.687303 0.000000
1692985643649164602 144.561058 0.000000
1692985643649771090 144.526336 0.000000
1692985643722378464 144.633181 0.000000
1692985644084584123 144.529911 0.000000
1692985644156933856 144.778139 0.000000
1692985644447407923 144.768651 0.000000
1692985644518902071 144.631241 0.000000
1692985644591445622 144.861378 0.000000
1692985644663633828 144.619610 0.000000
1692985644881339351 144.680031 0.000000
1692985645098621658 144.696063 0.000000
1692985645099144843 144.664299 0.000000
1692985645388834201 144.783612 0.000000
1692985645533505786 144.577476 0.000000
1692985645533861415 144.734166 0.000000
1692985645678651076 145.083587 0.000000
1692985645751347933 144.527670 0.000000
1692985645895054064 144.525428 0.000000
1692985646184702973 144.654492 0.000000
1692985646185285325 144.556899 0.000000
1692985646329772395 144.784749 0.000000
1692985646474760103 144.846327 0.000000
1692985646474940814 144.510041 0.000000
1692985646547738661 144.748214 0.000000
1692985646692175384 144.514029 0.000000
1692985646692534441 144.727356 0.000000
1692985646908927606 144.563995 0.000000
1692985646909459255 144.636825 0.000000
1692985646981599996 144.539904 0.000000
1692985646982343238 144.619921 0.000000
1692985647126140391 144.555424 0.000000
1692985647127252693 144.933440 0.000000
1692985647127283505 144.895507 0.000000
1692985647271730032 144.668304 0.000000
1692985647560723924 144.673721 0.000000
1692985647923115486 144.429381 0.000000
1692985647995978621 144.448061 0.000000
1692985648139997375 144.458824 0.000000
1692985648140199812 144.596144 0.000000
1692985648140319010 144.624505 0.000000
1692985648430744669 144.670733 0.000000
1692985648503132982 144.430389 0.000000
1692985648575190935 144.497280 0.000000
1692985648646685444 144.574565 0.000000
1692985648647161614 144.554221 0.000000
1692985648791569085 144.576665 0.000000
1692985648864182286 144.679079 0.000000
1692985648936213447 144.539081 0.000000
1692985648936601300 144.417629 0.000000
1692985649081100695 144.619355 0.000000
1692985649081668584 145.043603 0.000000
1692985649226876314 144.606338 0.000000
1692985649442827107 144.554087 0.000000
1692985649443701536 144.472096 0.000000
1692985649588990886 144.907992 0.000000
1692985649805506446 144.661066 0.000000
1692985649950286920 144.821114 0.000000
1692985650022642944 144.596161 0.000000
1692985650240323543 144.469910 0.000000
1692985650312449761 144.651655 0.000000
1692985650312822424 144.808029 0.000000
1692985650384614883 144.387709 0.000000
1692985650530118663 144.640865 0.000000
1692985650818991298 144.594452 0.000000
1692985650891898285 144.575231 0.000000
1692985650892345096 144.894498 0.000000
1692985651109420491 144.562271 0.000000
1692985651399235632 144.586136 0.000000
1692985651399486231 144.652100 0.000000
1692985651543503873 144.617455 0.000000
1692985651544539362 144.857720 0.000000
1692985651616902937 144.905707 0.000000
1692985651688536149 144.617133 0.000000
1692985651978374184 144.422103 0.000000
1692985652268728267 144.804460 0.000000
1692985652341107073 144.890626 0.000000
1692985652341361621 144.661362 0.000000
1692985652413173375 144.796401 0.000000
1692985652631434698 144.950511 0.000000
1692985652848024061 144.601375 0.000000
1692985652992603151 144.449894 0.000000
1692985653064925385 144.527054 0.000000
1692985653067085464 144.961947 0.000000
1692985653137887284 144.571267 0.000000
1692985653209519104 144.568902 0.000000
1692985653284473941 144.629555 0.000000
1692985653427082706 144.441990 0.000000
1692985653427238915 144.396444 0.000000
1692985653646105245 144.434644 0.000000
1692985653717771229 144.529390 0.000000
1692985653790325147 144.636078 0.000000
1692985653934940497 144.604801 0.000000
1692985654080136590 144.426308 0.000000
1692985654223167979 144.715323 0.000000
1692985654224471146 144.566080 0.000000
1692985654367926016 144.588121 0.000000
1692985654367975616 144.587128 0.000000
1692985654442311017 144.500662 0.000000
1692985654512580171 144.638249 0.000000
1692985654514610884 144.492654 0.000000
1692985654659290188 144.450020 0.000000
1692985654803491477 144.577917 0.000000
1692985654947093761 144.719363 0.000000
1692985655019652376 144.591630 0.000000
1692985655021715028 144.752729 0.000000
1692985655164282324 144.614287 0.000000
1692985655309259863 144.570345 0.000000
1692985655311157656 144.545782 0.000000
1692985655454463299 144.439896 0.000000
1692985655526446382 144.573116 0.000000
1692985655599033442 144.554112 0.000000
1692985655672760907 144.545072 0.000000
1692985655672983673 144.458589 0.000000
1692985655743602981 144.598977 0.000000
1692985655961120561 144.799023 0.000000
1692985655962610198 144.403901 0.000000
1692985656106942373 144.551386 0.000000
1692985656107476047 144.603888 0.000000
1692985656179447984 144.501474 0.000000
1692985656252004459 144.520754 0.000000
1692985656395540939 144.783733 0.000000
1692985656540843606 144.812269 0.000000
1692985656540915839 144.821390 0.000000
1692985656685870018 144.940989 0.000000
1692985656686221989 144.954560 0.000000
1692985656976396252 144.752605 0.000000
1692985657121235424 144.824638 0.000000
1692985657193203292 144.725031 0.000000
1692985657193909602 144.516499 0.000000
1692985657266008045 144.766071 0.000000
1692985657411371934 144.559148 0.000000
1692985657411653265 144.742726 0.000000
1692985657555885347 144.492865 0.000000
1692985657845839632 144.450871 0.000000
1692985658062654705 144.444246 0.000000
1692985658062931601 144.559940 0.000000
1692985658134696611 144.673835 0.000000
1692985658135514076 144.490318 0.000000
1692985658207045011 144.619189 0.000000
1692985658207047642 144.700499 0.000000
1692985658352009420 144.807376 0.000000
1692985658497482287 144.702022 0.000000
1692985658642894033 145.374269 0.000000
1692985658787712040 144.765539 0.000000
1692985658931650989 144.712406 0.000000
1692985658932644840 144.503649 0.000000
1692985658932819497 144.486665 0.000000
1692985659221260857 144.654721 0.000000
1692985659295007250 144.664034 0.000000
1692985659366223341 144.751903 0.000000
1692985659438455043 144.667792 0.000000
1692985659439377573 144.491917 0.000000
1692985659439737407 144.546689 0.000000
1692985659511693012 144.547497 0.000000
1692985659583213657 144.734388 0.000000
1692985659583304058 144.725502 0.000000
1692985659583944641 144.430810 0.000000
1692985659728583872 144.514726 0.000000
1692985660453164154 144.864416 0.000000
1692985660525371054 144.621699 0.000000
1692985660597761342 144.588291 0.000000
1692985660597807900 144.828101 0.000000
1692985660887658841 144.640935 0.000000
1692985660960009205 144.785897 0.000000
1692985660960451000 144.784504 0.000000
1692985661104733544 144.705289 0.000000
1692985661177186670 144.609107 0.000000
1692985661395314976 144.677669 0.000000
1692985661467399957 144.642248 0.000000
1692985661467624721 144.450697 0.000000
1692985661684015731 144.465311 0.000000
1692985661684240740 144.545773 0.000000
1692985661684536660 144.501053 0.000000
1692985661756592057 144.514400 0.000000
1692985661829486867 144.537043 0.000000
1692985661901413056 144.822572 0.000000
1692985661901932406 144.679685 0.000000
1692985662046260566 144.570004 0.000000
1692985662047121949 144.601397 0.000000
1692985662118532328 144.613952 0.000000
1692985662335694751 144.498102 0.000000
1692985662408213858 144.532166 0.000000
1692985662481712730 144.828151 0.000000
1692985663060459504 144.715824 0.000000
1692985663060681461 144.462689 0.000000
1692985663061560880 144.729957 0.000000
1692985663277850053 144.657082 0.000000
1692985663278474508 144.477849 0.000000
1692985663350522362 144.678111 0.000000
1692985663422478027 144.621098 0.000000
1692985663639571585 144.561740 0.000000
1692985664002422999 144.634475 0.000000
1692985664147343931 144.697451 0.000000
1692985664220134502 145.046500 0.000000
1692985664220447201 144.469741 0.000000
1692985664364663164 144.587484 0.000000
1692985664509742350 144.586487 0.000000
1692985664655566292 144.717208 0.000000
1692985664655655034 144.649349 0.000000
1692985664943683311 144.608514 0.000000
1692985665016592152 144.791270 0.000000
1692985665088903781 144.860387 0.000000
1692985665306732717 144.619244 0.000000
1692985665524726562 144.577307 0.000000
1692985665597289853 144.579070 0.000000
1692985665668793704 144.464228 0.000000
1692985665741527598 144.570585 0.000000
1692985665886750649 144.580493 0.000000
1692985665958366847 144.679164 0.000000
1692985665958408234 144.758388 0.000000
1692985666031803208 144.656285 0.000000
1692985666103177738 144.794041 0.000000
1692985666103255529 144.671411 0.000000
1692985666103612546 144.779628 0.000000
1692985666104057088 144.460159 0.000000
1692985666176227111 144.533951 0.000000
1692985666393046414 144.548950 0.000000
1692985666538146063 144.515848 0.000000
1692985666611212531 144.573938 0.000000
1692985666755605478 144.845371 0.000000
1692985666827503738 144.680357 0.000000
1692985666828515862 144.580824 0.000000
1692985667189972461 144.507474 0.000000
1692985667262236173 144.734502 0.000000
1692985667335227713 144.554854 0.000000
1692985667551863247 144.584027 0.000000
1692985667624777060 144.468152 0.000000
1692985667841553252 144.506551 0.000000
1692985667842290450 144.619670 0.000000
1692985667842873399 144.680000 0.000000
1692985667914548465 144.497275 0.000000
1692985667987494803 144.582308 0.000000
1692985668132023852 144.510550 0.000000
1692985668132324748 144.526609 0.000000
1692985668276056769 144.700097 0.000000
1692985668348847400 144.756674 0.000000
1692985668494313763 144.414171 0.000000
1692985668565972947 144.766833 0.000000
1692985668566214720 144.462619 0.000000
1692985668711240151 144.855314 0.000000
1692985668711483242 144.682727 0.000000
1692985668783520983 144.690926 0.000000
1692985668928774987 145.011779 0.000000
1692985668929316569 144.638925 0.000000
1692985669001775120 144.788839 0.000000
1692985669146562616 144.771053 0.000000
1692985669436025752 144.789420 0.000000
1692985669652745087 144.642874 0.000000
1692985669653050880 144.488955 0.000000
1692985669725994427 144.572394 0.000000
1692985669798248001 144.668143 0.000000
1692985669870902674 144.489561 0.000000
1692985669943042594 144.512931 0.000000
1692985670160888655 144.524549 0.000000
1692985670233362101 144.598786 0.000000
1692985670304100157 144.550859 0.000000
1692985670304698682 144.630655 0.000000
1692985670304708420 144.459957 0.000000
1692985670666061593 144.681859 0.000000
1692985670666099832 144.570460 0.000000
1692985670955755543 144.644974 0.000000
1692985671028830616 144.605682 0.000000
1692985671029018819 144.452045 0.000000
1692985671173276761 144.883179 0.000000
1692985671173306005 144.656551 0.000000
1692985671173611331 144.533048 0.000000
1692985671246363317 144.559681 0.000000
1692985671463681698 144.947269 0.000000
1692985671608423152 144.524508 0.000000
1692985671753231822 144.594947 0.000000
1692985671825469469 144.696283 0.000000
1692985671970217142 144.759976 0.000000
1692985672042993625 144.487462 0.000000
1692985672043150596 144.604540 0.000000
1692985672187430523 144.904273 0.000000
1692985672187825965 144.994929 0.000000
1692985672260545931 144.643070 0.000000
1692985672260654655 144.693267 0.000000
1692985672332171496 144.543994 0.000000
1692985672404564606 144.530694 0.000000
1692985672405213767 144.552434 0.000000
1692985672476786285 144.584879 0.000000
1692985672477345358 144.478105 0.000000
1692985672549610143 144.381340 0.000000
1692985672839148264 144.754680 0.000000
1692985672911957879 144.604168 0.000000
1692985672984788833 144.682236 0.000000
1692985673057543365 144.685153 0.000000
1692985673200892749 144.549255 0.000000
1692985673202178052 144.537503 0.000000
1692985673273530809 144.549757 0.000000
1692985673273684502 144.485598 0.000000
1692985673346505012 144.466834 0.000000
1692985673418131049 144.569803 0.000000
1692985673419114932 144.573377 0.000000
1692985673562841029 144.600869 0.000000
1692985673563757204 144.433595 0.000000
1692985673635609689 144.522399 0.000000
1692985673707767263 144.479002 0.000000
1692985673780643975 144.501600 0.000000
1692985674070268046 144.515647 0.000000
1692985674142510248 144.761009 0.000000
1692985674215147798 144.896059 0.000000
1692985674215165960 144.996553 0.000000
1692985674215199353 145.054464 0.000000
1692985674287854287 144.671892 0.000000
1692985674505348202 144.770010 0.000000
1692985674721903930 144.587550 0.000000
1692985675157077795 144.451193 0.000000
1692985675157106106 144.486826 0.000000
1692985675302166904 144.525245 0.000000
1692985675519065593 144.859108 0.000000
1692985675591764564 144.580824 0.000000
1692985675881243753 144.759546 0.000000
1692985676171635008 144.696349 0.000000
1692985676171938360 144.692174 0.000000
1692985676316443894 144.794127 0.000000
1692985676533229398 144.511021 0.000000
1692985676606299220 144.663888 0.000000
1692985676750945451 144.706537 0.000000
1692985676823211524 144.985107 0.000000
1692985676968392156 144.769935 0.000000
1692985677330122855 144.582614 0.000000
1692985677330730777 144.694224 0.000000
1692985677474800098 144.646998 0.000000
1692985677620498097 144.462529 0.000000
1692985677764394521 144.625198 0.000000
1692985677838326206 144.925392 0.000000
1692985677983520570 144.886202 0.000000
1692985677983557632 144.845547 0.000000
1692985678055761415 144.539388 0.000000
1692985678199017877 144.543026 0.000000
1692985678561785572 144.770532 0.000000
1692985678562684943 144.665992 0.000000
1692985678634213818 144.745969 0.000000
1692985678996803213 144.856312 0.000000
1692985679214723091 144.631618 0.000000
1692985679287814006 144.757465 0.000000
1692985679360218723 144.624201 0.000000
1692985679648923181 144.494759 0.000000
1692985679721388087 144.575222 0.000000
1692985679865770610 144.619098 0.000000
1692985679865861040 144.686491 0.000000
1692985679866488147 144.458113 0.000000
1692985679939319873 144.485412 0.000000
1692985680082883061 144.651685 0.000000
1692985680155676984 144.648713 0.000000
1692985680445157030 144.667136 0.000000
1692985680445245201 144.714681 0.000000
1692985680518257402 144.626887 0.000000
1692985680807704988 144.831524 0.000000
1692985680808284579 144.593063 0.000000
1692985681098127631 144.552839 0.000000
1692985681169568315 144.559951 0.000000
1692985681460084215 144.606338 0.000000
1692985681532710819 144.655183 0.000000
1692985681677374782 144.654201 0.000000
1692985681677598924 144.623570 0.000000
1692985681677692502 144.691764 0.000000
1692985681750106314 145.075282 0.000000
1692985681967833809 144.751060 0.000000
1692985682111796914 144.571763 0.000000
1692985682255908169 144.632470 0.000000
1692985682257252873 144.404758 0.000000
1692985682400888700 144.512746 0.000000
1692985682473514271 144.571187 0.000000
1692985682546150948 144.556322 0.000000
1692985682763355474 144.580604 0.000000
1692985682836250332 144.511081 0.000000
1692985682908079643 144.567644 0.000000
1692985683053625230 145.243349 0.000000
1692985683198141700 144.548655 0.000000
1692985683343573207 144.500722 0.000000
1692985683414632177 144.634850 0.000000
1692985683416423341 144.604034 0.000000
1692985683487917761 144.725462 0.000000
1692985683488839353 144.637401 0.000000
1692985683632992506 144.488605 0.000000
1692985683705643752 144.525652 0.000000
1692985683922180051 144.538415 0.000000
1692985683922359940 144.606584 0.000000
1692985684066721339 144.815421 0.000000
1692985684139314674 144.672884 0.000000
1692985684284007545 144.676071 0.000000
1692985684284277178 144.731851 0.000000
1692985684428881893 144.644577 0.000000
1692985684500999400 144.584257 0.000000
1692985684646247540 144.550940 0.000000
1692985684935889407 144.815145 0.000000
1692985685008424332 144.572250 0.000000
1692985685009382160 144.503650 0.000000
1692985685153810073 144.411610 0.000000
1692985685226284887 144.499228 0.000000
1692985685443469111 144.857885 0.000000
1692985685733452696 144.597879 0.000000
1692985685733757847 144.721397 0.000000
1692985686023679307 144.482044 0.000000
1692985686168220589 144.427026 0.000000
1692985686312850783 144.731631 0.000000
1692985686457642745 144.629939 0.000000
1692985686603075385 144.494137 0.000000
1692985686675229522 144.707039 0.000000
1692985686820355603 144.573959 0.000000
1692985686965103521 144.774661 0.000000
1692985686965208010 144.831654 0.000000
1692985687038233964 144.885254 0.000000
1692985687109772281 144.640644 0.000000
1692985687183363803 144.984225 0.000000
1692985687326809427 144.639360 0.000000
1692985687326867362 144.493877 0.000000
1692985687328559666 144.740773 0.000000
1692985687328729733 144.670985 0.000000
1692985687544092827 144.698433 0.000000
1692985687689146338 144.590968 0.000000
1692985687907262082 144.384704 0.000000
1692985688052207943 144.646869 0.000000
1692985688052501878 144.690460 0.000000
1692985688703016751 144.578309 0.000000
1692985688703319717 144.674012 0.000000
1692985689211067763 144.600811 0.000000
1692985689428516467 144.622477 0.000000
1692985689645009921 144.466122 0.000000
1692985689646125602 144.655100 0.000000
1692985689718527721 144.545763 0.000000
1692985689861831174 144.515743 0.000000
1692985689861877267 144.690525 0.000000
1692985689862123556 144.551522 0.000000
1692985690151502701 144.698032 0.000000
1692985690225389727 144.826737 0.000000
1692985690368719692 144.672037 0.000000
1692985690370488679 144.641106 0.000000
1692985690587260552 144.457873 0.000000
1692985690587917067 144.723261 0.000000
1692985690803615889 144.492849 0.000000
1692985690876396180 144.469841 0.000000
1692985690948595322 145.063450 0.000000
1692985690949655639 144.521827 0.000000
1692985691093788148 144.773588 0.000000
1692985691165706942 144.623033 0.000000
1692985691166194017 144.450251 0.000000
1692985691166415403 144.605948 0.000000
1692985691239508985 144.582824 0.000000
1692985691383734932 144.792999 0.000000
1692985691528277458 144.796177 0.000000
1692985691528678482 144.865919 0.000000
1692985691528810976 144.885414 0.000000
1692985691600811004 144.562001 0.000000
1692985691601490508 144.558899 0.000000
1692985691746008856 144.836610 0.000000
1692985691963149985 144.863343 0.000000
1692985692035546522 144.783517 0.000000
1692985692036457700 144.549391 0.000000
1692985692325732930 144.456290 0.000000
1692985692543178146 144.515046 0.000000
1692985692616008640 144.536601 0.000000
1692985692760709886 144.497190 0.000000
1692985692978103923 145.270707 0.000000
1692985693050081554 144.591916 0.000000
1692985693050307431 144.687208 0.000000
1692985693050919908 144.763807 0.000000
1692985693122505826 144.855379 0.000000
1692985693195152606 144.623869 0.000000
1692985693267867164 144.816519 0.000000
1692985693268541882 144.573598 0.000000
1692985693340058323 144.543082 0.000000
1692985693486105008 144.738056 0.000000
1692985693557133031 144.562762 0.000000
1692985693703212900 144.522003 0.000000
1692985693774731926 144.568441 0.000000
1692985693919696781 144.619029 0.000000
1692985693992030792 144.541714 0.000000
1692985694064556766 144.692365 0.000000
1692985694209327558 144.460750 0.000000
1692985694427311105 144.586317 0.000000
1692985694644042939 144.506942 0.000000
1692985694860503662 144.553105 0.000000
1692985694933670389 144.686214 0.000000
1692985694934610470 144.575852 0.000000
1692985695005403510 144.540766 0.000000
1692985695150143837 144.641200 0.000000
1692985695151542622 144.547903 0.000000
1692985695295134291 144.616438 0.000000
1692985695368466383 144.539223 0.000000
1692985695368484740 144.439448 0.000000
1692985695440509186 144.434117 0.000000
1692985695584534786 144.641476 0.000000
1692985695657302228 144.482561 0.000000
1692985695657480474 144.682266 0.000000
1692985695874384098 144.765876 0.000000
1692985696092434436 144.532216 0.000000
1692985696164376519 144.755121 0.000000
1692985696164896897 144.551306 0.000000
1692985696237254919 144.804225 0.000000
1692985696598635717 144.606923 0.000000
1692985696743625400 144.632575 0.000000
1692985696815685948 144.540215 0.000000
1692985696817306771 144.797354 0.000000
1692985696888698692 144.472978 0.000000
1692985697106131064 144.536592 0.000000
1692985697322839233 144.656625 0.000000
1692985697395608612 144.655681 0.000000
1692985697540231868 144.682291 0.000000
1692985697757909341 144.686124 0.000000
1692985697830078323 144.618482 0.000000
1692985697830856316 144.664084 0.000000
1692985697975000027 144.627369 0.000000
1692985698119961263 144.520989 0.000000
1692985698191893874 144.501891 0.000000
1692985698264346512 144.583460 0.000000
1692985698481856615 144.722635 0.000000
1692985698699186218 144.684280 0.000000
1692985698916373664 144.504627 0.000000
1692985698989882954 144.707965 0.000000
1692985699206938459 144.485793 0.000000
1692985699279834304 144.580895 0.000000
1692985699351621231 144.438888 0.000000
1692985699713638768 144.404569 0.000000
1692985699714175514 144.740211 0.000000
1692985699714483246 144.925197 0.000000
1692985699931670833 144.563218 0.000000
1692985700076164404 144.479332 0.000000
1692985700076208592 144.552187 0.000000
1692985700510209192 144.633592 0.000000
1692985700582772819 144.742285 0.000000
1692985700582899830 144.679685 0.000000
1692985700655470828 144.716004 0.000000
1692985700727417703 144.620141 0.000000
1692985700727928759 144.663607 0.000000
1692985700728415904 144.500417 0.000000
1692985700873108890 144.656856 0.000000
1692985700945218368 144.536020 0.000000
1692985701017536773 144.818935 0.000000
1692985701018130678 144.714100 0.000000
1692985701162081253 144.594953 0.000000
1692985701524898559 144.569343 0.000000
1692985701886469773 144.506261 0.000000
1692985701886909952 144.508240 0.000000
1692985701887103759 144.501700 0.000000
1692985701959283415 144.626802 0.000000
1692985702104593960 145.080494 0.000000
1692985702176450248 144.669336 0.000000
1692985702177147173 144.838039 0.000000
1692985702177451126 144.977844 0.000000
1692985702321179965 144.507745 0.000000
1692985702393543560 144.609948 0.000000
1692985702394639329 144.704954 0.000000
1692985702467335226 144.510973 0.000000
1692985702611598564 144.553350 0.000000
1692985702973304940 144.823516 0.000000
1692985703117796923 144.601002 0.000000
1692985703191336314 144.624451 0.000000
1692985703480975822 144.553671 0.000000
1692985703842904071 144.542074 0.000000
1692985703916116785 144.633467 0.000000
1692985704060100042 144.823771 0.000000
1692985704060308884 144.652367 0.000000
1692985704132883626 144.786664 0.000000
1692985704205537288 144.630055 0.000000
1692985704641332731 145.036407 0.000000
1692985704712605685 144.566196 0.000000
1692985704929126016 144.610243 0.000000
1692985704929938465 144.667111 0.000000
1692985705074303541 144.514293 0.000000
1692985705147004458 144.538917 0.000000
1692985705219739940 144.371547 0.000000
1692985705291345359 144.763204 0.000000
1692985705363516104 144.620718 0.000000
1692985705581490415 144.656616 0.000000
1692985705653105115 144.562045 0.000000
1692985705654235133 144.419352 0.000000
1692985705870937374 144.491036 0.000000
1692985705871137987 144.587425 0.000000
1692985705871693787 144.783592 0.000000
1692985705943434019 144.616047 0.000000
1692985706087685942 144.765029 0.000000
1692985706088679363 145.219920 0.000000
1692985706161439277 144.549226 0.000000
1692985706306677855 144.693272 0.000000
1692985706378635854 144.377325 0.000000
1692985706450706086 144.605798 0.000000
1692985706451273444 144.768958 0.000000
1692985706667700352 144.419439 0.000000
1692985706812462194 144.903938 0.000000
1692985706812577708 144.860567 0.000000
1692985706957254907 144.776556 0.000000
1692985707175475853 144.509448 0.000000
1692985707247017938 144.850198 0.000000
1692985707319476190 144.632415 0.000000
1692985707320225170 144.520079 0.000000
1692985707391700881 144.653870 0.000000
1692985707537215322 144.622993 0.000000
1692985707683560524 147.055944 0.000000
1692985707828809912 145.340480 0.000000
1692985707901128251 144.893408 0.000000
1692985707901169307 144.966829 0.000000
1692985707901235471 144.892837 0.000000
1692985708118813834 144.868876 0.000000
1692985708191307627 144.718712 0.000000
1692985708191896410 144.765621 0.000000
1692985708263115187 144.626697 0.000000
1692985708335809227 144.597854 0.000000
1692985708408647645 144.478085 0.000000
1692985708480661274 144.808128 0.000000
1692985708480812316 144.587504 0.000000
1692985708626215257 144.962980 0.000000
1692985708626310013 144.984260 0.000000
1692985708626362610 144.863749 0.000000
1692985708843478731 144.669176 0.000000
1692985708915531717 144.685674 0.000000
1692985708987897698 144.885254 0.000000
1692985708988314710 144.522794 0.000000
1692985709060261920 144.736442 0.000000
1692985709132885707 144.694084 0.000000
1692985709568130743 144.536807 0.000000
1692985709640245824 144.505208 0.000000
1692985709786196612 144.822345 0.000000
1692985709858101272 144.469114 0.000000
1692985710002927188 144.388236 0.000000
1692985710002956972 144.397443 0.000000
1692985710220499422 144.601648 0.000000
1692985710364559578 144.526673 0.000000
1692985710508937500 144.637010 0.000000
1692985710509125167 144.537134 0.000000
1692985710510114904 144.523861 0.000000
1692985710581885627 144.561790 0.000000
1692985710582509686 144.479994 0.000000
1692985710726755781 144.572365 0.000000
1692985710799527508 144.472698 0.000000
1692985711017049639 144.721538 0.000000
1692985711089415695 145.196620 0.000000
1692985711089496945 144.900640 0.000000
1692985711596081449 144.631513 0.000000
1692985712103920563 144.776110 0.000000
1692985712321135654 144.478496 0.000000
1692985712394138093 144.451112 0.000000
1692985712465896538 144.586107 0.000000
1692985712466314572 144.426901 0.000000
1692985712972737901 144.660020 0.000000
1692985712972989854 144.460930 0.000000
1692985713262770145 144.515663 0.000000
1692985713334916619 144.627468 0.000000
1692985713480299513 144.919103 0.000000
1692985713480359879 145.068902 0.000000
1692985713552674254 144.516570 0.000000
1692985713697604067 144.700699 0.000000
1692985713768971526 144.712462 0.000000
1692985713769652368 144.564146 0.000000
1692985713770189545 144.587861 0.000000
1692985713987362643 144.594670 0.000000
1692985714203936971 144.725392 0.000000
1692985714276426098 144.650477 0.000000
1692985714348793453 144.781051 0.000000
1692985714421389500 144.582383 0.000000
1692985714493457176 144.764938 0.000000
1692985714639136015 144.532562 0.000000
1692985714711094485 144.575277 0.000000
1692985714783778007 144.937691 0.000000
1692985715001262741 144.688034 0.000000
1692985715218294901 144.680282 0.000000
1692985715507041858 144.639687 0.000000
1692985715580687051 144.681133 0.000000
1692985715652859621 144.587570 0.000000
1692985715724888010 144.582549 0.000000
1692985715941363693 144.558994 0.000000
1692985715941399271 144.557024 0.000000
1692985716158512239 144.648938 0.000000
1692985716448950453 144.467255 0.000000
1692985716449360614 144.611360 0.000000
1692985716666514458 144.588077 0.000000
1692985716666725705 144.588492 0.000000
1692985716956447039 144.674829 0.000000
1692985717101110868 144.730445 0.000000
1692985717101338915 144.677981 0.000000
1692985717173666941 144.806710 0.000000
1692985717319012368 144.822628 0.000000
1692985717463680581 144.894626 0.000000
1692985717463923553 144.688225 0.000000
1692985717536309680 145.014601 0.000000
1692985717680966888 144.563184 0.000000
1692985717754121572 144.625269 0.000000
1692985718116152391 144.629764 0.000000
1692985718116218866 144.493942 0.000000
1692985718261418407 144.959693 0.000000
1692985718478103377 144.619886 0.000000
1692985718550466868 144.685719 0.000000
1692985718550839160 144.593334 0.000000
1692985718696475134 144.664580 0.000000
1692985718840333500 144.575938 0.000000
1692985718984964141 144.615025 0.000000
1692985718985803928 144.466869 0.000000
1692985718986024668 144.514936 0.000000
1692985719202786828 144.706323 0.000000
1692985719347028031 144.730083 0.000000
1692985719347778465 144.575930 0.000000
1692985719419906076 144.712742 0.000000
1692985719420280353 144.663357 0.000000
1692985719636656885 144.611345 0.000000
1692985719709368461 144.438168 0.000000
1692985719781360270 144.546427 0.000000
1692985719854943629 144.555025 0.000000
1692985720143244898 144.571398 0.000000
1692985720143684608 144.514676 0.000000
1692985720217107211 144.607898 0.000000
1692985720361824298 144.673536 0.000000
1692985720361882078 144.595464 0.000000
1692985720433256292 144.687326 0.000000
1692985720505129370 144.640624 0.000000
1692985720577960785 144.905376 0.000000
1692985720579099685 144.599177 0.000000
1692985720868365251 144.574320 0.000000
1692985720939883963 144.583169 0.000000
1692985721084878397 144.686516 0.000000
1692985721085445558 144.671381 0.000000
1692985721085610618 144.541337 0.000000
1692985721085714605 144.537710 0.000000
1692985721157095060 144.619841 0.000000
1692985721157137614 144.602540 0.000000
1692985721447469290 144.548795 0.000000
1692985721519717597 144.569368 0.000000
1692985721664433982 144.692730 0.000000
1692985721665071193 144.431833 0.000000
1692985721882334997 144.753487 0.000000
1692985721954053760 144.528258 0.000000
1692985722243421129 144.600971 0.000000
1692985722388405148 144.455622 0.000000
1692985722388551900 144.471590 0.000000
1692985722461067224 144.417986 0.000000
1692985722461799772 144.767360 0.000000
1692985722822664888 144.613420 0.000000
1692985722895703497 144.944467 0.000000
1692985722967666964 144.591289 0.000000
1692985723113325446 144.601608 0.000000
1692985723619656264 144.696795 0.000000
1692985723909254887 144.544911 0.000000
1692985723909793443 144.602706 0.000000
1692985724126699313 144.648473 0.000000
1692985724488479798 144.655183 0.000000
1692985724489038675 144.464182 0.000000
1692985724851277669 144.586628 0.000000
1692985724851325766 144.561675 0.000000
1692985724923355112 144.551301 0.000000
1692985724923522387 144.737625 0.000000
1692985724995198746 144.593389 0.000000
1692985724996265487 144.575226 0.000000
1692985725067644744 144.686286 0.000000
1692985725286004543 144.767736 0.000000
1692985725357210385 144.650512 0.000000
1692985725430477286 144.457412 0.000000
1692985725431084636 144.563133 0.000000
1692985725648302528 144.478656 0.000000
1692985725937506903 144.502533 0.000000
1692985726082104572 144.504727 0.000000
1692985726154290683 144.485352 0.000000
1692985726299271004 144.722750 0.000000
1692985726372107888 144.472963 0.000000
1692985726444083514 144.549732 0.000000
1692985726444541997 144.433316 0.000000
1692985726444573000 144.394596 0.000000
1692985726661554481 144.448235 0.000000
1692985726950469686 144.807934 0.000000
1692985727096010463 144.432304 0.000000
1692985727168159273 144.718245 0.000000
1692985727168501270 144.696018 0.000000
1692985727240733079 144.433657 0.000000
1692985727312725714 144.678517 0.000000
1692985727457916516 144.956451 0.000000
1692985727602561155 144.690476 0.000000
1692985727675730092 145.191052 0.000000
1692985727820867033 144.710567 0.000000
1692985727892759856 144.500989 0.000000
1692985727965626133 144.526519 0.000000
1692985728036912688 144.462634 0.000000
1692985728326539542 144.602786 0.000000
1692985728471179219 144.616057 0.000000
1692985728543734647 144.420862 0.000000
1692985728616946946 144.403041 0.000000
1692985728617438010 144.702022 0.000000
1692985728762139250 144.577597 0.000000
1692985728906803812 144.645428 0.000000
1692985729050884529 144.750461 0.000000
1692985729196120897 144.828377 0.000000
1692985729268516307 144.517973 0.000000
1692985729269010513 144.519342 0.000000
1692985729413545050 144.868129 0.000000
1692985729630773748 144.704873 0.000000
1692985729703850707 144.756876 0.000000
1692985729775580514 144.707685 0.000000
1692985729993321847 144.508546 0.000000
1692985730499923738 144.683223 0.000000
1692985730644726269 144.563504 0.000000
1692985730789506980 144.656717 0.000000
1692985730934297774 144.464368 0.000000
1692985731224756807 144.588057 0.000000
1692985731514636325 145.140995 0.000000
1692985731659320010 144.724791 0.000000
1692985731659515536 144.826473 0.000000
1692985731804346784 144.714060 0.000000
1692985731876582561 144.441034 0.000000
1692985732021119649 144.804958 0.000000
1692985732021156741 144.758890 0.000000
1692985732021192153 144.876459 0.000000
1692985732021589825 144.613435 0.000000
1692985732093847729 144.539032 0.000000
1692985732239103928 144.767314 0.000000
1692985732382925023 144.581612 0.000000
1692985732383767210 144.635594 0.000000
1692985732456394696 144.555245 0.000000
1692985732672665536 144.472282 0.000000
1692985733035570111 144.401943 0.000000
1692985733036044201 144.626661 0.000000
1692985733180194898 144.607337 0.000000
1692985733182116441 144.428480 0.000000
1692985733254315173 144.469811 0.000000
1692985733325281437 144.495917 0.000000
1692985733326515042 144.500012 0.000000
1692985733396504584 144.691403 0.000000
1692985733471419060 144.539553 0.000000
1692985733543390311 144.466883 0.000000
1692985733614844542 144.846779 0.000000
1692985733905213169 144.441976 0.000000
1692985734049512187 144.662861 0.000000
1692985734049952664 144.532181 0.000000
1692985734194677600 144.660772 0.000000
1692985734267469794 144.583722 0.000000
1692985734339058278 144.477123 0.000000
1692985734339271997 144.467731 0.000000
1692985734339424587 144.585280 0.000000
1692985734410931215 144.511057 0.000000
1692985734773124512 144.397423 0.000000
1692985734774127054 144.807568 0.000000
1692985734846022162 144.450757 0.000000
1692985735062226248 144.490585 0.000000
1692985735353227128 144.883691 0.000000
1692985735425448894 144.675846 0.000000
1692985735642017958 144.594652 0.000000
1692985735932601823 144.690275 0.000000
1692985736076238563 144.625710 0.000000
1692985736149846263 144.482114 0.000000
1692985736220737066 144.474893 0.000000
1692985736294723975 144.522855 0.000000
1692985736511243325 144.931784 0.000000
1692985736511604341 144.873431 0.000000
1692985736583475223 144.519497 0.000000
1692985736583626275 144.490800 0.000000
1692985736728346816 144.427558 0.000000
1692985736800996824 144.634560 0.000000
1692985737091278995 144.634515 0.000000
1692985737235210206 144.436649 0.000000
1692985737380507596 144.450772 0.000000
1692985737742540819 144.572120 0.000000
1692985737959961124 144.538912 0.000000
1692985738031312511 144.567814 0.000000
1692985738032246026 144.468544 0.000000
1692985738177030501 144.641596 0.000000
1692985738321519393 144.692490 0.000000
1692985738466920122 144.684514 0.000000
1692985738537977769 144.650512 0.000000
1692985738828891252 144.610336 0.000000
1692985738901278286 144.405797 0.000000
1692985739044773125 144.639071 0.000000
1692985739045404998 144.459593 0.000000
1692985739045719276 144.474337 0.000000
1692985739045761539 144.532212 0.000000
1692985739045884340 144.590784 0.000000
1692985739190343607 144.604159 0.000000
1692985739262381683 144.492784 0.000000
1692985739334510221 144.733381 0.000000
1692985739624631092 144.835038 0.000000
1692985739625209074 144.813998 0.000000
1692985739768962420 144.699681 0.000000
1692985739914863617 144.659964 0.000000
1692985740058961155 144.826948 0.000000
1692985740131445518 144.614588 0.000000
1692985740204062198 144.851285 0.000000
1692985740204536508 144.694671 0.000000
1692985740275810795 144.648698 0.000000
1692985740276836165 144.530061 0.000000
1692985740421741611 144.475634 0.000000
1692985740493748646 144.594206 0.000000
1692985740711339643 144.775933 0.000000
1692985740782842126 144.469771 0.000000
1692985740855563832 144.528708 0.000000
1692985740927884665 144.488750 0.000000
1692985740928707463 144.676625 0.000000
1692985741000140908 144.652236 0.000000
1692985741072894157 144.554508 0.000000
1692985741145000728 144.531145 0.000000
1692985741290011003 144.663670 0.000000
1692985741435087765 144.765631 0.000000
1692985741941434059 144.573012 0.000000
1692985741942378250 144.512115 0.000000
1692985742014764438 144.849481 0.000000
1692985742086631231 144.677847 0.000000
1692985742086731856 144.619606 0.000000
1692985742232116218 144.462333 0.000000
1692985742304081400 144.574620 0.000000
1692985742449112635 144.736879 0.000000
1692985742449378765 144.562652 0.000000
1692985742593800634 144.751673 0.000000
1692985742666526489 144.648433 0.000000
1692985743463120155 144.716045 0.000000
1692985743535269776 144.698048 0.000000
1692985743608421028 144.666815 0.000000
1692985743680865336 144.635071 0.000000
1692985743752734384 144.614217 0.000000
1692985743825320007 144.686065 0.000000
1692985743898054883 144.543222 0.000000
1692985743970347287 144.390291 0.000000
1692985744115696453 144.753953 0.000000
1692985744188078126 144.746626 0.000000
1692985744188119216 144.692250 0.000000
1692985744259574881 144.449364 0.000000
1692985744259656386 144.508426 0.000000
1692985744260484221 144.459994 0.000000
1692985744332581570 144.496970 0.000000
1692985744332732006 144.606269 0.000000
1692985744333152351 144.805534 0.000000
1692985744404269606 144.596396 0.000000
1692985744550188750 144.629603 0.000000
1692985744550234011 144.498523 0.000000
1692985744621235702 144.490695 0.000000
1692985744839822375 144.636204 0.000000
1692985744910756784 144.554659 0.000000
1692985745056695129 144.500383 0.000000
1692985745418214691 144.747939 0.000000
1692985745562702634 144.671311 0.000000
1692985745852159196 144.631238 0.000000
1692985745852326827 144.457619 0.000000
1692985745997046736 144.634179 0.000000
1692985746069748758 144.520695 0.000000
1692985746142806353 144.724053 0.000000
1692985746214928190 144.470538 0.000000
1692985746431550635 144.551706 0.000000
1692985746431743104 144.407410 0.000000
1692985746504365558 144.428570 0.000000
1692985746576176751 144.615004 0.000000
1692985746648672695 144.505184 0.000000
1692985746648720446 144.645968 0.000000
1692985746793564189 144.458876 0.000000
1692985746938631953 144.416035 0.000000
1692985747082885641 144.644424 0.000000
1692985747156002101 144.643846 0.000000
1692985747156266783 144.544525 0.000000
1692985747228040058 144.634841 0.000000
1692985747300711902 144.790639 0.000000
1692985747372852051 144.499656 0.000000
1692985747517549318 144.799560 0.000000
1692985747518707833 144.672515 0.000000
1692985747518795538 144.576475 0.000000
1692985747662710210 144.850799 0.000000
1692985747662783721 144.952020 0.000000
1692985747662820707 144.921824 0.000000
1692985747952602948 144.645241 0.000000
1692985748024479834 144.574399 0.000000
1692985748169174800 144.633588 0.000000
1692985748169599385 144.496242 0.000000
1692985748386342772 144.687904 0.000000
1692985748531676131 144.676228 0.000000
1692985748531826727 144.432334 0.000000
1692985748676223182 144.681410 0.000000
1692985748676767521 144.725176 0.000000
1692985748747956784 144.463863 0.000000
1692985748748961235 144.602826 0.000000
1692985748965423537 144.500548 0.000000
1692985748966586132 144.739365 0.000000
1692985749182132107 144.561886 0.000000
1692985749183736133 144.468730 0.000000
1692985749255747400 144.440974 0.000000
1692985749471791067 144.587400 0.000000
1692985749472037060 144.472978 0.000000
1692985749472580532 144.532868 0.000000
1692985749473189461 144.549106 0.000000
1692985749617463822 144.611111 0.000000
1692985749834302230 144.566862 0.000000
1692985749834369977 144.575442 0.000000
1692985749978551237 144.711690 0.000000
1692985750051233760 144.530046 0.000000
1692985750123894258 144.557736 0.000000
1692985750340408095 144.575522 0.000000
1692985750413472228 144.630255 0.000000
1692985750485548905 144.695176 0.000000
1692985750485841652 144.488960 0.000000
1692985750558214960 144.562247 0.000000
1692985750629905412 144.556539 0.000000
1692985750629955003 144.632435 0.000000
1692985750630193870 144.602786 0.000000
1692985750847814631 144.448692 0.000000
1692985750992566635 144.571744 0.000000
1692985751065043620 144.776221 0.000000
1692985751282412425 144.717504 0.000000
1692985751354034802 144.579456 0.000000
1692985751426586842 144.572720 0.000000
1692985751643982194 144.580455 0.000000
1692985751644536039 144.522304 0.000000
1692985751716427224 144.516054 0.000000
1692985751787993351 144.569187 0.000000
1692985751789275785 144.723157 0.000000
1692985752005200524 144.526724 0.000000
1692985752005257872 144.609341 0.000000
1692985752367123380 144.548134 0.000000
1692985752440098371 144.476386 0.000000
1692985752730008060 144.456169 0.000000
1692985752801054886 144.454185 0.000000
1692985753018479004 144.479118 0.000000
1692985753019110606 144.623645 0.000000
1692985753091303464 144.647486 0.000000
1692985753091404043 144.600315 0.000000
1692985753091520342 144.695453 0.000000
1692985753164309502 144.704138 0.000000
1692985753380420135 144.517217 0.000000
1692985753669736535 144.537879 0.000000
1692985753742229918 144.398981 0.000000
1692985753886624749 144.494704 0.000000
1692985754031617605 144.377041 0.000000
1692985754394014888 144.490920 0.000000
1692985754466962600 144.785216 0.000000
1692985754538690147 144.753497 0.000000
1692985754539357748 144.703932 0.000000
1692985754683843232 144.470609 0.000000
1692985754756163010 144.724234 0.000000
1692985754756227440 144.630150 0.000000
1692985754900709931 144.681285 0.000000
1692985754900973190 144.793752 0.000000
1692985754901007700 144.773459 0.000000
1692985755117979695 144.577598 0.000000
1692985755118687870 144.689091 0.000000
1692985755118727377 144.646127 0.000000
1692985755118757974 144.636069 0.000000
1692985755480715221 144.586202 0.000000
1692985755552920127 144.717860 0.000000
1692985755552970223 144.813914 0.000000
1692985755553248266 144.457688 0.000000
