1692985607060306729 294.841138 0.000000
1692985607256258177 294.646615 0.000000
1692985607494280780 294.878967 0.000000
1692985607702848091 294.622404 0.000000
1692985607724629807 294.719294 0.000000
1692985608066757645 294.585358 0.000000
1692985609335720023 294.640030 0.000000
1692985609557785034 294.802910 0.000000
1692985610882751541 294.644586 0.000000
1692985611189214113 294.708831 0.000000
1692985611418181745 294.694427 0.000000
1692985612334963632 294.684675 0.000000
1692985612738949345 294.661612 0.000000
1692985613034937823 294.698215 0.000000
1692985615254227826 294.750793 0.000000
1692985616117675332 294.612706 0.000000
1692985617192769832 294.550697 0.000000
1692985617581313674 294.677001 0.000000
1692985617893596899 294.670080 0.000000
1692985619086366883 294.869580 0.000000
1692985619431410688 294.675373 0.000000
1692985620321442385 294.911788 0.000000
1692985620748526484 294.713166 0.000000
1692985621376207820 294.840664 0.000000
1692985623355533015 294.739557 0.000000
1692985623991238271 294.574913 0.000000
1692985624577152062 294.659106 0.000000
1692985625225237113 294.563202 0.000000
1692985626055629704 294.656975 0.000000
1692985626201235486 294.670190 0.000000
1692985626613515339 294.687521 0.000000
1692985626634737915 294.649995 0.000000
1692985627363954739 294.796605 0.000000
1692985628304415090 294.587779 0.000000
1692985628588183486 294.551008 0.000000
1692985628705959089 294.649242 0.000000
1692985629000756948 294.772360 0.000000
1692985629587333908 294.736651 0.000000
1692985629935327033 294.755098 0.000000
1692985629986917666 294.919176 0.000000
1692985630179662204 294.589573 0.000000
1692985630458490879 294.762512 0.000000
1692985630898186001 294.790080 0.000000
1692985631355306385 294.574277 0.000000
1692985631533829509 294.737589 0.000000
1692985631799877471 294.612206 0.000000
1692985633684050587 294.708555 0.000000
1692985634029971870 294.696487 0.000000
1692985634365400231 294.753500 0.000000
1692985635216725580 294.734993 0.000000
1692985635641740910 294.638754 0.000000
1692985636290398183 295.161049 0.000000
1692985636514357459 294.721681 0.000000
1692985636809106719 294.726641 0.000000
1692985636957854471 294.541181 0.000000
1692985637911049165 294.725049 0.000000
1692985638369746371 294.701915 0.000000
1692985638841233393 294.625167 0.000000
1692985639591437031 294.680761 0.000000
1692985640149203470 294.552702 0.000000
1692985640789552560 294.863611 0.000000
1692985641172555402 294.561578 0.000000
1692985641878025141 294.729174 0.000000
1692985641890019961 294.620383 0.000000
1692985642349209110 294.670632 0.000000
1692985642586061535 294.841715 0.000000
1692985643597272669 294.696578 0.000000
1692985644100653250 294.839711 0.000000
1692985644292718563 294.670963 0.000000
1692985645090015160 294.630404 0.000000
1692985646956858043 294.584487 0.000000
1692985647302497655 294.912787 0.000000
1692985649618000266 294.774369 0.000000
1692985649893823548 294.571947 0.000000
1692985650354685711 294.708075 0.000000
1692985651288913873 294.646226 0.000000
1692985652377366263 294.662363 0.000000
1692985652848767261 294.720514 0.000000
1692985653056563368 294.798871 0.000000
1692985653105612706 294.639299 0.000000
1692985653260951202 294.612393 0.000000
1692985653350324995 294.488959 0.000000
1692985654734134932 294.673615 0.000000
1692985656166621534 294.547309 0.000000
1692985656432241686 294.941984 0.000000
1692985657168773589 294.615298 0.000000
1692985657804445395 294.805733 0.000000
1692985658780308738 294.847190 0.000000
1692985658859419574 294.639296 0.000000
1692985660185499409 294.615364 0.000000
1692985661088274705 294.588157 0.000000
1692985661267276909 294.583104 0.000000
1692985661745952744 294.578965 0.000000
1692985662916385522 294.891908 0.000000
1692985663955960194 294.605686 0.000000
1692985665068021716 294.584246 0.000000
1692985665362606158 294.559984 0.000000
1692985665804847438 294.673871 0.000000
1692985666277162997 294.991841 0.000000
1692985667159515920 294.703971 0.000000
1692985667513353644 294.842402 0.000000
1692985667571143200 294.632605 0.000000
1692985667669805011 294.599201 0.000000
1692985668957756740 294.629473 0.000000
1692985669281028668 294.609371 0.000000
1692985669811054502 294.759491 0.000000
1692985671460094867 294.784985 0.000000
1692985671931672974 294.718474 0.000000
1692985672295663139 294.740667 0.000000
1692985672670156887 294.753857 0.000000
1692985672935352847 294.639205 0.000000
1692985673377139715 294.798115 0.000000
1692985673836589628 294.738665 0.000000
1692985673847582013 294.609585 0.000000
1692985673974570901 294.575171 0.000000
1692985674465165238 294.728703 0.000000
1692985674533438259 294.568797 0.000000
1692985674613339676 294.696528 0.000000
1692985675329341571 294.666043 0.000000
1692985675711631153 294.601167 0.000000
1692985675863761182 294.683859 0.000000
1692985676057931736 294.761059 0.000000
1692985677362732702 294.815451 0.000000
1692985677796465134 294.759595 0.000000
1692985678444106685 294.794423 0.000000
1692985678541231604 294.687382 0.000000
1692985680337722523 294.724498 0.000000
1692985681421306900 294.970592 0.000000
1692985682135834841 294.751075 0.000000
1692985682271838546 294.701756 0.000000
1692985682518853907 294.571603 0.000000
1692985682723834822 294.835192 0.000000
1692985683991377409 294.700669 0.000000
1692985686053804734 294.750806 0.000000
1692985686073255916 294.608258 0.000000
1692985686151913913 294.647550 0.000000
1692985688675630560 294.559671 0.000000
1692985689117765844 294.696679 0.000000
1692985689495828253 294.625423 0.000000
1692985689858370774 294.697467 0.000000
1692985691886258454 294.738346 0.000000
1692985692504683460 294.681319 0.000000
1692985692715547688 294.776495 0.000000
1692985693121820980 294.790139 0.000000
1692985693684391041 294.537359 0.000000
1692985693771392864 294.552383 0.000000
1692985694624303994 294.605312 0.000000
1692985696242003542 294.557431 0.000000
1692985696876838778 294.653820 0.000000
1692985697122304001 294.726761 0.000000
1692985697838246485 294.739850 0.000000
1692985698012057767 294.812158 0.000000
1692985698455504369 294.566717 0.000000
1692985699007426725 294.761627 0.000000
1692985699108960892 294.658111 0.000000
1692985699986809194 294.687234 0.000000
1692985700540092362 294.773849 0.000000
1692985700952236868 294.818554 0.000000
1692985701189383931 294.848629 0.000000
1692985701696594860 294.747934 0.000000
1692985701846027515 294.884577 0.000000
1692985702019231605 294.587887 0.000000
1692985702837750237 294.718246 0.000000
1692985703467313969 295.188304 0.000000
1692985703668989109 294.731571 0.000000
1692985703875236619 294.720295 0.000000
1692985704911070509 294.657273 0.000000
1692985705642532014 294.581321 0.000000
1692985706618229046 294.728294 0.000000
1692985707086896099 294.765335 0.000000
1692985708301680494 297.305422 0.000000
1692985710182272966 294.900890 0.000000
1692985710238290580 294.700795 0.000000
1692985710303656197 294.715529 0.000000
1692985710624098817 294.719981 0.000000
1692985710922642130 294.670605 0.000000
1692985711747144840 294.609903 0.000000
1692985711949502531 294.680107 0.000000
1692985712513673080 294.737205 0.000000
1692985713598734739 294.668575 0.000000
1692985713637582131 294.727346 0.000000
1692985713808690338 294.682648 0.000000
1692985713979087304 294.552690 0.000000
1692985714570138068 294.664410 0.000000
1692985715514040292 294.597419 0.000000
1692985715959686585 294.770723 0.000000
1692985717285229749 295.078530 0.000000
1692985718046709188 294.660306 0.000000
1692985718527560354 294.725813 0.000000
1692985718931097082 294.702740 0.000000
1692985719168467439 294.775083 0.000000
1692985719260119025 294.648684 0.000000
1692985720613740173 294.890813 0.000000
1692985720727434231 294.756700 0.000000
1692985721407596249 294.666683 0.000000
1692985722230497213 294.718750 0.000000
1692985722584842438 294.655906 0.000000
1692985723204788030 294.662597 0.000000
1692985723857604860 294.742040 0.000000
1692985724038001902 294.591837 0.000000
1692985724504261036 294.782670 0.000000
1692985724647314210 294.674123 0.000000
1692985724947773147 294.889801 0.000000
1692985725150320970 294.630627 0.000000
1692985727181310351 294.616959 0.000000
1692985727570357444 294.796714 0.000000
1692985727712182233 294.815107 0.000000
1692985727747894188 294.936418 0.000000
1692985728095556607 294.712253 0.000000
1692985728130922427 294.726840 0.000000
1692985728183922155 294.697212 0.000000
1692985728600656149 294.793201 0.000000
1692985729571034248 294.698405 0.000000
1692985731016052399 294.622754 0.000000
1692985733784329173 294.721763 0.000000
1692985734136996697 294.664636 0.000000
1692985735109210725 294.865383 0.000000
1692985735226883404 294.682608 0.000000
1692985735286092875 294.590794 0.000000
1692985737937916385 295.069850 0.000000
1692985738058389027 294.793622 0.000000
1692985738440117500 294.629901 0.000000
1692985739086677359 294.913922 0.000000
1692985740442636509 294.648725 0.000000
1692985740796720801 294.578060 0.000000
1692985741180134703 295.000072 0.000000
1692985742064963746 294.589637 0.000000
1692985743418743124 294.951479 0.000000
1692985743714408936 294.823712 0.000000
1692985744214336120 294.813347 0.000000
1692985744452616315 294.787567 0.000000
1692985744894592091 294.885746 0.000000
1692985746944319846 294.647010 0.000000
1692985746956251421 294.669904 0.000000
1692985747692727466 294.824278 0.000000
1692985748694473241 294.624498 0.000000
1692985748725695722 294.653029 0.000000
1692985750168223383 294.737546 0.000000
1692985750521613069 294.648600 0.000000
1692985750994226585 294.614675 0.000000
1692985751523490982 294.645939 0.000000
1692985751641583619 294.734374 0.000000
1692985751818560606 294.650624 0.000000
1692985751937607931 294.597315 0.000000
1692985752497300459 294.675297 0.000000
1692985753204212047 294.668922 0.000000
1692985753587530533 295.008563 0.000000
1692985755031336556 294.797131 0.000000
1692985755374253471 294.795692 0.000000
1692985755798491628 294.752923 0.000000
1692985756181597313 294.741191 0.000000
