1692985606780002663 144.554500 0.000000
1692985606780759082 144.646544 0.000000
1692985606925262126 144.485534 0.000000
1692985607069521199 144.574616 0.000000
1692985607078076302 144.656587 0.000000
1692985607142546896 144.644959 0.000000
1692985607287161514 144.587170 0.000000
1692985607359316162 144.676850 0.000000
1692985607431788322 144.691173 0.000000
1692985607432260019 144.513785 0.000000
1692985607649396453 144.672980 0.000000
1692985607722188041 144.616177 0.000000
1692985607793909165 144.530874 0.000000
1692985608373305677 144.731501 0.000000
1692985608373856432 144.620994 0.000000
1692985608453016621 144.568507 0.000000
1692985608591336988 144.684903 0.000000
1692985608808736745 144.555990 0.000000
1692985609170883222 144.653400 0.000000
1692985609315363293 144.570742 0.000000
1692985609315391529 144.517242 0.000000
1692985609387752396 144.498128 0.000000
1692985609532592960 144.833578 0.000000
1692985609604945862 144.498830 0.000000
1692985609677150682 144.585757 0.000000
1692985609822387116 144.944231 0.000000
1692985609894649790 145.043451 0.000000
1692985609894810253 144.566337 0.000000
1692985609894832995 144.626387 0.000000
1692985610183931439 144.760513 0.000000
1692985610184938595 144.636039 0.000000
1692985610257173344 144.534087 0.000000
1692985610257368012 144.491002 0.000000
1692985610547122907 144.657163 0.000000
1692985610691231679 144.733966 0.000000
1692985610836634992 144.771042 0.000000
1692985610909156067 144.518376 0.000000
1692985610982172888 144.702388 0.000000
1692985611053715868 144.543383 0.000000
1692985611054467540 144.501090 0.000000
1692985611344100491 144.568061 0.000000
1692985611416141800 144.679515 0.000000
1692985611416799369 144.644062 0.000000
1692985611561373037 144.564770 0.000000
1692985611633865997 144.994332 0.000000
1692985611781033660 144.534819 0.000000
1692985612358371461 144.810194 0.000000
1692985612503230413 144.815912 0.000000
1692985612575861247 144.743765 0.000000
1692985612648605891 144.537515 0.000000
1692985612721089954 144.862682 0.000000
1692985612721116526 144.614724 0.000000
1692985612793201997 144.631404 0.000000
1692985612793482119 144.587201 0.000000
1692985612864539861 144.624081 0.000000
1692985613010317478 144.634370 0.000000
1692985613083405640 144.574370 0.000000
1692985613226655868 144.526189 0.000000
1692985613299878713 144.592008 0.000000
1692985613299964202 144.502785 0.000000
1692985613444616203 144.636730 0.000000
1692985613517369597 144.464445 0.000000
1692985613661269885 144.648959 0.000000
1692985613663093158 144.713228 0.000000
1692985613735335219 144.559681 0.000000
1692985613951469509 144.672414 0.000000
1692985613952812822 144.729276 0.000000
1692985614025175468 144.752068 0.000000
1692985614096648224 144.580926 0.000000
1692985614242487906 144.757110 0.000000
1692985614387419057 144.797259 0.000000
1692985614458656471 144.687228 0.000000
1692985614676726025 144.548625 0.000000
1692985614748643556 145.045360 0.000000
1692985614749365770 144.796777 0.000000
1692985615111958515 144.712802 0.000000
1692985615183600390 144.937755 0.000000
1692985615183704598 144.982965 0.000000
1692985615184069772 144.573133 0.000000
1692985615184185902 144.472163 0.000000
1692985615473414172 144.675742 0.000000
1692985615473447319 144.731446 0.000000
1692985615473708126 144.667081 0.000000
1692985615546338729 144.560238 0.000000
1692985615691303107 144.926409 0.000000
1692985615835737772 144.669021 0.000000
1692985615908339122 144.755631 0.000000
1692985615908654561 144.617104 0.000000
1692985616197737840 144.628159 0.000000
1692985616271886477 144.849325 0.000000
1692985616632609085 144.670209 0.000000
1692985616633515066 144.608696 0.000000
1692985617068079498 144.711744 0.000000
1692985617139648258 144.712276 0.000000
1692985617212169352 144.540828 0.000000
1692985617356956543 144.899632 0.000000
1692985617429667679 144.646839 0.000000
1692985617575239032 144.702644 0.000000
1692985617646343096 144.571815 0.000000
1692985617646878356 144.715113 0.000000
1692985617791956061 144.559436 0.000000
1692985617792324964 144.675801 0.000000
1692985617935792271 144.583488 0.000000
1692985618009260407 144.540311 0.000000
1692985618225954232 144.543673 0.000000
1692985618226743041 144.576921 0.000000
1692985618371650150 144.591841 0.000000
1692985618588284969 144.660530 0.000000
1692985618732555924 144.573413 0.000000
1692985619096327695 144.691579 0.000000
1692985619168453946 144.510076 0.000000
1692985619240052781 144.649440 0.000000
1692985619384974273 144.777387 0.000000
1692985619385231301 144.651199 0.000000
1692985619458277771 144.527422 0.000000
1692985619602975228 144.710668 0.000000
1692985619603244389 144.694540 0.000000
1692985619747334263 144.738877 0.000000
1692985619819785640 144.790112 0.000000
1692985619893011392 145.067798 0.000000
1692985619964661506 144.915027 0.000000
1692985619964807210 144.957847 0.000000
1692985619965125359 144.893493 0.000000
1692985620037928399 144.756233 0.000000
1692985620110085852 144.659533 0.000000
1692985620254945151 144.594804 0.000000
1692985620255310280 144.522576 0.000000
1692985620327576446 144.687383 0.000000
1692985620400121716 144.900092 0.000000
1692985620472854803 144.773388 0.000000
1692985620544541687 144.775067 0.000000
1692985620544611379 144.862630 0.000000
1692985620617162613 144.656726 0.000000
1692985620689910419 144.595329 0.000000
1692985620762522691 144.529041 0.000000
1692985620907776195 144.836324 0.000000
1692985621197125461 144.587872 0.000000
1692985621197689412 144.637608 0.000000
1692985621342202255 144.496190 0.000000
1692985621414173266 144.593556 0.000000
1692985621486339876 144.568652 0.000000
1692985621558984276 144.526894 0.000000
1692985621559037365 144.505079 0.000000
1692985621631475375 144.741865 0.000000
1692985621775997248 144.583186 0.000000
1692985621848775957 144.548541 0.000000
1692985621921114586 144.764518 0.000000
1692985621993190887 144.654196 0.000000
1692985621993398204 144.604837 0.000000
1692985622066274614 144.590438 0.000000
1692985622138124432 144.719427 0.000000
1692985622210802711 144.508802 0.000000
1692985622355510442 144.666224 0.000000
1692985622501309394 144.555222 0.000000
1692985622501555020 144.703751 0.000000
1692985622645901857 144.570732 0.000000
1692985622646507480 144.712036 0.000000
1692985622790391766 144.807898 0.000000
1692985622790405422 145.031578 0.000000
1692985622790978374 144.571919 0.000000
1692985622935750605 144.960298 0.000000
1692985623080188037 144.734985 0.000000
1692985623224879405 144.675029 0.000000
1692985623225352800 144.716135 0.000000
1692985623297505858 144.499622 0.000000
1692985623298136359 144.589746 0.000000
1692985623442252609 144.739955 0.000000
1692985623442303417 144.843090 0.000000
1692985623514882050 144.716025 0.000000
1692985623587012952 144.745412 0.000000
1692985623731723520 144.684823 0.000000
1692985623733033600 144.748495 0.000000
1692985624021996589 144.591209 0.000000
1692985624022698962 144.534929 0.000000
1692985624167826814 144.791525 0.000000
1692985624311640867 144.756971 0.000000
1692985624456660738 144.677615 0.000000
1692985624457160249 144.408610 0.000000
1692985624529185771 144.893843 0.000000
1692985624529277454 144.878236 0.000000
1692985624529434785 144.632620 0.000000
1692985624529627694 144.406836 0.000000
1692985624529879053 144.519382 0.000000
1692985624601523534 144.737500 0.000000
1692985624673787325 144.666890 0.000000
1692985624746222313 144.673701 0.000000
1692985624963800546 144.652433 0.000000
1692985625036397777 144.910262 0.000000
1692985625326369746 144.813396 0.000000
1692985625543309569 144.678819 0.000000
1692985625544159335 144.494646 0.000000
1692985625544179617 144.738643 0.000000
1692985625906308844 144.986137 0.000000
1692985625978455798 144.684396 0.000000
1692985626051579965 144.866445 0.000000
1692985626195519514 144.713935 0.000000
1692985626340915560 144.642038 0.000000
1692985626557799864 144.778571 0.000000
1692985626558081142 144.532684 0.000000
1692985626558454601 144.615006 0.000000
1692985626775447446 144.757742 0.000000
1692985626848027257 144.547212 0.000000
1692985626992770359 144.666565 0.000000
1692985626992878471 144.728028 0.000000
1692985627065122445 144.881880 0.000000
1692985627282890815 144.786814 0.000000
1692985627353871653 144.541745 0.000000
1692985627499971780 144.461518 0.000000
1692985627570733910 144.530829 0.000000
1692985627572191253 144.558022 0.000000
1692985627934176702 144.616899 0.000000
1692985628007172960 144.613977 0.000000
1692985628152064257 144.578510 0.000000
1692985628222889331 144.617534 0.000000
1692985628586508571 145.006610 0.000000
1692985628658491183 144.633698 0.000000
1692985628802820689 144.697306 0.000000
1692985628803099181 144.565204 0.000000
1692985628803931872 145.070228 0.000000
1692985628876474351 144.675335 0.000000
1692985629020246331 144.705431 0.000000
1692985629237655625 144.716702 0.000000
1692985629310092273 144.769068 0.000000
1692985629311015033 144.603257 0.000000
1692985629383184088 144.510632 0.000000
1692985629455932335 144.683153 0.000000
1692985629672241036 144.658100 0.000000
1692985629744204734 144.870724 0.000000
1692985629889830737 144.665354 0.000000
1692985629889984597 144.802211 0.000000
1692985629890309257 144.616694 0.000000
1692985630034570990 144.776003 0.000000
1692985630252488832 144.541168 0.000000
1692985630396677094 144.806911 0.000000
1692985630541311767 144.603959 0.000000
1692985630541368046 144.756092 0.000000
1692985630759630168 144.541569 0.000000
1692985630831339450 144.884842 0.000000
1692985631049027000 144.543809 0.000000
1692985631120698414 144.639281 0.000000
1692985631194195858 144.529983 0.000000
1692985631265320440 144.605899 0.000000
1692985631338447734 144.675771 0.000000
1692985631482763252 144.876327 0.000000
1692985631556465517 144.626777 0.000000
1692985631627851091 144.526243 0.000000
1692985632134771198 144.537785 0.000000
1692985632134827484 144.574929 0.000000
1692985632207416245 144.577487 0.000000
1692985632278970667 144.743037 0.000000
1692985632280040459 144.703601 0.000000
1692985632352239564 144.500158 0.000000
1692985632423612148 144.614889 0.000000
1692985632569011076 144.474564 0.000000
1692985632641878605 144.527772 0.000000
1692985632786228890 144.692996 0.000000
1692985632786452720 144.627574 0.000000
1692985632930698882 144.825770 0.000000
1692985632931089626 144.903185 0.000000
1692985633076346374 144.569615 0.000000
1692985633148378305 144.612344 0.000000
1692985633366541872 144.686671 0.000000
1692985633438473510 144.444288 0.000000
1692985633656281527 144.540372 0.000000
1692985633801054133 145.002039 0.000000
1692985633873101821 144.654922 0.000000
1692985634017654376 144.617851 0.000000
1692985634091594319 144.857883 0.000000
1692985634163424923 144.497838 0.000000
1692985634163673055 144.627946 0.000000
1692985634163832600 144.529176 0.000000
1692985634598357039 144.665492 0.000000
1692985634959748081 144.851269 0.000000
1692985635104160720 144.702095 0.000000
1692985635177183506 144.769714 0.000000
1692985635248967228 144.605448 0.000000
1692985635611786468 144.688729 0.000000
1692985635684978426 145.021088 0.000000
1692985635901267326 144.699201 0.000000
1692985636046905720 144.590132 0.000000
1692985636191398791 144.484456 0.000000
1692985636262968423 144.561290 0.000000
1692985636263916407 144.747222 0.000000
1692985636335776344 144.439687 0.000000
1692985636553704304 144.608414 0.000000
1692985636697654518 144.622311 0.000000
1692985636842893639 144.539784 0.000000
1692985636914854491 144.756072 0.000000
1692985636915454636 144.613281 0.000000
1692985637495480886 144.638960 0.000000
1692985637495782448 144.741880 0.000000
1692985637566833059 144.584138 0.000000
1692985637639334487 144.599916 0.000000
1692985637712804767 144.645801 0.000000
1692985637712933953 144.528393 0.000000
1692985637713154235 144.653750 0.000000
1692985637856523183 144.693943 0.000000
1692985638146679757 144.992949 0.000000
1692985638292309827 144.661688 0.000000
1692985638364813199 144.719793 0.000000
1692985638436720010 144.867377 0.000000
1692985638436952616 144.626426 0.000000
1692985638581772356 144.865247 0.000000
1692985638727201790 144.765516 0.000000
1692985638727288026 144.885439 0.000000
1692985638872302489 144.872494 0.000000
1692985638944408303 144.984624 0.000000
1692985639017688692 145.277324 0.000000
1692985639017719679 145.172095 0.000000
1692985639452166823 144.638780 0.000000
1692985639452368432 144.529581 0.000000
1692985639596548651 144.719748 0.000000
1692985639597275862 144.499376 0.000000
1692985639886434561 144.594127 0.000000
1692985639887115193 144.588645 0.000000
1692985640031407919 144.636650 0.000000
1692985640103392796 144.585902 0.000000
1692985640176234861 144.566768 0.000000
1692985640466559166 144.799060 0.000000
1692985640539374508 144.707410 0.000000
1692985640756488972 144.812293 0.000000
1692985640756634991 144.868363 0.000000
1692985640756874042 144.628230 0.000000
1692985641191511589 144.625094 0.000000
1692985641336233382 144.667537 0.000000
1692985641480351347 144.791530 0.000000
1692985641552573441 144.823409 0.000000
1692985641553663405 144.590814 0.000000
1692985641626165685 144.698273 0.000000
1692985641698136745 144.648999 0.000000
1692985641771160182 144.792186 0.000000
1692985641915956969 144.666745 0.000000
1692985641916019785 144.851821 0.000000
1692985642060233979 144.649205 0.000000
1692985642276837425 144.748159 0.000000
1692985642567348647 145.262936 0.000000
1692985642712342223 144.812549 0.000000
1692985642856410276 144.566191 0.000000
1692985642856599817 144.508772 0.000000
1692985642929701811 144.642248 0.000000
1692985642930228912 144.644799 0.000000
1692985643001055376 144.620849 0.000000
1692985643581044490 144.519363 0.000000
1692985643726628718 144.508477 0.000000
1692985643798520425 144.424924 0.000000
1692985643943954313 144.546289 0.000000
1692985644016361006 144.717242 0.000000
1692985644087920319 144.803323 0.000000
1692985644088508301 144.724359 0.000000
1692985644305566790 144.733080 0.000000
1692985644305960149 144.663403 0.000000
1692985644450714498 144.662661 0.000000
1692985644595530009 144.855463 0.000000
1692985644812757189 144.773383 0.000000
1692985644957436033 144.654603 0.000000
1692985645102884100 144.858516 0.000000
1692985645319332254 144.685103 0.000000
1692985645320139516 144.578189 0.000000
1692985645464490467 144.872032 0.000000
1692985645464512197 145.025625 0.000000
1692985645827022221 144.858762 0.000000
1692985646044149308 144.743724 0.000000
1692985646045154430 144.726645 0.000000
1692985646188247783 144.757091 0.000000
1692985646261622797 144.712055 0.000000
1692985646334307426 144.698574 0.000000
1692985646334389321 144.579011 0.000000
1692985646479509536 144.646483 0.000000
1692985646696883734 144.636476 0.000000
1692985646768553208 144.642945 0.000000
1692985646913391161 144.566923 0.000000
1692985646986673324 144.656190 0.000000
1692985647130435787 144.626777 0.000000
1692985647131451984 144.535590 0.000000
1692985647276256370 144.816228 0.000000
1692985647420375056 144.552775 0.000000
1692985647637658948 144.564442 0.000000
1692985647711025653 144.669226 0.000000
1692985647999681954 144.576676 0.000000
1692985648073082733 144.519903 0.000000
1692985648217489444 144.421029 0.000000
1692985648361603900 144.722611 0.000000
1692985648434172756 144.674068 0.000000
1692985648942151092 144.516611 0.000000
1692985649013615510 144.598933 0.000000
1692985649014074888 144.732132 0.000000
1692985649232253695 145.177473 0.000000
1692985649303330732 144.785872 0.000000
1692985649376657990 144.452086 0.000000
1692985649448056860 144.696855 0.000000
1692985649521033614 144.645411 0.000000
1692985649592717006 144.564197 0.000000
1692985649594750358 144.760874 0.000000
1692985649738215003 144.699682 0.000000
1692985649739235475 144.518190 0.000000
1692985649810470144 144.688916 0.000000
1692985649811750340 144.742796 0.000000
1692985649882755690 144.524980 0.000000
1692985649884052690 144.469773 0.000000
1692985649884273213 144.613085 0.000000
1692985650101113399 144.554385 0.000000
1692985650172606123 144.529356 0.000000
1692985650317158908 144.626306 0.000000
1692985650389383157 144.653800 0.000000
1692985650389567550 144.601118 0.000000
1692985650390749819 144.522926 0.000000
1692985650751988993 144.640033 0.000000
1692985650896892724 144.517694 0.000000
1692985650897225056 144.580996 0.000000
1692985651258306977 144.443810 0.000000
1692985651258481841 144.499622 0.000000
1692985651259031745 144.450077 0.000000
1692985651331592345 144.731541 0.000000
1692985651331938445 144.490559 0.000000
1692985651476783715 144.738321 0.000000
1692985651548102574 144.620688 0.000000
1692985651549086221 144.480828 0.000000
1692985651692249654 144.775518 0.000000
1692985651692702494 144.754309 0.000000
1692985651765690453 144.865683 0.000000
1692985651765785058 144.679024 0.000000
1692985651767028955 144.992524 0.000000
1692985651837383247 144.659795 0.000000
1692985651910359294 144.562754 0.000000
1692985652054496289 144.668981 0.000000
1692985652054583370 144.673801 0.000000
1692985652054920714 144.538191 0.000000
1692985652344461035 144.678981 0.000000
1692985652417505015 144.473511 0.000000
1692985652418672755 144.710417 0.000000
1692985652490816586 144.560934 0.000000
1692985652562132123 144.670654 0.000000
1692985652563335651 144.647706 0.000000
1692985652851905997 144.507320 0.000000
1692985653431122861 144.492615 0.000000
1692985653504066357 144.505722 0.000000
1692985653576032486 144.537315 0.000000
1692985653720430782 144.872052 0.000000
1692985653865301196 144.678407 0.000000
1692985654155925242 144.599604 0.000000
1692985654228356071 144.562077 0.000000
1692985654372789498 144.665893 0.000000
1692985654373181008 144.697150 0.000000
1692985654518167056 144.925407 0.000000
1692985654590124846 144.863774 0.000000
1692985654590203343 144.750445 0.000000
1692985654734475000 144.678342 0.000000
1692985655024655614 144.482011 0.000000
1692985655385765834 144.455847 0.000000
1692985655386014717 144.508589 0.000000
1692985655387488192 144.830782 0.000000
1692985655458363009 144.542200 0.000000
1692985655530979695 144.614288 0.000000
1692985655602853230 144.476605 0.000000
1692985655603904480 144.400972 0.000000
1692985655675684895 144.675515 0.000000
1692985655747577633 144.600055 0.000000
1692985655747986900 144.478758 0.000000
1692985656182190087 144.708668 0.000000
1692985656182206500 144.601634 0.000000
1692985656183164222 144.571950 0.000000
1692985656326745198 144.578966 0.000000
1692985656617210520 144.625033 0.000000
1692985656761429043 144.836910 0.000000
1692985656834164610 144.831538 0.000000
1692985656834528075 144.607477 0.000000
1692985656906269096 144.785296 0.000000
1692985656906308753 144.667252 0.000000
1692985656906521919 144.488336 0.000000
1692985656979186817 144.581303 0.000000
1692985657051766041 144.633232 0.000000
1692985657269414050 144.656245 0.000000
1692985657414026167 144.593406 0.000000
1692985657414265840 144.605221 0.000000
1692985657558051819 144.788597 0.000000
1692985657558142960 144.642437 0.000000
1692985657848357799 144.930693 0.000000
1692985657993550497 144.728925 0.000000
1692985658427996043 145.084366 0.000000
1692985658500996005 144.690856 0.000000
1692985658573447122 144.663528 0.000000
1692985658718244601 144.678618 0.000000
1692985658790195966 144.542883 0.000000
1692985659006679643 144.471471 0.000000
1692985659080062404 144.582169 0.000000
1692985659223470189 144.566658 0.000000
1692985659297808507 144.558007 0.000000
1692985659369257529 144.853448 0.000000
1692985659513771358 144.543073 0.000000
1692985659659568496 144.573007 0.000000
1692985659875781860 144.549459 0.000000
1692985660021223873 144.550008 0.000000
1692985660021486458 144.566877 0.000000
1692985660165221973 144.597484 0.000000
1692985660166244355 144.513759 0.000000
1692985660237819289 144.718114 0.000000
1692985660238331201 144.620041 0.000000
1692985660238436489 144.552619 0.000000
1692985660310746442 144.505520 0.000000
1692985660527630476 144.744817 0.000000
1692985660600671473 144.832956 0.000000
1692985660672657187 144.480577 0.000000
1692985660673109514 144.761515 0.000000
1692985660744800794 144.633202 0.000000
1692985660744849778 144.660330 0.000000
1692985660816422858 144.556609 0.000000
1692985661034935177 144.510713 0.000000
1692985661035254238 144.571549 0.000000
1692985661035299498 144.599274 0.000000
1692985661324728059 144.673782 0.000000
1692985661324831465 144.705099 0.000000
1692985661396831648 144.612193 0.000000
1692985661469621166 144.658021 0.000000
1692985661542136617 144.574106 0.000000
1692985661685837963 144.502093 0.000000
1692985661687206214 144.604084 0.000000
1692985661757448370 144.612790 0.000000
1692985661759658924 144.653013 0.000000
1692985661974612258 144.635478 0.000000
1692985662047936594 144.522044 0.000000
1692985662049329307 144.626873 0.000000
1692985662194007439 144.632346 0.000000
1692985662410410649 144.543303 0.000000
1692985662555683228 144.461478 0.000000
1692985662628085115 144.446123 0.000000
1692985662699609492 144.663699 0.000000
1692985662772562711 144.505923 0.000000
1692985662916595717 144.750423 0.000000
1692985662917196729 144.784223 0.000000
1692985662989629212 144.968556 0.000000
1692985663060749625 144.710322 0.000000
1692985663206092277 144.595616 0.000000
1692985663279093036 144.667222 0.000000
1692985663279217285 144.634521 0.000000
1692985663352100390 144.569770 0.000000
1692985663423137439 144.637177 0.000000
1692985663424619465 144.648402 0.000000
1692985663496325469 144.736241 0.000000
1692985663569107148 144.680066 0.000000
1692985663858600616 144.452276 0.000000
1692985663859257969 144.822287 0.000000
1692985663930227386 144.712421 0.000000
1692985664003547748 144.489989 0.000000
1692985664075047979 144.681149 0.000000
1692985664075537657 144.527972 0.000000
1692985664076476038 144.549463 0.000000
1692985664148401724 144.543104 0.000000
1692985664292316295 144.604996 0.000000
1692985664292368416 144.697697 0.000000
1692985664365571126 144.579821 0.000000
1692985664366141211 144.673191 0.000000
1692985664437701035 144.756664 0.000000
1692985664509673849 144.571164 0.000000
1692985664510321449 144.711389 0.000000
1692985664655821812 144.610595 0.000000
1692985664944247543 144.715745 0.000000
1692985665018026135 144.871105 0.000000
1692985665162128468 144.546866 0.000000
1692985665162684746 144.644548 0.000000
1692985665162735464 144.638168 0.000000
1692985665235353042 144.681264 0.000000
1692985665306982538 144.838214 0.000000
1692985665597368325 144.601288 0.000000
1692985665670058362 144.698148 0.000000
1692985665741657047 144.569479 0.000000
1692985665887167779 144.815005 0.000000
1692985666103723950 144.835067 0.000000
1692985666104476294 144.544019 0.000000
1692985666176743483 144.580179 0.000000
1692985666322197613 144.605623 0.000000
1692985666611882125 144.797725 0.000000
1692985666612123932 144.645511 0.000000
1692985666901573552 144.653364 0.000000
1692985666974789902 144.750650 0.000000
1692985666975013502 144.749297 0.000000
1692985667047186307 144.571690 0.000000
1692985667119548652 144.675436 0.000000
1692985667191841625 144.639943 0.000000
1692985667482044857 144.590258 0.000000
1692985667626768225 144.748495 0.000000
1692985667626934251 144.946361 0.000000
1692985667844190198 144.782219 0.000000
1692985667916337754 144.655268 0.000000
1692985667917101294 144.550480 0.000000
1692985668206964190 144.757907 0.000000
1692985668351229198 144.549191 0.000000
1692985668496841419 144.645393 0.000000
1692985668567908518 144.752324 0.000000
1692985668640789754 144.602325 0.000000
1692985668713223696 144.550405 0.000000
1692985668786400760 144.591004 0.000000
1692985668858039859 144.845742 0.000000
1692985669003418559 144.572932 0.000000
1692985669148399023 144.448588 0.000000
1692985669220656564 144.742566 0.000000
1692985669221014586 144.607934 0.000000
1692985669293367710 144.660742 0.000000
1692985669437243687 144.568312 0.000000
1692985669582213357 144.672132 0.000000
1692985669583094916 144.589460 0.000000
1692985669944818892 144.722310 0.000000
1692985670016605103 144.653309 0.000000
1692985670017007578 144.746496 0.000000
1692985670089433536 144.584328 0.000000
1692985670161564022 144.533300 0.000000
1692985670235493072 144.777124 0.000000
1692985670306701416 144.557456 0.000000
1692985670307970551 144.545914 0.000000
1692985670378845438 144.727426 0.000000
1692985670378919325 144.743983 0.000000
1692985670380151690 144.648302 0.000000
1692985670451517308 144.799809 0.000000
1692985670525185780 144.649581 0.000000
1692985670597512822 144.555021 0.000000
1692985670958530817 144.574726 0.000000
1692985671030716201 144.694370 0.000000
1692985671320829594 144.562177 0.000000
1692985671392753174 144.706435 0.000000
1692985671537456860 144.597840 0.000000
1692985671538232789 144.729386 0.000000
1692985671900664991 144.464986 0.000000
1692985671973255952 144.508618 0.000000
1692985672045603693 144.550023 0.000000
1692985672117769136 144.942351 0.000000
1692985672190576576 144.762544 0.000000
1692985672262815629 144.531085 0.000000
1692985672334618664 144.499311 0.000000
1692985672406902631 144.844583 0.000000
1692985672407760721 144.566627 0.000000
1692985672552806282 145.056842 0.000000
1692985672697286599 144.510106 0.000000
1692985672697606553 144.568362 0.000000
1692985672769334338 144.683951 0.000000
1692985672842304009 144.459529 0.000000
1692985672914291282 144.691047 0.000000
1692985672914422212 144.672839 0.000000
1692985672987160661 144.566131 0.000000
1692985673059542947 144.769223 0.000000
1692985673131530581 144.661914 0.000000
1692985673203754293 144.522224 0.000000
1692985673348314557 144.610896 0.000000
1692985673421860147 144.584931 0.000000
1692985673711098576 144.628501 0.000000
1692985673711358285 144.492174 0.000000
1692985673711406517 144.516120 0.000000
1692985673783025208 144.560072 0.000000
1692985673855874696 144.528375 0.000000
1692985673927794713 144.761556 0.000000
1692985674000441855 144.579788 0.000000
1692985674001382251 144.748640 0.000000
1692985674145415263 144.894885 0.000000
1692985674146002834 144.648763 0.000000
1692985674218327997 144.553557 0.000000
1692985674362645010 144.563576 0.000000
1692985674434789303 144.584830 0.000000
1692985674435244436 144.481901 0.000000
1692985674435433540 144.637949 0.000000
1692985674435940484 144.724956 0.000000
1692985674507928028 144.510342 0.000000
1692985674580665800 144.488931 0.000000
1692985674869991913 144.578592 0.000000
1692985675158999712 144.587957 0.000000
1692985675159146854 144.722429 0.000000
1692985675376574776 144.561616 0.000000
1692985675449987718 144.636235 0.000000
1692985675666318310 144.691457 0.000000
1692985675739470335 144.656296 0.000000
1692985675883761828 144.610349 0.000000
1692985676028982777 144.593525 0.000000
1692985676100993825 144.635589 0.000000
1692985676101511845 144.656301 0.000000
1692985676463625280 144.588403 0.000000
1692985676680840168 144.748496 0.000000
1692985676753712759 144.696344 0.000000
1692985676826237812 144.736447 0.000000
1692985677043008180 144.514807 0.000000
1692985677187594129 144.538914 0.000000
1692985677260070138 144.596888 0.000000
1692985677332371085 144.902137 0.000000
1692985677404971443 144.661919 0.000000
1692985677406212904 144.824256 0.000000
1692985677622478053 144.735364 0.000000
1692985677694622893 144.789802 0.000000
1692985677984987806 144.653584 0.000000
1692985678057230091 144.524014 0.000000
1692985678201579725 144.653028 0.000000
1692985678201700296 144.738051 0.000000
1692985678201882014 144.635851 0.000000
1692985678275806148 144.553202 0.000000
1692985678638778049 144.762377 0.000000
1692985678709588567 144.511153 0.000000
1692985678782418504 144.430898 0.000000
1692985679289540099 144.577188 0.000000
1692985679289585580 144.513213 0.000000
1692985679362817146 144.573699 0.000000
1692985679505707602 144.710151 0.000000
1692985679652068410 144.580665 0.000000
1692985679652120917 144.479124 0.000000
1692985679724192310 144.629405 0.000000
1692985679796411502 144.586531 0.000000
1692985680014318885 144.578986 0.000000
1692985680014339302 144.665007 0.000000
1692985680085850043 144.527767 0.000000
1692985680085889805 144.478221 0.000000
1692985680158869720 144.571283 0.000000
1692985680230467919 144.683680 0.000000
1692985680376727843 144.955226 0.000000
1692985680593782733 144.629032 0.000000
1692985680666221641 144.496610 0.000000
1692985681099762314 144.630196 0.000000
1692985681101230061 144.610836 0.000000
1692985681173351500 144.641046 0.000000
1692985681244406221 144.613396 0.000000
1692985681246131912 144.515824 0.000000
1692985681390618448 144.503255 0.000000
1692985681463342925 145.096159 0.000000
1692985681533959887 144.568306 0.000000
1692985681681104283 144.626306 0.000000
1692985681824840775 144.483364 0.000000
1692985681825645060 144.507630 0.000000
1692985681969375619 144.514160 0.000000
1692985682113902178 144.480022 0.000000
1692985682187158306 144.530530 0.000000
1692985682331840106 144.622903 0.000000
1692985682404189972 144.466504 0.000000
1692985682477473629 144.588989 0.000000
1692985682549810369 144.479410 0.000000
1692985682619978112 144.757772 0.000000
1692985682838391847 144.528980 0.000000
1692985682839652337 144.537795 0.000000
1692985683127227509 144.778014 0.000000
1692985683201356021 144.494500 0.000000
1692985683344603672 144.605779 0.000000
1692985683490351400 144.463352 0.000000
1692985683490519736 144.449646 0.000000
1692985683562398266 144.627790 0.000000
1692985683563062806 144.460706 0.000000
1692985683634671479 144.783537 0.000000
1692985683707184264 144.765194 0.000000
1692985683707228772 144.719121 0.000000
1692985683779596741 144.568327 0.000000
1692985683924184267 144.635297 0.000000
1692985683925133022 144.786398 0.000000
1692985683997601273 144.807327 0.000000
1692985684213650420 144.686657 0.000000
1692985684214646126 144.516531 0.000000
1692985684286220839 144.698174 0.000000
1692985684358353530 144.737610 0.000000
1692985684576150034 144.565485 0.000000
1692985684576972992 144.505245 0.000000
1692985684648132531 144.759220 0.000000
1692985684648428028 144.629348 0.000000
1692985684649120443 144.549688 0.000000
1692985684793852906 144.462335 0.000000
1692985684793964756 144.521508 0.000000
1692985685228415459 144.547328 0.000000
1692985685372970985 144.658321 0.000000
1692985685373459251 144.604190 0.000000
1692985685445583898 144.619751 0.000000
1692985685518252159 145.039021 0.000000
1692985685591115469 144.812995 0.000000
1692985685735693553 144.611407 0.000000
1692985685735939349 144.775297 0.000000
1692985685880217075 144.696013 0.000000
1692985686026036505 144.604161 0.000000
1692985686314630506 144.609206 0.000000
1692985686533218852 144.607283 0.000000
1692985686676478270 144.625314 0.000000
1692985686749648112 144.638955 0.000000
1692985686749719648 144.734327 0.000000
1692985686822367211 144.676502 0.000000
1692985686823151484 144.606816 0.000000
1692985686894928924 144.558704 0.000000
1692985687039456357 144.781232 0.000000
1692985687112697620 144.633644 0.000000
1692985687184348029 144.567279 0.000000
1692985687256061225 144.739274 0.000000
1692985687328437573 144.635057 0.000000
1692985687401299840 144.545122 0.000000
1692985687691285963 144.561461 0.000000
1692985687763816634 144.605848 0.000000
1692985687835564460 144.593257 0.000000
1692985687908494825 144.530042 0.000000
1692985687980138334 144.611096 0.000000
1692985688197700825 144.723162 0.000000
1692985688270491254 144.631804 0.000000
1692985688343439622 144.573724 0.000000
1692985688414806032 144.663017 0.000000
1692985688415050164 144.735259 0.000000
1692985688415080981 144.666539 0.000000
1692985688632499010 144.689879 0.000000
1692985688777775102 144.603508 0.000000
1692985688994038943 144.740491 0.000000
1692985689211621871 144.644845 0.000000
1692985689211978024 144.646353 0.000000
1692985689356686486 144.718896 0.000000
1692985689357073596 144.609978 0.000000
1692985689501878557 144.602295 0.000000
1692985689501895622 144.708552 0.000000
1692985689646173247 144.576711 0.000000
1692985689719124663 144.653280 0.000000
1692985689719363292 144.798593 0.000000
1692985689791241071 144.642880 0.000000
1692985689863496913 144.725331 0.000000
1692985690007974939 144.514702 0.000000
1692985690008252745 144.584909 0.000000
1692985690225197739 144.644393 0.000000
1692985690225230049 144.713714 0.000000
1692985690225503199 144.591576 0.000000
1692985690370900118 144.527272 0.000000
1692985690442366194 144.689783 0.000000
1692985690442458263 144.644895 0.000000
1692985690443309186 144.710542 0.000000
1692985690443340830 144.764773 0.000000
1692985690514655459 144.562398 0.000000
1692985690587400033 144.573624 0.000000
1692985690588157138 144.807121 0.000000
1692985690732967351 144.588388 0.000000
1692985690877740584 144.784955 0.000000
1692985690950279084 144.814078 0.000000
1692985690950436976 144.775308 0.000000
1692985691312116037 144.851860 0.000000
1692985691312394394 144.598431 0.000000
1692985691384718866 144.872749 0.000000
1692985691385028641 144.677485 0.000000
1692985691529782619 144.887219 0.000000
1692985691530115057 144.968136 0.000000
1692985691530683308 145.379247 0.000000
1692985691601896016 144.699406 0.000000
1692985691674832400 144.708617 0.000000
1692985691892750762 144.758003 0.000000
1692985692037107657 144.721508 0.000000
1692985692254637727 144.766903 0.000000
1692985692399180684 144.610249 0.000000
1692985692399615089 144.761239 0.000000
1692985692399659487 144.659969 0.000000
1692985692472406296 144.716566 0.000000
1692985692544328619 144.707094 0.000000
1692985692544449204 144.604255 0.000000
1692985692544948445 144.705210 0.000000
1692985692689570816 144.615271 0.000000
1692985692978991594 144.603107 0.000000
1692985693051378462 144.954315 0.000000
1692985693051470952 144.884743 0.000000
1692985693124516515 144.682673 0.000000
1692985693196604963 144.626711 0.000000
1692985693197046018 144.778455 0.000000
1692985693414526468 144.543509 0.000000
1692985693703426471 144.797604 0.000000
1692985693704182423 144.736908 0.000000
1692985693775940889 144.594562 0.000000
1692985693920660843 144.704748 0.000000
1692985693920697242 144.722470 0.000000
1692985693921421205 144.637322 0.000000
1692985693992919984 144.665544 0.000000
1692985694138535559 144.615061 0.000000
1692985694138698147 144.692182 0.000000
1692985694356106063 145.038835 0.000000
1692985694356203855 144.720018 0.000000
1692985694573940851 144.957010 0.000000
1692985694574046456 145.063472 0.000000
1692985695081053440 144.626827 0.000000
1692985695226162078 144.859694 0.000000
1692985695733660624 144.555563 0.000000
1692985695733686544 144.602191 0.000000
1692985695805870294 144.645922 0.000000
1692985696022931614 144.528995 0.000000
1692985696095184595 144.496855 0.000000
1692985696096450763 144.703375 0.000000
1692985696458406583 144.462801 0.000000
1692985696530162067 144.485945 0.000000
1692985696674430867 144.515794 0.000000
1692985697110486952 145.071461 0.000000
1692985697110611146 144.902859 0.000000
1692985697183074055 144.643417 0.000000
1692985697255479054 144.853068 0.000000
1692985697399230772 144.698434 0.000000
1692985697544477265 144.446042 0.000000
1692985697617683722 144.741408 0.000000
1692985697833893974 144.781777 0.000000
1692985698051001101 144.617521 0.000000
1692985698052132010 144.805382 0.000000
1692985698124529952 144.788624 0.000000
1692985698197273579 144.602466 0.000000
1692985698414201062 144.536908 0.000000
1692985698414381472 144.569429 0.000000
1692985698414599338 144.543217 0.000000
1692985698486683106 144.567229 0.000000
1692985698557929883 144.673707 0.000000
1692985698775530737 144.728263 0.000000
1692985698849277630 144.725792 0.000000
1692985698993890876 144.468149 0.000000
1692985699138714371 144.653860 0.000000
1692985699210279863 144.464746 0.000000
1692985699210486759 144.456877 0.000000
1692985699282320260 144.701059 0.000000
1692985699282681625 144.744307 0.000000
1692985699572356789 144.760233 0.000000
1692985699572805743 144.528153 0.000000
1692985699717510688 144.985196 0.000000
1692985699790629401 144.762568 0.000000
1692985699935036878 144.659934 0.000000
1692985700008246944 144.788222 0.000000
1692985700080682288 144.698174 0.000000
1692985700152306964 144.702644 0.000000
1692985700152969925 144.698640 0.000000
1692985700297269236 144.701280 0.000000
1692985700297345368 144.741889 0.000000
1692985700370065600 144.587661 0.000000
1692985700514701578 144.799393 0.000000
1692985700514847097 144.832440 0.000000
1692985700515107587 144.976580 0.000000
1692985700515707522 145.634720 0.000000
1692985700731930068 144.673952 0.000000
1692985700877916024 144.624021 0.000000
1692985701095251952 144.638840 0.000000
1692985701240231992 144.790499 0.000000
1692985701384536545 144.631623 0.000000
1692985701456926940 144.732593 0.000000
1692985701819054745 144.635539 0.000000
1692985701892495156 144.653519 0.000000
1692985701964157794 144.523818 0.000000
1692985701964186200 144.475133 0.000000
1692985702036899776 144.633412 0.000000
1692985702037347763 144.709810 0.000000
1692985702108596469 144.622855 0.000000
1692985702109077632 144.689327 0.000000
1692985702109733813 144.467357 0.000000
1692985702253773591 144.484883 0.000000
1692985702254019858 144.664560 0.000000
1692985702471206054 144.641146 0.000000
1692985702616364697 144.669580 0.000000
1692985702689046294 144.685493 0.000000
1692985702761181310 144.522655 0.000000
1692985702833311346 144.866259 0.000000
1692985702833539446 144.847776 0.000000
1692985702906199779 144.719959 0.000000
1692985703050687147 144.900409 0.000000
1692985703050927270 144.480998 0.000000
1692985703340592131 144.626762 0.000000
1692985703413811784 144.462085 0.000000
1692985703557658393 144.648453 0.000000
1692985703558660798 144.600070 0.000000
1692985703702858939 144.687493 0.000000
1692985703848603785 145.042213 0.000000
1692985704282154055 144.773092 0.000000
1692985704282297618 144.711018 0.000000
1692985704354487547 144.576078 0.000000
1692985704427090061 144.606791 0.000000
1692985704789378143 144.456923 0.000000
1692985704862293273 144.859468 0.000000
1692985704934047188 144.553993 0.000000
1692985704934207215 144.535500 0.000000
1692985704934845123 144.847501 0.000000
1692985705007496806 144.682326 0.000000
1692985705079985896 144.607844 0.000000
1692985705224092549 144.889753 0.000000
1692985705368832354 144.730398 0.000000
1692985705368900638 144.817034 0.000000
1692985705513678526 144.767996 0.000000
1692985705514176118 144.509164 0.000000
1692985705803688640 144.718736 0.000000
1692985705804265616 144.689969 0.000000
1692985705876279907 144.608284 0.000000
1692985706092480957 144.560608 0.000000
1692985706093491797 144.486857 0.000000
1692985706093854660 144.592517 0.000000
1692985706166521083 144.569014 0.000000
1692985706382508521 144.493696 0.000000
1692985706383100232 144.498066 0.000000
1692985706528411345 145.024006 0.000000
1692985706599314883 144.646538 0.000000
1692985706600363356 144.626812 0.000000
1692985706672581240 144.556193 0.000000
1692985706673186958 144.606856 0.000000
1692985706673416903 144.588489 0.000000
1692985706890436060 144.767881 0.000000
1692985706961446768 144.647104 0.000000
1692985707107710550 144.647516 0.000000
1692985707107774103 144.788568 0.000000
1692985707398616757 144.607763 0.000000
1692985707398660073 144.725467 0.000000
1692985707543357990 144.692064 0.000000
1692985707688324352 144.825925 0.000000
1692985707760720020 144.569089 0.000000
1692985707903420925 144.733837 0.000000
1692985707904702665 144.726545 0.000000
1692985708048177805 144.514591 0.000000
1692985708265405847 144.780920 0.000000
1692985708265991909 144.500233 0.000000
1692985708341430626 144.788553 0.000000
1692985708558837284 144.698078 0.000000
1692985708703316764 144.549868 0.000000
1692985708920532243 144.546141 0.000000
1692985708920608881 144.644083 0.000000
1692985708990003402 144.664270 0.000000
1692985708993168875 144.468099 0.000000
1692985709065087574 144.539855 0.000000
1692985709065239392 144.585105 0.000000
1692985709207238305 144.647345 0.000000
1692985709209934027 144.563710 0.000000
1692985709282950036 144.588392 0.000000
1692985709354647666 144.416463 0.000000
1692985709355533430 145.041887 0.000000
1692985709572572759 144.510974 0.000000
1692985709572605701 144.503812 0.000000
1692985709714246517 144.570085 0.000000
1692985709933457043 144.522389 0.000000
1692985709934389029 144.479474 0.000000
1692985710150668347 144.555156 0.000000
1692985710223230316 144.464019 0.000000
1692985710224120761 144.652397 0.000000
1692985710295188456 144.481019 0.000000
1692985710440235721 144.611236 0.000000
1692985710584863020 144.516546 0.000000
1692985710728285623 144.630015 0.000000
1692985710729648315 144.761415 0.000000
1692985710875233801 144.704564 0.000000
1692985710945428617 144.612655 0.000000
1692985711020222450 144.624131 0.000000
1692985711092543198 144.686591 0.000000
1692985711236848363 144.569685 0.000000
1692985711309039801 144.474418 0.000000
1692985711309494808 144.539149 0.000000
1692985711380737540 144.569384 0.000000
1692985711381755537 144.546109 0.000000
1692985711454254595 144.491743 0.000000
1692985711598647974 144.605949 0.000000
1692985711741778178 144.608015 0.000000
1692985711742446106 144.574150 0.000000
1692985711743900532 144.711625 0.000000
1692985712032699203 144.550913 0.000000
1692985712249338342 144.802988 0.000000
1692985712322427141 144.505696 0.000000
1692985712394727612 144.638039 0.000000
1692985712395091749 144.490325 0.000000
1692985712467499018 144.786418 0.000000
1692985712539910136 144.582354 0.000000
1692985712829026037 144.638946 0.000000
1692985712901368360 144.844674 0.000000
1692985712974035774 144.861728 0.000000
1692985713118732904 144.763906 0.000000
1692985713119425820 145.127405 0.000000
1692985713264567013 144.480984 0.000000
1692985713336306621 144.689213 0.000000
1692985713336358572 144.588078 0.000000
1692985713336456645 144.705240 0.000000
1692985713409150420 144.440004 0.000000
1692985713481351570 144.930754 0.000000
1692985713844204727 144.714312 0.000000
1692985714279256346 144.893863 0.000000
1692985714423345178 144.742723 0.000000
1692985714423649150 144.921363 0.000000
1692985715147459539 144.682902 0.000000
1692985715147933977 144.520971 0.000000
1692985715221135517 144.573803 0.000000
1692985715437777222 144.879259 0.000000
1692985715438301311 144.539460 0.000000
1692985715727425624 144.736527 0.000000
1692985715873624506 145.197814 0.000000
1692985716017697813 144.567666 0.000000
1692985716018129015 144.514732 0.000000
1692985716162335976 144.807918 0.000000
1692985716162524339 144.523372 0.000000
1692985716234823968 144.834891 0.000000
1692985716235113135 144.887803 0.000000
1692985716235489230 144.600216 0.000000
1692985716307599428 144.560177 0.000000
1692985716379612752 144.720084 0.000000
1692985716451893537 144.552690 0.000000
1692985716452237612 144.627549 0.000000
1692985716597333986 144.472484 0.000000
1692985716742571553 144.675185 0.000000
1692985716815191307 144.653740 0.000000
1692985716887488871 144.832310 0.000000
1692985716887614618 144.738687 0.000000
1692985717249829846 144.591706 0.000000
1692985717249993051 144.695522 0.000000
1692985717466691903 144.695341 0.000000
1692985717466725757 144.736492 0.000000
1692985717467314495 144.864574 0.000000
1692985717539783598 144.602782 0.000000
1692985717901898543 144.664661 0.000000
1692985717974323875 144.796026 0.000000
1692985718119514729 145.182319 0.000000
1692985718119543791 145.114161 0.000000
1692985718263650224 144.801017 0.000000
1692985718264031861 144.580254 0.000000
1692985718481433422 144.552685 0.000000
1692985718481458600 144.559075 0.000000
1692985718553333527 144.557973 0.000000
1692985718554012330 144.839321 0.000000
1692985718771368897 144.633478 0.000000
1692985718915753957 144.463332 0.000000
1692985718916122875 144.654782 0.000000
1692985718988088417 144.857744 0.000000
1692985718988494837 144.645766 0.000000
1692985718988623837 144.748059 0.000000
1692985719060611601 144.647746 0.000000
1692985719133197416 144.960904 0.000000
1692985719206043891 144.653254 0.000000
1692985719278065193 144.526940 0.000000
1692985719495795022 144.652598 0.000000
1692985719495914811 144.732773 0.000000
1692985719641267555 145.000707 0.000000
1692985719785490490 144.526841 0.000000
1692985720075385390 144.668935 0.000000
1692985720148571079 144.610048 0.000000
1692985720292422755 144.654973 0.000000
1692985720365913718 144.912582 0.000000
1692985720510681293 144.470489 0.000000
1692985720655689682 144.894750 0.000000
1692985720728051019 144.642714 0.000000
1692985720728127101 144.553963 0.000000
1692985720800396801 144.652301 0.000000
1692985720873706368 145.380440 0.000000
1692985721018094155 144.537103 0.000000
1692985721089959043 144.852106 0.000000
1692985721162107451 144.918329 0.000000
1692985721234901249 144.701090 0.000000
1692985721308115920 144.720916 0.000000
1692985721451724310 144.658522 0.000000
1692985721452871111 144.661218 0.000000
1692985721524629497 144.536762 0.000000
1692985721525171653 144.664069 0.000000
1692985721597004642 144.475826 0.000000
1692985721669793002 144.602806 0.000000
1692985721741395380 144.664725 0.000000
1692985721886705030 144.526034 0.000000
1692985721887288898 144.706969 0.000000
1692985722031214244 144.551557 0.000000
1692985722322584730 144.675966 0.000000
1692985722394300111 144.412976 0.000000
1692985722394872868 144.593345 0.000000
1692985722466350165 144.686928 0.000000
1692985722539214763 144.866655 0.000000
1692985722539342389 144.647882 0.000000
1692985722684096568 144.796667 0.000000
1692985722829378242 144.849394 0.000000
1692985722829422400 144.912777 0.000000
1692985722829470988 144.721503 0.000000
1692985723047187076 144.652021 0.000000
1692985723337191445 144.667932 0.000000
1692985723553077564 144.582981 0.000000
1692985723554554477 144.472428 0.000000
1692985723699232153 144.627870 0.000000
1692985723771732243 144.698504 0.000000
1692985723842676551 144.675671 0.000000
1692985723842866442 144.502087 0.000000
1692985723915198412 144.647580 0.000000
1692985723988877032 144.487589 0.000000
1692985724060189472 144.729517 0.000000
1692985724060331903 144.831434 0.000000
1692985724060467914 144.511615 0.000000
1692985724205065498 144.744681 0.000000
1692985724495630190 144.675801 0.000000
1692985724712224686 144.643586 0.000000
1692985725002229521 144.697832 0.000000
1692985725292314599 144.727672 0.000000
1692985725364467542 144.707630 0.000000
1692985725437092548 144.792237 0.000000
1692985725726993337 144.769885 0.000000
1692985725728144313 144.892023 0.000000
1692985726163281697 144.497858 0.000000
1692985726235463908 144.521703 0.000000
1692985726306297038 144.720832 0.000000
1692985726307316373 144.533776 0.000000
1692985726380414999 144.566818 0.000000
1692985726523842689 144.612419 0.000000
1692985726597478938 144.550908 0.000000
1692985726668909214 144.703757 0.000000
1692985726669413231 144.454903 0.000000
1692985726886625712 144.531691 0.000000
1692985726958766151 144.723877 0.000000
1692985727031602212 144.896559 0.000000
1692985727176187549 144.621245 0.000000
1692985727394487708 144.615667 0.000000
1692985727901624439 144.513463 0.000000
1692985727901712849 144.581292 0.000000
1692985727901878189 144.676633 0.000000
1692985727973140371 144.480146 0.000000
1692985728406861062 144.714456 0.000000
1692985728407242744 144.708658 0.000000
1692985728407597710 144.980505 0.000000
1692985728553428962 144.611096 0.000000
1692985728625633394 144.496435 0.000000
1692985728987656756 144.782118 0.000000
1692985729132916744 144.612751 0.000000
1692985729277285469 144.764493 0.000000
1692985729277554850 144.630599 0.000000
1692985729350326120 144.509490 0.000000
1692985729421959761 144.657469 0.000000
1692985729494210772 144.568306 0.000000
1692985729639946778 144.582519 0.000000
1692985729711488259 144.751622 0.000000
1692985729856696609 144.869317 0.000000
1692985729929662753 144.636204 0.000000
1692985730073867434 144.716556 0.000000
1692985730146211727 144.746731 0.000000
1692985730146284380 144.740066 0.000000
1692985730291992542 144.614710 0.000000
1692985730654317976 144.694629 0.000000
1692985730799207971 144.497137 0.000000
1692985731015930388 145.081946 0.000000
1692985731016020221 144.641817 0.000000
1692985731088978877 144.469742 0.000000
1692985731160838719 144.724283 0.000000
1692985731233191968 144.658660 0.000000
1692985731233850198 144.778079 0.000000
1692985731597027498 144.784018 0.000000
1692985731958882278 144.555682 0.000000
1692985732103642490 145.352640 0.000000
1692985732176183951 144.788087 0.000000
1692985732176311463 144.914892 0.000000
1692985732465801583 144.608511 0.000000
1692985732466542505 144.545614 0.000000
1692985732466669185 144.565160 0.000000
1692985732683481405 144.597119 0.000000
1692985732683800592 144.958869 0.000000
1692985732755474301 144.740627 0.000000
1692985732756043074 144.518430 0.000000
1692985732828517474 144.748189 0.000000
1692985733118209954 144.603233 0.000000
1692985733262879210 144.695798 0.000000
1692985733480463020 144.652172 0.000000
1692985733553398859 144.661033 0.000000
1692985733553460437 144.659258 0.000000
1692985733625908862 144.898750 0.000000
1692985733697811929 144.689788 0.000000
1692985733843666866 144.746931 0.000000
1692985733988354004 144.696695 0.000000
1692985733988802191 145.078177 0.000000
1692985734060436363 144.454497 0.000000
1692985734133316422 144.531416 0.000000
1692985734133598953 144.710463 0.000000
1692985734205151887 144.701270 0.000000
1692985734278143068 144.558702 0.000000
1692985734350765402 144.499306 0.000000
1692985734422552896 144.666960 0.000000
1692985734422677160 144.818272 0.000000
1692985734495342183 144.640880 0.000000
1692985734567948867 144.830560 0.000000
1692985734785050370 144.659439 0.000000
1692985735003056311 144.668133 0.000000
1692985735219589419 144.642068 0.000000
1692985735291954114 144.504999 0.000000
1692985735436627429 144.633313 0.000000
1692985735509358772 144.919761 0.000000
1692985735509577410 144.455634 0.000000
1692985735653950143 144.831504 0.000000
1692985735654948669 144.932689 0.000000
1692985735871693683 144.578520 0.000000
1692985735872005674 144.559487 0.000000
1692985735872035879 144.615130 0.000000
1692985735943969580 144.805713 0.000000
1692985736088673860 144.733269 0.000000
1692985736161544551 144.639536 0.000000
1692985736306709189 145.036330 0.000000
1692985736523205621 144.599479 0.000000
1692985736595779548 144.767008 0.000000
1692985736741499858 144.707144 0.000000
1692985736813190376 144.699495 0.000000
1692985737031287749 144.637642 0.000000
1692985737248347476 144.587647 0.000000
1692985737320353898 144.650096 0.000000
1692985737320444664 144.554138 0.000000
1692985737393103789 144.742927 0.000000
1692985737393191328 144.586769 0.000000
1692985737393630353 144.465316 0.000000
1692985737465066194 144.686952 0.000000
1692985737465829013 144.673927 0.000000
1692985737465851752 144.628149 0.000000
1692985737465878688 144.675219 0.000000
1692985737610388588 144.730967 0.000000
1692985737683388200 144.853956 0.000000
1692985737755569495 144.522816 0.000000
1692985737828034072 145.102443 0.000000
1692985737973201797 144.641892 0.000000
1692985738407550468 144.602581 0.000000
1692985738552691144 144.528273 0.000000
1692985738625233047 144.581692 0.000000
1692985738697622319 144.523637 0.000000
1692985738769506172 144.679090 0.000000
1692985738770521863 145.002507 0.000000
1692985738986997356 144.693272 0.000000
1692985738987091365 144.636369 0.000000
1692985739059812920 144.526785 0.000000
1692985739132157488 144.650683 0.000000
1692985739204700438 144.715750 0.000000
1692985739277304560 144.747438 0.000000
1692985739422567161 144.687087 0.000000
1692985739495152820 144.740947 0.000000
1692985739640024326 144.698474 0.000000
1692985739784414999 144.793480 0.000000
1692985740074466204 144.855499 0.000000
1692985740146970298 144.693968 0.000000
1692985740146977214 144.762944 0.000000
1692985740147581975 144.857027 0.000000
1692985740220074081 144.693422 0.000000
1692985740292298746 144.708979 0.000000
1692985740436976543 144.664460 0.000000
1692985740581601761 144.616593 0.000000
1692985740871359337 144.659544 0.000000
1692985741016094492 144.782174 0.000000
1692985741161040341 144.721026 0.000000
1692985741306288908 144.621555 0.000000
1692985741378974470 144.767114 0.000000
1692985741523036660 144.588173 0.000000
1692985741595985594 144.539479 0.000000
1692985741667817681 144.772034 0.000000
1692985741668201523 144.478793 0.000000
1692985741740336224 144.656711 0.000000
1692985742246993670 144.590237 0.000000
1692985742248440533 144.949057 0.000000
1692985742319898768 144.523116 0.000000
1692985742391809075 144.558213 0.000000
1692985742393439205 144.565751 0.000000
1692985742536510161 144.657033 0.000000
1692985742537889533 144.766808 0.000000
1692985742755782852 144.834049 0.000000
1692985742899296496 144.529105 0.000000
1692985742972335830 144.578536 0.000000
1692985743044277422 144.501582 0.000000
1692985743045328728 144.456860 0.000000
1692985743188330826 144.565909 0.000000
1692985743189403706 144.530874 0.000000
1692985743260854622 144.652270 0.000000
1692985743260949186 144.657614 0.000000
1692985743262109689 144.457829 0.000000
1692985743332886759 144.622658 0.000000
1692985743334197531 144.468739 0.000000
1692985743551842729 145.037463 0.000000
1692985743624049417 144.539410 0.000000
1692985743624084739 144.496006 0.000000
1692985743696621840 144.695937 0.000000
1692985743841234795 144.574049 0.000000
1692985744058175885 144.793972 0.000000
1692985744276188407 144.663537 0.000000
1692985744421095521 144.572010 0.000000
1692985744493479581 144.566302 0.000000
1692985744710649351 144.510998 0.000000
1692985744999798851 144.835823 0.000000
1692985745000119361 144.601177 0.000000
1692985745072207830 144.802916 0.000000
1692985745217055481 144.719879 0.000000
1692985745217108259 144.832988 0.000000
1692985745217578753 144.855690 0.000000
1692985745362973715 144.824888 0.000000
1692985745435549226 144.789325 0.000000
1692985745651773646 144.775539 0.000000
1692985745652051146 144.617251 0.000000
1692985745725270273 144.681996 0.000000
1692985745869990838 144.713023 0.000000
1692985745870059056 144.599323 0.000000
1692985745942402778 144.866439 0.000000
1692985746087298766 144.703776 0.000000
1692985746231937491 144.818183 0.000000
1692985746304671345 145.047581 0.000000
1692985746304708095 144.788353 0.000000
1692985746449935539 144.732899 0.000000
1692985746594188306 144.648833 0.000000
1692985746667036035 144.979763 0.000000
1692985747029259657 144.613557 0.000000
1692985747247472214 145.052167 0.000000
1692985747247901758 144.764623 0.000000
1692985747319832269 144.604336 0.000000
1692985747392575800 144.533711 0.000000
1692985747464383114 144.537410 0.000000
1692985747536650729 144.784754 0.000000
1692985747537142181 144.479440 0.000000
1692985747754126252 144.495535 0.000000
1692985747826737275 144.534028 0.000000
1692985748043647243 144.641998 0.000000
1692985748116547173 144.699341 0.000000
1692985748188414357 144.542652 0.000000
1692985748477495030 144.725271 0.000000
1692985748478153019 144.989591 0.000000
1692985748550532810 144.940025 0.000000
1692985748623007280 144.693543 0.000000
1692985748695759953 144.590282 0.000000
1692985749057567112 144.618402 0.000000
1692985749347236880 144.511339 0.000000
1692985749420511646 144.597866 0.000000
1692985749492226356 144.699942 0.000000
1692985749927566571 144.538167 0.000000
1692985749999718827 144.684230 0.000000
1692985750072291240 144.456767 0.000000
1692985750144321513 144.893041 0.000000
1692985750288995024 144.632731 0.000000
1692985750289646037 144.522355 0.000000
1692985750506138471 144.684887 0.000000
1692985750796376133 144.942476 0.000000
1692985751013515755 144.732572 0.000000
1692985751013586725 144.836868 0.000000
1692985751085753450 144.636626 0.000000
1692985751303672003 144.461608 0.000000
1692985751375352703 144.498985 0.000000
1692985751447919078 144.542697 0.000000
1692985751520401552 144.701256 0.000000
1692985751737824232 144.929049 0.000000
1692985751810530692 144.537199 0.000000
1692985751882853189 144.824471 0.000000
1692985751954929926 144.676578 0.000000
1692985751954976058 144.761932 0.000000
1692985752172742833 144.445591 0.000000
1692985752245691727 144.618200 0.000000
1692985752462122390 144.686791 0.000000
1692985752825285411 144.548585 0.000000
1692985752970079568 144.498564 0.000000
1692985753332681439 144.780665 0.000000
1692985753549427743 144.782580 0.000000
1692985753549475078 144.782105 0.000000
1692985753550373732 144.931862 0.000000
1692985753622564343 144.753597 0.000000
1692985754057133426 144.683585 0.000000
1692985754129404854 144.714858 0.000000
1692985754129449678 144.805177 0.000000
1692985754202228942 144.748987 0.000000
1692985754274206834 144.740576 0.000000
1692985754347653559 144.638334 0.000000
1692985754419497910 144.479885 0.000000
1692985754564188100 144.670705 0.000000
1692985754709028339 144.779052 0.000000
1692985754854235906 144.859964 0.000000
1692985754854722517 144.775071 0.000000
1692985754999445633 144.782926 0.000000
1692985755072233311 144.699395 0.000000
1692985755144243729 144.773970 0.000000
1692985755144289275 144.718557 0.000000
1692985755216491453 144.779642 0.000000
1692985755289666377 144.712201 0.000000
1692985755361917523 144.629398 0.000000
1692985755578876030 144.683129 0.000000
1692985755651697943 144.650984 0.000000
1692985755651875135 144.629068 0.000000
1692985755868754637 144.763545 0.000000
1692985755941248147 144.676312 0.000000
1692985756013457850 144.694738 0.000000
1692985756014178011 144.990989 0.000000
