1692985607980931806 100.986969 159.649462 159 16 0.000000
1692985608972783196 95.930243 168.372006 167 16 0.000000
1692985609987163372 95.497208 166.604192 169 16 0.000000
1692985610982927591 95.281534 170.723148 170 16 0.000000
1692985611987333387 93.374674 170.249914 171 16 0.000000
1692985612992799281 93.470064 167.086725 168 16 0.000000
1692985613987579724 94.669043 173.907742 173 16 0.000000
1692985614991836220 95.205926 166.292183 167 16 0.000000
1692985615998505694 97.224168 161.920051 163 16 0.000000
1692985617001156085 91.502224 176.532126 177 16 0.000000
1692985617995943475 95.120700 170.890802 170 16 0.000000
1692985619003400258 93.057893 167.749103 169 16 0.000000
1692985619985063537 94.994475 172.156796 169 16 0.000000
1692985620994933147 96.649521 165.367911 167 16 0.000000
1692985622008501710 93.094748 172.657264 175 16 0.000000
1692985622989863653 90.934104 176.285639 173 16 0.000000
1692985624000789436 96.826152 162.227526 164 16 0.000000
1692985625014028814 94.677420 170.739514 173 16 0.000000
1692985626008005208 94.532599 164.993856 164 16 0.000000
1692985627007468517 96.985710 168.090212 168 16 0.000000
1692985628012928404 91.520260 177.033446 178 16 0.000000
1692985629022160550 96.747896 160.518047 162 16 0.000000
1692985630015375095 98.608740 165.120418 164 16 0.000000
1692985631014934183 99.160248 164.072365 164 16 0.000000
1692985632007651406 95.468623 163.188444 162 16 0.000000
1692985633028348969 92.352727 174.390566 178 16 0.000000
1692985634029971870 92.266885 175.714805 176 16 0.000000
1692985635013678617 93.866009 169.766042 167 16 0.000000
1692985636027308605 95.569871 165.740977 168 16 0.000000
1692985637035780242 100.075570 159.647503 161 16 0.000000
1692985638019385824 93.220401 172.833489 170 16 0.000000
1692985639031617950 95.451105 168.933619 171 16 0.000000
1692985640040937575 97.831137 160.504137 162 16 0.000000
1692985641033164018 92.867458 172.339697 171 16 0.000000
1692985642037238922 96.901034 165.326311 166 16 0.000000
1692985643046469134 94.311281 172.408642 174 16 0.000000
1692985644039063163 92.745106 170.260961 169 16 0.000000
1692985645043637716 94.526574 167.234971 168 16 0.000000
1692985646052618790 95.863973 168.486786 170 16 0.000000
1692985647045866620 93.701331 173.169292 172 16 0.000000
1692985648049998067 93.186716 170.296428 171 16 0.000000
1692985649058133853 91.386695 172.595794 174 16 0.000000
1692985650059952418 94.905396 170.689587 171 16 0.000000
1692985651061423368 96.007018 165.756164 166 16 0.000000
1692985652054566158 94.898176 168.153049 167 16 0.000000
1692985653056563368 96.869614 165.669128 166 16 0.000000
1692985654065944809 96.769632 166.438569 168 16 0.000000
1692985655058292094 92.176247 171.310999 170 16 0.000000
1692985656061083167 91.868612 175.510138 176 16 0.000000
1692985657070841351 94.406815 169.347480 171 16 0.000000
1692985658069627839 96.833424 164.199278 164 16 0.000000
1692985659065474994 97.253054 166.692234 166 16 0.000000
1692985660058568181 90.920553 175.210138 174 16 0.000000
1692985661078529709 93.224744 166.672971 170 16 0.000000
1692985662069904866 95.522869 174.505052 173 16 0.000000
1692985663063575497 93.824150 169.070109 168 16 0.000000
1692985664084046401 94.266422 167.569720 171 16 0.000000
1692985665077103920 93.165009 174.209448 173 16 0.000000
1692985666077839604 95.034735 167.876494 168 16 0.000000
1692985667089693908 94.814221 167.020094 169 16 0.000000
1692985668071601526 96.507135 169.058673 166 16 0.000000
1692985669083586669 95.456464 164.034012 166 16 0.000000
1692985670094582786 92.689998 176.063969 178 16 0.000000
1692985671078661362 92.515898 173.766630 171 16 0.000000
1692985672089307033 94.037418 165.240889 167 16 0.000000
1692985673100361401 96.628064 169.130398 171 16 0.000000
1692985674083654118 98.993480 162.718555 160 16 0.000000
1692985675093724235 95.851276 163.355010 165 16 0.000000
1692985676095433787 100.077053 160.725241 161 16 0.000000
1692985677107293304 92.462244 171.960605 174 16 0.000000
1692985678098947068 95.558097 169.413969 168 16 0.000000
1692985679100917869 93.358062 170.663681 171 16 0.000000
1692985680111996980 95.143026 167.148142 169 16 0.000000
1692985681103462209 94.836699 170.454772 169 16 0.000000
1692985682106372352 93.332231 166.515436 167 16 0.000000
1692985683117204568 97.934499 167.188955 169 16 0.000000
1692985684109341928 92.113453 174.371045 173 16 0.000000
1692985685110839022 92.496462 171.742870 172 16 0.000000
1692985686116725442 95.047467 167.016883 168 16 0.000000
1692985687124202567 93.666037 171.716043 173 16 0.000000
1692985688115927129 93.575381 171.418536 170 16 0.000000
1692985689121763072 94.375174 171.002082 172 16 0.000000
1692985690130233448 96.114689 165.597330 167 16 0.000000
1692985691110858211 90.394097 176.418132 173 16 0.000000
1692985692121695150 93.674908 170.156020 172 16 0.000000
1692985693135371237 98.498780 163.760417 166 16 0.000000
1692985694129513003 96.170653 166.978175 166 16 0.000000
1692985695126313331 91.646847 171.548921 171 16 0.000000
1692985696140223538 91.860176 174.571675 177 16 0.000000
1692985697142007907 95.704993 168.698978 169 16 0.000000
1692985698130642059 96.449085 161.839441 160 16 0.000000
1692985699135323441 100.382088 161.245126 162 16 0.000000
1692985700147336203 93.602736 172.922737 175 16 0.000000
1692985701143117445 92.375215 170.720212 170 16 0.000000
1692985702138362759 97.709299 164.783509 164 16 0.000000
1692985703152749812 92.050067 173.503801 176 16 0.000000
1692985704148993280 93.001775 173.652317 173 16 0.000000
1692985705145468338 90.554243 175.619035 175 16 0.000000
1692985706158889949 93.137094 170.708848 173 16 0.000000
1692985707156314822 93.954337 170.438864 170 16 0.000000
1692985708152701233 93.712704 172.623819 172 16 0.000000
1692985709165102920 92.730156 169.893014 172 16 0.000000
1692985710161679851 91.471453 171.587372 171 16 0.000000
1692985711158406981 101.126132 164.538523 164 16 0.000000
1692985712170875223 96.163903 163.955743 166 16 0.000000
1692985713166206288 92.570265 174.816223 174 16 0.000000
1692985714167638094 98.280387 162.766925 163 16 0.000000
1692985715175332220 92.115302 170.686737 172 16 0.000000
1692985716165986285 98.526003 163.528313 162 16 0.000000
1692985717171937174 92.453273 171.976577 173 16 0.000000
1692985718181159116 98.403963 163.492283 165 16 0.000000
1692985719171516742 99.585878 159.538348 158 16 0.000000
1692985720172091238 93.580568 174.899530 175 16 0.000000
1692985721187466386 96.837372 161.516630 164 16 0.000000
1692985722177058195 93.827163 169.766966 168 16 0.000000
1692985723176693154 96.117037 167.060986 167 16 0.000000
1692985724193056975 95.560379 169.230738 172 16 0.000000
1692985725186821435 96.697250 164.022795 163 16 0.000000
1692985726185058832 92.961018 174.307209 174 16 0.000000
1692985727199623220 94.254991 168.545242 171 16 0.000000
1692985728192668808 103.993215 154.071478 153 16 0.000000
1692985729191666068 93.182427 172.172669 172 16 0.000000
1692985730205959285 92.642193 170.562097 173 16 0.000000
1692985731196725903 95.231279 172.593643 171 16 0.000000
1692985732196731977 90.927783 172.998953 173 16 0.000000
1692985733211358681 90.870119 174.448393 177 16 0.000000
1692985734200615200 92.762406 175.889670 174 16 0.000000
1692985735200502874 93.944103 164.018402 164 16 0.000000
1692985736216454100 97.530464 168.315163 171 16 0.000000
1692985737205603891 92.485777 173.886702 172 16 0.000000
1692985738205288091 98.031816 162.051180 162 16 0.000000
1692985739222316170 97.153470 165.187181 168 16 0.000000
1692985740210371815 92.011338 173.067176 171 16 0.000000
1692985741209973703 97.546197 164.065334 164 16 0.000000
1692985742227769594 94.212717 168.992615 172 16 0.000000
1692985743216095504 94.728206 168.972589 167 16 0.000000
1692985744216359704 94.629006 170.954837 171 16 0.000000
1692985745234488606 97.288944 162.061993 165 16 0.000000
1692985746221636022 94.619968 172.213388 170 16 0.000000
1692985747221386262 93.906793 171.042719 171 16 0.000000
1692985748224090868 93.735507 170.538774 171 16 0.000000
1692985749242793024 95.665231 162.952425 166 16 0.000000
1692985750228609919 92.130499 176.503366 174 16 0.000000
1692985751230210200 96.253653 164.736402 165 16 0.000000
1692985752249657521 99.413011 159.890552 163 16 0.000000
1692985753233305067 93.960062 172.826138 170 16 0.000000
1692985754236410116 94.383822 167.479965 168 16 0.000000
1692985755238502097 92.641765 174.634661 175 16 0.000000
1692985756258889571 96.316611 164.643343 168 16 0.000000
