1692987334089442988 144.707774 0.000000
1692987334234281170 144.747977 0.000000
1692987334379340993 145.072071 0.000000
1692987334451491421 144.719306 0.000000
1692987334814575176 144.653638 0.000000
1692987334886899630 145.013716 0.000000
1692987334887301645 144.660339 0.000000
1692987334887329680 144.756728 0.000000
1692987334887479619 144.793859 0.000000
1692987335176430687 144.524578 0.000000
1692987335176679345 144.638914 0.000000
1692987335321374044 144.667325 0.000000
1692987335393858048 144.607090 0.000000
1692987335466572453 144.615383 0.000000
1692987335538478240 144.583885 0.000000
1692987335611532022 144.617119 0.000000
1692987335829056309 144.492178 0.000000
1692987335901249983 144.517311 0.000000
1692987336552599092 144.708005 0.000000
1692987336552643591 144.648105 0.000000
1692987336625520418 144.691536 0.000000
1692987336770423276 144.781526 0.000000
1692987336771444084 144.906125 0.000000
1692987336771479952 144.987720 0.000000
1692987336987545347 144.632640 0.000000
1692987337060838092 144.521887 0.000000
1692987337132255210 144.683763 0.000000
1692987337205635294 144.574118 0.000000
1692987337205726215 144.535148 0.000000
1692987337205778346 144.627408 0.000000
1692987337278142587 144.497926 0.000000
1692987337349647776 144.660363 0.000000
1692987337422476602 144.908286 0.000000
1692987337495553485 144.741277 0.000000
1692987337567450214 144.907302 0.000000
1692987337567810937 144.494217 0.000000
1692987337640334368 144.626905 0.000000
1692987337713008345 144.701249 0.000000
1692987337858110480 144.898306 0.000000
1692987338002430859 144.355059 0.000000
1692987338074568012 144.583249 0.000000
1692987338219604305 144.716274 0.000000
1692987338292152353 144.474571 0.000000
1692987338364450465 144.727540 0.000000
1692987338364737743 144.616637 0.000000
1692987338582277184 144.809941 0.000000
1692987338727668558 144.608072 0.000000
1692987339017021612 144.567397 0.000000
1692987339017336328 144.543928 0.000000
1692987339595980994 144.640867 0.000000
1692987339596766731 144.675489 0.000000
1692987339597167683 144.602560 0.000000
1692987339814672089 144.813054 0.000000
1692987339886002010 144.752694 0.000000
1692987339886265041 144.500417 0.000000
1692987339958664439 144.453071 0.000000
1692987340030631466 144.617368 0.000000
1692987340031744960 144.616436 0.000000
1692987340103912439 144.534602 0.000000
1692987340176513450 144.681473 0.000000
1692987340321170316 144.621904 0.000000
1692987340538806487 144.793664 0.000000
1692987340611256728 144.533449 0.000000
1692987340683129897 144.689375 0.000000
1692987340972574402 144.619794 0.000000
1692987341045912658 144.491270 0.000000
1692987341046229936 144.571292 0.000000
1692987341117468224 144.697164 0.000000
1692987341189883619 144.789192 0.000000
1692987341262316329 144.763579 0.000000
1692987341334959258 144.730287 0.000000
1692987341407155879 144.728156 0.000000
1692987341479814381 144.776298 0.000000
1692987341697042331 144.614933 0.000000
1692987341697244441 144.842121 0.000000
1692987341769586336 144.639691 0.000000
1692987341915219586 144.825066 0.000000
1692987341987250823 144.638067 0.000000
1692987342060231282 144.682069 0.000000
1692987342204146248 144.653573 0.000000
1692987342204458443 144.570209 0.000000
1692987342278025566 144.793358 0.000000
1692987342495138115 144.607336 0.000000
1692987342784749784 144.489016 0.000000
1692987342856799624 144.641925 0.000000
1692987342857395223 144.461435 0.000000
1692987343074291620 144.674251 0.000000
1692987343074904675 144.657933 0.000000
1692987343074930766 144.645279 0.000000
1692987343291836149 144.742184 0.000000
1692987343364575140 144.873800 0.000000
1692987343509354175 144.751787 0.000000
1692987343509464201 144.526868 0.000000
1692987343582172813 144.838072 0.000000
1692987343654566036 144.747260 0.000000
1692987343726981722 144.575241 0.000000
1692987343799656114 144.639170 0.000000
1692987343944610727 144.714202 0.000000
1692987344451922360 144.830435 0.000000
1692987344596827728 144.773782 0.000000
1692987344742380878 144.753300 0.000000
1692987345177169370 144.595814 0.000000
1692987345248831600 144.724353 0.000000
1692987345248889183 144.710110 0.000000
1692987345393500969 144.753591 0.000000
1692987345393740381 144.571522 0.000000
1692987345466222792 144.648246 0.000000
1692987345828669410 144.775059 0.000000
1692987345901022335 144.897184 0.000000
1692987345901110004 144.926834 0.000000
1692987345973525098 144.482696 0.000000
1692987346046711606 144.744214 0.000000
1692987346118165615 144.612462 0.000000
1692987346263001633 144.511488 0.000000
1692987346263650526 144.589520 0.000000
1692987346336167763 144.622746 0.000000
1692987346481126305 144.647278 0.000000
1692987346697411826 144.784788 0.000000
1692987346843071723 144.634869 0.000000
1692987347060323787 144.626735 0.000000
1692987347132394235 144.813133 0.000000
1692987347205032333 144.810884 0.000000
1692987347205611585 144.536386 0.000000
1692987347278056804 144.947697 0.000000
1692987347422320891 144.703343 0.000000
1692987347422393309 144.728476 0.000000
1692987347566953999 144.616617 0.000000
1692987347566998104 144.582407 0.000000
1692987348219178701 144.632143 0.000000
1692987348219942457 145.014798 0.000000
1692987348292054762 144.472367 0.000000
1692987348292369769 144.567708 0.000000
1692987348363950037 144.603631 0.000000
1692987348365006323 144.743842 0.000000
1692987348581479701 144.820376 0.000000
1692987348798799081 144.770665 0.000000
1692987348799528206 144.595263 0.000000
1692987348871228183 144.644375 0.000000
1692987348944053175 144.510385 0.000000
1692987349088635547 144.697279 0.000000
1692987349161659266 144.691110 0.000000
1692987349233756001 144.752508 0.000000
1692987349306311862 145.139809 0.000000
1692987349379014415 144.823462 0.000000
1692987349596498703 144.700813 0.000000
1692987349814164889 145.014708 0.000000
1692987350031695566 144.931114 0.000000
1692987350031840538 144.721486 0.000000
1692987350104013890 144.774002 0.000000
1692987350321936287 144.862724 0.000000
1692987350396834378 144.593844 0.000000
1692987350466018125 144.632369 0.000000
1692987350466406688 144.532557 0.000000
1692987350538850535 144.612437 0.000000
1692987350757639386 144.646351 0.000000
1692987350758737660 144.489632 0.000000
1692987350830114455 144.692138 0.000000
1692987350901347892 144.898156 0.000000
1692987351118876162 144.807055 0.000000
1692987351191498222 144.854244 0.000000
1692987351410099052 144.570179 0.000000
1692987351481357787 144.819082 0.000000
1692987351698995918 144.400299 0.000000
1692987351699305233 144.470813 0.000000
1692987351989120209 144.915416 0.000000
1692987351989640067 144.941642 0.000000
1692987352133799046 144.682792 0.000000
1692987352424438890 144.878882 0.000000
1692987352424786272 144.894704 0.000000
1692987352496287091 144.698116 0.000000
1692987352569630112 144.740450 0.000000
1692987352641066261 144.751551 0.000000
1692987352858242052 144.686926 0.000000
1692987352858598982 144.539633 0.000000
1692987352859549772 144.886335 0.000000
1692987352931137718 145.108491 0.000000
1692987352931300251 145.003777 0.000000
1692987353221281434 144.912579 0.000000
1692987353294265922 144.857005 0.000000
1692987353366809455 144.823503 0.000000
1692987353656367594 144.568455 0.000000
1692987353656403959 144.586327 0.000000
1692987353800991197 144.917005 0.000000
1692987353801113667 144.952678 0.000000
1692987353801337983 145.007279 0.000000
1692987354018988323 144.701916 0.000000
1692987354163663356 144.664499 0.000000
1692987354163773537 144.797703 0.000000
1692987354308379950 144.750432 0.000000
1692987354381316250 144.756337 0.000000
1692987354453198727 144.697556 0.000000
1692987354453288866 144.884074 0.000000
1692987354525805902 144.562928 0.000000
1692987354525843380 144.521817 0.000000
1692987354598775531 144.554302 0.000000
1692987354670698405 144.759384 0.000000
1692987354671589241 145.118308 0.000000
1692987354671784490 145.148322 0.000000
1692987354815327817 144.695110 0.000000
1692987354961526913 144.741226 0.000000
1692987355032654795 144.633958 0.000000
1692987355034052890 144.627002 0.000000
1692987355178546085 144.512725 0.000000
1692987355250070534 144.658204 0.000000
1692987355251404345 144.694037 0.000000
1692987355394935518 144.792621 0.000000
1692987355467605901 144.743658 0.000000
1692987355541158806 144.598896 0.000000
1692987355612219922 144.712374 0.000000
1692987355757090750 144.743989 0.000000
1692987355829479072 144.641350 0.000000
1692987355974211498 144.715346 0.000000
1692987356046784384 144.749406 0.000000
1692987356047129587 144.656285 0.000000
1692987356047541700 144.894463 0.000000
1692987356191684034 144.633826 0.000000
1692987356191769813 144.624986 0.000000
1692987356264279528 144.793658 0.000000
1692987356409375058 144.753810 0.000000
1692987356409419782 144.801938 0.000000
1692987356626840978 144.518334 0.000000
1692987356627395954 144.635942 0.000000
1692987356844741284 144.686319 0.000000
1692987356916644749 144.913312 0.000000
1692987356916683023 144.928513 0.000000
1692987357062152903 144.825041 0.000000
1692987357062290067 144.886820 0.000000
1692987357206937345 144.594886 0.000000
1692987357278655283 144.769311 0.000000
1692987357351438429 144.862514 0.000000
1692987357423483352 144.581376 0.000000
1692987357423528011 144.742946 0.000000
1692987357569018614 144.471815 0.000000
1692987357641183387 145.073264 0.000000
1692987357641217311 144.745757 0.000000
1692987357713975292 144.762957 0.000000
1692987357786489241 144.739898 0.000000
1692987358003658517 144.796390 0.000000
1692987358004059590 144.518383 0.000000
1692987358148468128 144.785245 0.000000
1692987358148514030 144.754984 0.000000
1692987358221671359 144.908942 0.000000
1692987358294181655 144.564004 0.000000
1692987358366744482 145.064608 0.000000
1692987358511628847 144.612242 0.000000
1692987358511675054 144.669130 0.000000
1692987358583610428 144.701519 0.000000
1692987358655851079 144.718308 0.000000
1692987358656753085 144.777402 0.000000
1692987358729018826 144.936280 0.000000
1692987358800477221 144.608653 0.000000
1692987358945462185 144.728758 0.000000
1692987358946315128 144.460194 0.000000
1692987358946511223 144.517723 0.000000
1692987358946539609 144.503184 0.000000
1692987359018618316 144.598992 0.000000
1692987359090298722 144.636613 0.000000
1692987359090459005 144.780227 0.000000
1692987359162964419 144.644376 0.000000
1692987359235164353 144.693020 0.000000
1692987359307538061 144.610704 0.000000
1692987359524869204 144.761840 0.000000
1692987359525600514 144.487397 0.000000
1692987359742368417 144.623438 0.000000
1692987359742453850 144.625599 0.000000
1692987359743048678 144.599197 0.000000
1692987359815000771 144.849413 0.000000
1692987359815230555 144.707323 0.000000
1692987359960520983 144.768815 0.000000
1692987360032796565 144.661819 0.000000
1692987360177268448 144.728998 0.000000
1692987360178024982 144.658475 0.000000
1692987360249852360 144.799065 0.000000
1692987360249898317 144.835345 0.000000
1692987360322129845 144.584527 0.000000
1692987360322982703 144.704196 0.000000
1692987360467599805 144.578713 0.000000
1692987360539374370 144.742870 0.000000
1692987360612065141 144.820982 0.000000
1692987360612833848 144.694719 0.000000
1692987360685056164 144.702066 0.000000
1692987360685200464 144.451573 0.000000
1692987360756502726 144.638662 0.000000
1692987360757165096 144.516283 0.000000
1692987360829562965 144.489561 0.000000
1692987361191654128 144.589599 0.000000
1692987361335869361 144.667625 0.000000
1692987361408455834 144.457653 0.000000
1692987361480419679 144.626916 0.000000
1692987361697647662 144.715672 0.000000
1692987361697826884 144.534972 0.000000
1692987361697859996 144.533078 0.000000
1692987361698054157 144.558307 0.000000
1692987361769970947 144.805336 0.000000
1692987361843200745 144.556246 0.000000
1692987362060163526 144.612126 0.000000
1692987362060485981 144.525559 0.000000
1692987362205073962 144.552238 0.000000
1692987362205721247 144.632494 0.000000
1692987362277206394 144.710836 0.000000
1692987362350158817 144.496457 0.000000
1692987362422801741 144.800985 0.000000
1692987362494821982 144.714280 0.000000
1692987362495418730 144.819659 0.000000
1692987362495631855 144.939708 0.000000
1692987362566804245 144.635350 0.000000
1692987362712614757 144.460834 0.000000
1692987362857474119 144.585906 0.000000
1692987362929498103 144.644677 0.000000
1692987363001416613 144.748689 0.000000
1692987363074065998 144.825894 0.000000
1692987363074664429 144.675253 0.000000
1692987363075342641 144.494509 0.000000
1692987363146467665 144.574915 0.000000
1692987363147861416 144.544359 0.000000
1692987363219361668 144.638307 0.000000
1692987363292524636 144.647809 0.000000
1692987363363715855 144.717202 0.000000
1692987363436155711 144.735929 0.000000
1692987363436543383 144.596104 0.000000
1692987363509619659 144.522944 0.000000
1692987363798635081 144.706902 0.000000
1692987363871834209 144.668668 0.000000
1692987363944030203 144.600720 0.000000
1692987364016802984 144.750207 0.000000
1692987364088778576 144.669805 0.000000
1692987364161366483 144.554553 0.000000
1692987364161653680 144.514305 0.000000
1692987364233691973 144.703044 0.000000
1692987364306211129 144.638326 0.000000
1692987364378015168 144.604333 0.000000
1692987364450831741 144.572560 0.000000
1692987364595446623 144.706315 0.000000
1692987364668392536 144.527434 0.000000
1692987364668598841 144.559769 0.000000
1692987364885622458 144.683021 0.000000
1692987365175585995 144.672932 0.000000
1692987365392978370 144.612772 0.000000
1692987365537828474 144.719451 0.000000
1692987365537989188 144.919842 0.000000
1692987365683472856 144.727699 0.000000
1692987365683496681 144.774260 0.000000
1692987365755878057 144.761363 0.000000
1692987365900298959 144.921326 0.000000
1692987366045180607 144.874025 0.000000
1692987366117872700 144.755650 0.000000
1692987366118328875 144.742239 0.000000
1692987366335748248 144.399487 0.000000
1692987366408430954 144.594742 0.000000
1692987366552514695 144.666460 0.000000
1692987366552695896 144.638866 0.000000
1692987366552837959 144.663571 0.000000
1692987366553300366 144.444363 0.000000
1692987366625130924 144.790285 0.000000
1692987366914999595 144.872271 0.000000
1692987366987817466 144.946359 0.000000
1692987366988118175 144.749616 0.000000
1692987367060033001 144.571277 0.000000
1692987367060413987 144.815018 0.000000
1692987367060447891 144.784924 0.000000
1692987367061019870 144.768536 0.000000
1692987367061176790 144.940415 0.000000
1692987367277884438 144.831156 0.000000
1692987367423288656 144.797618 0.000000
1692987367639586100 144.808563 0.000000
1692987367712116452 144.703869 0.000000
1692987367784669692 144.478305 0.000000
1692987367857154508 144.610102 0.000000
1692987367858437892 144.777496 0.000000
1692987367930720614 145.296543 0.000000
1692987368148367886 144.696052 0.000000
1692987368219810419 144.866403 0.000000
1692987368219863974 144.774594 0.000000
1692987368220090345 144.543628 0.000000
1692987368437589337 145.039987 0.000000
1692987368438255029 144.743196 0.000000
1692987368583099060 144.660358 0.000000
1692987369233995902 144.444135 0.000000
1692987369234368614 144.526988 0.000000
1692987369306349859 144.773010 0.000000
1692987369379139274 144.706481 0.000000
1692987369596838778 145.084595 0.000000
1692987369669280474 144.640332 0.000000
1692987369813895516 144.842812 0.000000
1692987369886356878 144.826710 0.000000
1692987369886566357 144.716791 0.000000
1692987369958759975 144.807917 0.000000
1692987369959207576 144.948352 0.000000
1692987370104119168 144.940695 0.000000
1692987370248997103 144.661697 0.000000
1692987370249123466 144.608478 0.000000
1692987370321050671 144.542001 0.000000
1692987370466794508 145.284529 0.000000
1692987370539046800 144.858550 0.000000
1692987370612222868 145.150153 0.000000
1692987370755850891 144.704450 0.000000
1692987371118337909 144.774308 0.000000
1692987371263291419 144.512464 0.000000
1692987371480731880 144.658921 0.000000
1692987371553326863 144.632594 0.000000
1692987371625745680 144.570298 0.000000
1692987371698149303 144.815871 0.000000
1692987371771228361 144.786798 0.000000
1692987371843123752 144.645328 0.000000
1692987372133484076 144.607350 0.000000
1692987372277145963 144.666671 0.000000
1692987372277524754 144.532336 0.000000
1692987372350535152 144.669826 0.000000
1692987372421822449 144.655142 0.000000
1692987372422141145 144.519240 0.000000
1692987373073823809 144.559784 0.000000
1692987373146239690 144.769607 0.000000
1692987373291134794 144.456681 0.000000
1692987373292690175 144.537097 0.000000
1692987373364521452 144.492538 0.000000
1692987373364989731 144.451367 0.000000
1692987373436263782 145.066131 0.000000
1692987373437444196 144.691255 0.000000
1692987373508804379 144.721100 0.000000
1692987373508836388 144.773061 0.000000
1692987374015616675 144.656775 0.000000
1692987374016106940 144.710149 0.000000
1692987374016541044 144.657661 0.000000
1692987374160322174 144.527676 0.000000
1692987374161642620 144.642600 0.000000
1692987374305542429 145.434799 0.000000
1692987374450476725 144.707583 0.000000
1692987374522679976 144.651168 0.000000
1692987374524009593 144.549091 0.000000
1692987374667837385 144.767622 0.000000
1692987375103302376 144.888584 0.000000
1692987375393139644 144.682566 0.000000
1692987375464860985 144.610206 0.000000
1692987375537324291 144.783238 0.000000
1692987375609493749 144.613470 0.000000
1692987375754412263 144.650491 0.000000
1692987375754990447 144.659808 0.000000
1692987375829292508 144.627622 0.000000
1692987375900826885 144.418081 0.000000
1692987376044042916 144.781459 0.000000
1692987376261417564 144.625784 0.000000
1692987376333520994 144.640657 0.000000
1692987376478274023 144.732245 0.000000
1692987376550973208 144.579777 0.000000
1692987376553026721 144.631011 0.000000
1692987376696351615 144.915311 0.000000
1692987376769405740 144.519736 0.000000
1692987377060359323 144.832743 0.000000
1692987377349850742 144.677447 0.000000
1692987377421361233 144.437966 0.000000
1692987377710838669 144.621819 0.000000
1692987377783325246 144.621779 0.000000
1692987377785116936 144.771753 0.000000
1692987378071966919 144.603867 0.000000
1692987378147829909 144.544637 0.000000
1692987378580929810 144.839078 0.000000
1692987378870867011 144.513111 0.000000
1692987378942924834 144.635781 0.000000
1692987378943768056 144.388436 0.000000
1692987379014344103 144.688413 0.000000
1692987379088284519 144.436168 0.000000
1692987379088506515 144.564324 0.000000
1692987379160104855 144.684755 0.000000
1692987379305371533 145.137783 0.000000
1692987379378235010 144.995849 0.000000
1692987379378705674 145.938541 0.000000
1692987379450440071 144.610839 0.000000
1692987379522881822 144.815659 0.000000
1692987379523233359 144.989528 0.000000
1692987379812756632 144.664959 0.000000
1692987379958681620 144.665235 0.000000
1692987380174325540 144.836593 0.000000
1692987380174504110 144.583494 0.000000
1692987380175791383 144.565998 0.000000
1692987380391443301 144.661862 0.000000
1692987380392574511 144.616127 0.000000
1692987380465623674 144.573186 0.000000
1692987380538051628 144.582768 0.000000
1692987380610205295 144.619649 0.000000
1692987380682497910 144.864824 0.000000
1692987381043381590 144.714855 0.000000
1692987381189028982 144.552838 0.000000
1692987381189841582 144.623517 0.000000
1692987381333073089 144.742715 0.000000
1692987381333183475 144.646417 0.000000
1692987381550176937 144.601201 0.000000
1692987381550369665 144.571562 0.000000
1692987381623329336 144.553070 0.000000
1692987381623690455 144.769563 0.000000
1692987381695073089 144.679272 0.000000
1692987381695989199 144.550103 0.000000
1692987382057974340 144.787278 0.000000
1692987382202662222 144.927985 0.000000
1692987382204501483 144.643514 0.000000
1692987382274823802 144.560873 0.000000
1692987382421210338 144.512189 0.000000
1692987382422181596 144.527825 0.000000
1692987382564934389 144.929874 0.000000
1692987382565542069 144.595217 0.000000
1692987382710174361 144.596935 0.000000
1692987382782021695 144.644351 0.000000
1692987382782900198 144.497866 0.000000
1692987382855772791 144.647625 0.000000
1692987382926882946 144.917748 0.000000
1692987382999378031 144.742564 0.000000
1692987383363033173 144.685614 0.000000
1692987383651810513 145.187744 0.000000
1692987383868938468 144.663696 0.000000
1692987383869207098 144.862439 0.000000
1692987383942574711 144.894664 0.000000
1692987384086754146 144.842842 0.000000
1692987384087105899 144.740655 0.000000
1692987384158955053 144.727370 0.000000
1692987384230910012 144.656014 0.000000
1692987384232331873 144.549541 0.000000
1692987384376481158 144.773591 0.000000
1692987384448725760 144.790811 0.000000
1692987384595244485 144.695298 0.000000
1692987384883058645 144.641667 0.000000
1692987384885475929 144.781361 0.000000
1692987384956000979 144.543697 0.000000
1692987384956400302 144.697813 0.000000
1692987385028038430 144.737077 0.000000
1692987385173976770 144.696456 0.000000
1692987385390916612 144.528531 0.000000
1692987385391997901 144.893024 0.000000
1692987385608334070 144.947086 0.000000
1692987385899284346 144.838383 0.000000
1692987385969907694 144.601602 0.000000
1692987386044256760 144.643922 0.000000
1692987386114674430 144.741262 0.000000
1692987386189237663 144.824972 0.000000
1692987386261680282 144.684781 0.000000
1692987386333234990 144.993558 0.000000
1692987386622173308 144.626425 0.000000
1692987386623793360 144.691902 0.000000
1692987386840177320 144.746194 0.000000
1692987387130694729 144.842291 0.000000
1692987387420659012 144.557544 0.000000
1692987387492106372 144.542636 0.000000
1692987387709994789 144.555289 0.000000
1692987387710052904 144.520553 0.000000
1692987387999662508 145.056324 0.000000
1692987388145001303 145.251211 0.000000
1692987388145032736 145.085060 0.000000
1692987388218277219 144.701560 0.000000
1692987388651416372 144.586111 0.000000
1692987388652189279 144.577962 0.000000
1692987388653378183 144.708200 0.000000
1692987389014487548 144.874035 0.000000
1692987389159287485 144.458609 0.000000
1692987389160075583 144.669840 0.000000
1692987389160261480 144.584376 0.000000
1692987389450035255 144.717606 0.000000
1692987389593716781 144.949619 0.000000
1692987389667416736 144.675370 0.000000
1692987389956876505 144.661100 0.000000
1692987389957484774 144.946204 0.000000
1692987390029947900 144.638663 0.000000
1692987390245311091 144.832263 0.000000
1692987390318288283 144.765939 0.000000
1692987390319792139 144.767279 0.000000
1692987390391403680 144.956211 0.000000
1692987390681955088 144.687401 0.000000
1692987391043837996 144.616572 0.000000
1692987391188921122 144.568324 0.000000
1692987391260652221 144.792545 0.000000
1692987391551118551 144.533574 0.000000
1692987391623070383 144.596430 0.000000
1692987391695083970 144.693897 0.000000
1692987391841222870 145.112198 0.000000
1692987392203371742 144.521545 0.000000
1692987392274161236 144.697580 0.000000
1692987392563797487 144.612103 0.000000
1692987392564232914 144.442792 0.000000
1692987392564413895 144.339692 0.000000
1692987392565210324 144.766146 0.000000
1692987392709193025 144.969575 0.000000
1692987392710148040 144.640131 0.000000
1692987392781992448 144.933825 0.000000
1692987392853975968 144.773817 0.000000
1692987392926819037 144.803575 0.000000
1692987392927254740 144.948353 0.000000
1692987392927300226 144.691155 0.000000
1692987392999367667 144.607946 0.000000
1692987393216385851 144.676381 0.000000
1692987393217535990 144.707328 0.000000
1692987393217641015 144.657076 0.000000
1692987393361180998 144.773492 0.000000
1692987393579962357 144.808327 0.000000
1692987393868793857 144.648602 0.000000
1692987394013025388 144.625271 0.000000
1692987394086340473 144.819679 0.000000
1692987394302308542 144.475138 0.000000
1692987394304913724 145.419317 0.000000
1692987394737610540 144.454574 0.000000
1692987394956605539 144.490800 0.000000
1692987395099637005 144.709628 0.000000
1692987395315704540 144.789449 0.000000
1692987395316493359 144.558948 0.000000
1692987395462992347 144.547761 0.000000
1692987395606113467 144.506040 0.000000
1692987395607774784 144.555921 0.000000
1692987395822886371 144.806788 0.000000
1692987396041056489 144.789359 0.000000
1692987396114239039 144.545935 0.000000
1692987396185627895 144.584855 0.000000
1692987396258198766 144.644698 0.000000
1692987396547819596 144.733282 0.000000
1692987396909651726 144.654379 0.000000
1692987396983603648 144.523906 0.000000
1692987397128659276 144.628816 0.000000
1692987397199941336 144.802393 0.000000
1692987397272702504 144.958180 0.000000
1692987397417658204 144.658198 0.000000
1692987397490244873 144.627026 0.000000
1692987397636075010 144.816637 0.000000
1692987397708520545 144.914013 0.000000
1692987397853531610 144.924754 0.000000
1692987397998900355 144.999492 0.000000
1692987398143337724 144.429441 0.000000
1692987398359531668 144.658954 0.000000
1692987398361948186 145.069314 0.000000
1692987398579122403 144.652982 0.000000
1692987399084784887 144.743321 0.000000
1692987399086152662 144.571417 0.000000
1692987399086199320 144.595833 0.000000
1692987399156854452 144.596414 0.000000
1692987399229070383 144.566605 0.000000
1692987399301877745 144.723926 0.000000
1692987399592735204 144.474263 0.000000
1692987399955232190 144.728386 0.000000
1692987400026498919 144.663686 0.000000
1692987400027634609 144.676917 0.000000
1692987400388904592 145.068697 0.000000
1692987400462388722 144.712419 0.000000
1692987400679915304 144.906145 0.000000
1692987400679947093 145.208783 0.000000
1692987400824688233 144.844837 0.000000
1692987400897783805 144.780038 0.000000
1692987401040811638 144.833525 0.000000
1692987401042306538 144.599973 0.000000
1692987401187122278 144.572674 0.000000
1692987401260213950 144.532321 0.000000
1692987401331218711 144.594721 0.000000
1692987401332322016 144.584247 0.000000
1692987401332395702 144.561544 0.000000
1692987401332559072 144.761278 0.000000
1692987401404135511 144.572103 0.000000
1692987401693807705 144.545808 0.000000
1692987401694673102 144.594221 0.000000
1692987401911392196 144.535072 0.000000
1692987401911652631 144.819027 0.000000
1692987402056505077 144.603457 0.000000
1692987402056604633 144.681864 0.000000
1692987402272895030 144.773942 0.000000
1692987402345207611 144.699790 0.000000
1692987402490664311 144.537995 0.000000
1692987402490890828 144.532597 0.000000
1692987402563858877 144.737362 0.000000
1692987402636402580 144.566255 0.000000
1692987402852953328 144.747291 0.000000
1692987403070275058 144.893274 0.000000
1692987403071007421 144.548819 0.000000
1692987403143307522 144.876756 0.000000
1692987403360793219 144.686328 0.000000
1692987403433557039 144.658306 0.000000
1692987403504625537 144.721069 0.000000
1692987403649490697 144.612904 0.000000
1692987403795888234 144.675142 0.000000
1692987404012587613 144.701068 0.000000
1692987404303074300 144.620230 0.000000
1692987404447192684 144.605321 0.000000
1692987404663858032 144.829466 0.000000
1692987404809421817 144.652170 0.000000
1692987404882722028 144.667060 0.000000
1692987405027418460 144.777135 0.000000
1692987405243881114 144.828319 0.000000
1692987405244266289 144.649088 0.000000
1692987405244771880 144.773262 0.000000
1692987405245094354 144.571027 0.000000
1692987405316448797 144.713667 0.000000
1692987405389115511 144.791989 0.000000
1692987405389523279 144.727625 0.000000
1692987405390044752 144.927038 0.000000
1692987405533840575 144.956612 0.000000
1692987405535164032 144.605912 0.000000
1692987405608487413 144.626646 0.000000
1692987405752181735 145.482114 0.000000
1692987405752526888 144.687732 0.000000
1692987405968611512 144.401883 0.000000
1692987405968910823 144.417223 0.000000
1692987405970055649 144.647278 0.000000
1692987406114669089 144.604433 0.000000
1692987406114773762 144.551801 0.000000
1692987406331057468 144.916774 0.000000
1692987406404612248 144.776329 0.000000
1692987406477086735 144.682651 0.000000
1692987406621597731 144.541521 0.000000
1692987406766459567 144.492709 0.000000
1692987406839249358 144.576580 0.000000
1692987406909403967 144.636011 0.000000
1692987407056236214 144.752758 0.000000
1692987407128520454 144.817137 0.000000
1692987407128867421 144.702120 0.000000
1692987407272654269 144.653037 0.000000
1692987407273345210 144.706736 0.000000
1692987407273741632 144.538551 0.000000
1692987407417861037 144.505940 0.000000
1692987407490775202 144.605115 0.000000
1692987407563546338 144.679102 0.000000
1692987407707068040 144.640676 0.000000
1692987407707862256 144.668588 0.000000
1692987407780774561 144.669269 0.000000
1692987407852173723 144.544449 0.000000
1692987408070089074 144.489477 0.000000
1692987408070141526 144.475238 0.000000
1692987408141078544 144.533468 0.000000
1692987408214803473 144.640146 0.000000
1692987408215587626 145.227507 0.000000
1692987408359551234 144.548257 0.000000
1692987408430717049 144.781210 0.000000
1692987408504315790 144.594607 0.000000
1692987408576897196 144.789268 0.000000
1692987408577187486 144.609420 0.000000
1692987408867117459 144.544731 0.000000
1692987408938178886 144.703835 0.000000
1692987409156224449 144.598564 0.000000
1692987409228170178 144.622379 0.000000
1692987409300270053 144.637346 0.000000
1692987409519428002 144.559684 0.000000
1692987409663245952 144.945943 0.000000
1692987409663785016 144.630187 0.000000
1692987409664069251 144.623022 0.000000
1692987410097148675 144.338441 0.000000
1692987410098050637 144.373011 0.000000
1692987410098566918 144.495070 0.000000
1692987410168620326 144.559249 0.000000
1692987410241122202 144.596048 0.000000
1692987410314000930 144.377556 0.000000
1692987410314455474 144.536812 0.000000
1692987410458326434 144.637225 0.000000
1692987410532162447 144.507719 0.000000
1692987410532804970 144.598666 0.000000
1692987410603738535 144.754998 0.000000
1692987410820928509 144.824585 0.000000
1692987410821205237 145.078465 0.000000
1692987411038934680 144.750197 0.000000
1692987411474173840 144.664543 0.000000
1692987411547202556 144.758541 0.000000
1692987411618938922 144.514990 0.000000
1692987411618968706 144.522803 0.000000
1692987411835687339 144.808293 0.000000
1692987411909172050 144.615293 0.000000
1692987411909368903 144.772029 0.000000
1692987412052041565 144.617015 0.000000
1692987412344282005 144.851913 0.000000
1692987412344593564 144.749239 0.000000
1692987412633800807 144.538300 0.000000
1692987412634084507 144.763699 0.000000
1692987412634185672 144.709017 0.000000
1692987412776455001 144.613439 0.000000
1692987412994842278 144.726877 0.000000
1692987412995988859 144.596840 0.000000
1692987412996123336 144.652936 0.000000
1692987413066328303 144.681433 0.000000
1692987413140577521 144.467966 0.000000
1692987413283563256 144.622264 0.000000
1692987413284163201 144.555585 0.000000
1692987413285187176 144.557705 0.000000
1692987413355949879 144.601656 0.000000
1692987413356409227 144.527304 0.000000
1692987413357424707 144.630810 0.000000
1692987413500641280 144.604223 0.000000
1692987413574628153 144.750844 0.000000
1692987413575212446 144.928793 0.000000
1692987413719173524 144.525459 0.000000
1692987413720412720 144.898767 0.000000
1692987413791299245 144.601075 0.000000
1692987413792796471 144.558626 0.000000
1692987413935874150 144.559505 0.000000
1692987413937503128 144.700392 0.000000
1692987414009717490 144.528592 0.000000
1692987414154827849 144.629722 0.000000
1692987414227195583 144.504190 0.000000
1692987414371065720 144.683578 0.000000
1692987414371730179 144.544791 0.000000
1692987414515920906 144.623688 0.000000
1692987414587634970 144.611304 0.000000
1692987414588236308 144.643218 0.000000
1692987414878217250 144.604068 0.000000
1692987414878695853 144.642868 0.000000
1692987415240080287 144.850516 0.000000
1692987415240445120 144.621318 0.000000
1692987415386167207 144.959604 0.000000
1692987415386196505 144.855868 0.000000
1692987415747071950 144.573632 0.000000
1692987415747349641 144.754432 0.000000
1692987415818940644 144.678651 0.000000
1692987415820655992 144.604077 0.000000
1692987415965765725 144.996269 0.000000
1692987416036876501 144.546343 0.000000
1692987416037716439 144.839931 0.000000
1692987416038425092 145.217729 0.000000
1692987416181366445 144.653711 0.000000
1692987416690635036 144.650040 0.000000
1692987416905974307 144.925760 0.000000
1692987416980166779 144.478556 0.000000
1692987417196652906 144.643659 0.000000
1692987417340963872 144.987754 0.000000
1692987417414600060 144.960422 0.000000
1692987417486457884 144.828235 0.000000
1692987417558842728 144.658660 0.000000
1692987417630906996 144.514890 0.000000
1692987417703415632 144.556552 0.000000
1692987417704470410 144.750037 0.000000
1692987417776322495 144.351154 0.000000
1692987417847983216 144.783796 0.000000
1692987417848075520 144.765844 0.000000
1692987417992980527 144.639345 0.000000
1692987418065159562 144.630820 0.000000
1692987418065250925 144.625251 0.000000
1692987418066820223 144.587117 0.000000
1692987418210796626 144.497479 0.000000
1692987418282415474 144.720478 0.000000
1692987418427869227 144.877654 0.000000
1692987418501580179 145.882710 0.000000
1692987418501649375 145.907172 0.000000
1692987418645283968 144.610087 0.000000
1692987418863799063 144.452981 0.000000
1692987418934710842 144.741278 0.000000
1692987419152939069 144.515502 0.000000
1692987419225163710 145.067420 0.000000
1692987419297440684 144.704992 0.000000
1692987419297944285 144.577832 0.000000
1692987419514429365 144.750844 0.000000
1692987419515046374 144.558681 0.000000
1692987419515523804 144.820500 0.000000
1692987419731345056 144.695230 0.000000
1692987419804882715 144.639951 0.000000
1692987419876912647 145.038157 0.000000
1692987419950179047 144.930832 0.000000
1692987420022823248 144.657064 0.000000
1692987420093890519 144.656364 0.000000
1692987420167693504 144.616611 0.000000
1692987420167909416 144.358531 0.000000
1692987420456706711 144.628439 0.000000
1692987420601310408 144.585945 0.000000
1692987420673952219 144.642922 0.000000
1692987420674717503 144.617744 0.000000
1692987420891421945 144.650679 0.000000
1692987420965352771 145.177245 0.000000
1692987420965531552 145.221583 0.000000
1692987421037614398 144.833173 0.000000
1692987421110074978 144.707689 0.000000
1692987421181279894 144.774119 0.000000
1692987421325727197 144.667530 0.000000
1692987421616245979 144.375637 0.000000
1692987421617230927 144.433181 0.000000
1692987422122952595 144.735414 0.000000
1692987422123228031 144.729720 0.000000
1692987422268671941 144.518059 0.000000
1692987422340340268 145.411542 0.000000
1692987422340533949 145.256363 0.000000
1692987422485405272 144.717466 0.000000
1692987422630100618 144.663431 0.000000
1692987422703101719 144.798836 0.000000
1692987422704508189 145.259392 0.000000
1692987422704586967 144.801372 0.000000
1692987423137348747 144.716084 0.000000
1692987423427236452 144.715526 0.000000
1692987423501637578 144.894648 0.000000
1692987423645243962 144.799713 0.000000
1692987423719624124 144.806177 0.000000
1692987423862281559 144.747895 0.000000
1692987423864194668 144.581330 0.000000
1692987423935053414 144.525194 0.000000
1692987424007046853 144.744903 0.000000
1692987424007144996 144.561574 0.000000
1692987424081698346 144.711898 0.000000
1692987424154096617 144.576240 0.000000
1692987424154242125 144.670334 0.000000
1692987424298709780 144.601997 0.000000
1692987424442197798 144.895790 0.000000
1692987424443797808 144.719992 0.000000
1692987424514297398 144.802824 0.000000
1692987424516130495 144.566470 0.000000
1692987424588500199 144.683313 0.000000
1692987424733552636 144.737149 0.000000
1692987424804591979 144.692217 0.000000
1692987425094178885 144.552268 0.000000
1692987425240764354 144.675799 0.000000
1692987425456620246 144.722898 0.000000
1692987425458922162 144.885707 0.000000
1692987425531465495 144.698056 0.000000
1692987425819324423 144.610522 0.000000
1692987425965740889 144.580888 0.000000
1692987426181272658 144.597677 0.000000
1692987426399541545 144.540860 0.000000
1692987426400635819 144.504270 0.000000
1692987426470869516 144.592446 0.000000
1692987426471721101 144.389172 0.000000
1692987426617542073 144.441100 0.000000
1692987426979389107 144.471193 0.000000
1692987427270199162 144.853778 0.000000
1692987427342592039 144.703789 0.000000
1692987427559334587 144.650365 0.000000
1692987427703687582 144.548990 0.000000
1692987427848378320 144.654023 0.000000
1692987427849041342 144.743902 0.000000
1692987427849288947 144.534185 0.000000
1692987428211707806 145.054571 0.000000
1692987428284293993 144.919941 0.000000
1692987428646432986 144.614732 0.000000
1692987428790834363 144.513974 0.000000
1692987428935395926 144.536455 0.000000
1692987428935832716 144.595648 0.000000
1692987428937045912 144.591809 0.000000
1692987429009645174 144.671123 0.000000
1692987429154016445 144.551671 0.000000
1692987429154596804 145.059030 0.000000
1692987429443080716 144.814987 0.000000
1692987429588520737 144.550919 0.000000
1692987429661394687 144.556302 0.000000
1692987429733194040 144.589278 0.000000
1692987429806068182 144.534982 0.000000
1692987430095943598 144.590596 0.000000
1692987430240263530 144.496247 0.000000
1692987430240730465 144.537137 0.000000
1692987430385357917 144.601958 0.000000
1692987430456710977 144.591303 0.000000
1692987430603023111 144.979720 0.000000
1692987430747257303 144.606046 0.000000
1692987430747822367 144.461501 0.000000
1692987430891802098 144.580669 0.000000
1692987430892653212 144.608929 0.000000
1692987430963717896 144.581169 0.000000
1692987430965056764 145.247118 0.000000
1692987431254932481 144.546634 0.000000
1692987431256086854 144.854594 0.000000
1692987431471967234 144.541467 0.000000
1692987431545337539 144.504697 0.000000
1692987431546110501 144.773958 0.000000
1692987431688020088 144.584336 0.000000
1692987432050368318 144.673432 0.000000
1692987432053859856 145.437555 0.000000
1692987432123217902 144.664368 0.000000
1692987432342301874 144.543311 0.000000
1692987432414455996 144.404404 0.000000
1692987432415707451 144.582988 0.000000
1692987432629865857 144.889791 0.000000
1692987433138754220 144.751576 0.000000
1692987433209695427 144.890358 0.000000
1692987433210880593 144.796279 0.000000
1692987433282249369 144.705011 0.000000
1692987433356289316 144.785690 0.000000
1692987433646232560 144.741256 0.000000
1692987433790946262 144.706095 0.000000
1692987433935650848 144.688263 0.000000
1692987433936856055 144.524097 0.000000
1692987433937099225 144.562120 0.000000
1692987434079797718 144.698888 0.000000
1692987434152020535 144.571021 0.000000
1692987434153726421 144.507027 0.000000
1692987434226900720 144.512134 0.000000
1692987434296826472 144.787474 0.000000
1692987434298386328 144.644601 0.000000
1692987434442890192 144.539257 0.000000
1692987434659685439 144.500352 0.000000
1692987434731611711 144.671144 0.000000
1692987435023882376 147.605144 0.000000
1692987435023886531 147.581785 0.000000
1692987435096775171 145.039785 0.000000
1692987435241976492 144.647563 0.000000
1692987435315390864 144.729445 0.000000
1692987435459912755 144.497852 0.000000
1692987435676793234 144.678590 0.000000
1692987435677112441 144.653432 0.000000
1692987435823439279 144.637710 0.000000
1692987435823474501 144.625622 0.000000
1692987435894531728 144.986366 0.000000
1692987435895963376 144.713106 0.000000
1692987436040546145 144.559745 0.000000
1692987436112976314 144.480100 0.000000
1692987436256099468 144.739822 0.000000
1692987436328779774 144.724452 0.000000
1692987436329822067 144.569552 0.000000
1692987436401170987 144.779269 0.000000
1692987436545614201 144.694353 0.000000
1692987437053750531 144.848263 0.000000
1692987437414727171 144.747892 0.000000
1692987437634031881 144.605546 0.000000
1692987437706177389 144.727700 0.000000
1692987437706233424 144.604504 0.000000
1692987438067113359 144.595593 0.000000
1692987438285666302 144.585048 0.000000
1692987438429368573 144.515487 0.000000
1692987438647312479 145.167076 0.000000
1692987438647355540 145.058679 0.000000
1692987438718879171 144.613525 0.000000
1692987438719436452 144.706771 0.000000
1692987438791599996 144.517000 0.000000
1692987438792876383 144.811760 0.000000
1692987438864697878 144.799893 0.000000
1692987439153601464 144.613860 0.000000
1692987439299543988 144.501379 0.000000
1692987439370918428 144.582758 0.000000
1692987439442916387 144.684104 0.000000
1692987439444544192 145.082955 0.000000
1692987439662330928 144.781254 0.000000
1692987439732198144 144.611053 0.000000
1692987439734286248 144.588842 0.000000
1692987439805282073 144.796981 0.000000
1692987439806754380 144.485607 0.000000
1692987439877530212 144.706758 0.000000
1692987439878513259 144.736430 0.000000
1692987439952032430 144.660313 0.000000
1692987439952030625 144.673168 0.000000
1692987440167122291 144.610904 0.000000
1692987440241677837 144.533995 0.000000
1692987440674254877 144.668743 0.000000
1692987440674548875 144.686884 0.000000
1692987440818892548 144.621824 0.000000
1692987441038209170 144.938515 0.000000
1692987441472006619 144.865741 0.000000
1692987441545751765 144.571767 0.000000
1692987441545881266 144.505358 0.000000
1692987441545981624 144.543772 0.000000
1692987441834625041 144.580783 0.000000
1692987441834890643 144.647228 0.000000
1692987441906150121 144.452906 0.000000
1692987442052408264 144.795448 0.000000
1692987442339981563 144.532566 0.000000
1692987442631406822 144.536680 0.000000
1692987442631436726 144.471409 0.000000
1692987442702974812 144.711438 0.000000
1692987442993404782 144.711086 0.000000
1692987442993431349 144.460167 0.000000
1692987443282265685 144.677755 0.000000
1692987443355776291 144.712506 0.000000
1692987443428913479 144.786020 0.000000
1692987443501067787 144.594049 0.000000
1692987443790793409 144.484769 0.000000
1692987443935543722 144.733710 0.000000
1692987444297949074 144.657772 0.000000
1692987444370208115 144.507973 0.000000
1692987444442605292 144.459849 0.000000
1692987444513906866 144.791868 0.000000
1692987444660399010 144.793780 0.000000
1692987444732900109 145.030829 0.000000
1692987444732986305 145.043960 0.000000
1692987444948750323 144.872105 0.000000
1692987445022998614 144.516925 0.000000
1692987445023143110 144.588682 0.000000
1692987445094251486 144.765227 0.000000
1692987445238307620 144.882380 0.000000
1692987445312299921 144.334747 0.000000
1692987445529754900 144.499343 0.000000
1692987445601354247 144.559263 0.000000
1692987445673268302 144.587639 0.000000
1692987445674377706 144.832528 0.000000
1692987445819413562 144.726983 0.000000
1692987445890594402 144.846070 0.000000
1692987445964739303 145.612121 0.000000
1692987445964864859 145.372945 0.000000
1692987446108338870 144.543321 0.000000
1692987446109926160 144.751219 0.000000
1692987446254871861 144.755925 0.000000
1692987446325711432 144.670778 0.000000
1692987446471822779 144.620862 0.000000
1692987446542999023 144.681727 0.000000
1692987446543085243 144.765949 0.000000
1692987446615369399 144.622531 0.000000
1692987446905134323 144.540389 0.000000
1692987446906758719 144.603727 0.000000
1692987447123581950 144.846320 0.000000
1692987447339716114 144.927355 0.000000
1692987447341290339 144.546859 0.000000
1692987447413140630 144.731679 0.000000
1692987447414071489 144.699230 0.000000
1692987447702074732 144.822931 0.000000
1692987447702314395 144.614787 0.000000
1692987447776164254 144.622690 0.000000
1692987447992912676 144.718674 0.000000
1692987447993110907 144.564817 0.000000
1692987448283379843 144.729279 0.000000
1692987448428563528 146.110404 0.000000
1692987448499424624 144.723811 0.000000
1692987448790653417 144.539463 0.000000
1692987448791038247 144.466172 0.000000
1692987449008684541 144.646746 0.000000
1692987449297739966 144.577210 0.000000
1692987449442638432 144.619022 0.000000
1692987449515784727 144.683638 0.000000
1692987449588059214 144.628495 0.000000
1692987449658474619 144.490278 0.000000
1692987449659545544 144.625307 0.000000
1692987449877206211 144.486093 0.000000
1692987450020676533 144.565006 0.000000
1692987450166642106 144.602369 0.000000
1692987450166668623 144.677318 0.000000
1692987450167107834 144.548729 0.000000
1692987450311400908 144.725013 0.000000
1692987450312064892 144.854610 0.000000
1692987450384379091 144.804162 0.000000
1692987450455344455 144.850996 0.000000
1692987450745563610 144.555309 0.000000
1692987450818688063 144.702105 0.000000
1692987450819088384 144.800414 0.000000
1692987450890738900 144.522943 0.000000
1692987450964427876 145.322464 0.000000
1692987451035089459 144.587544 0.000000
1692987451107777212 144.702702 0.000000
1692987451107954950 144.841855 0.000000
1692987451253054324 144.668783 0.000000
1692987451324921920 144.790841 0.000000
1692987451326174016 144.536736 0.000000
1692987451470916409 144.531775 0.000000
1692987451543412497 145.239515 0.000000
1692987451615181052 144.681307 0.000000
1692987451615364384 144.616912 0.000000
1692987451688368453 144.885006 0.000000
1692987451832676778 144.724698 0.000000
1692987451904412387 144.689416 0.000000
1692987451977460673 144.776002 0.000000
1692987451977482343 144.796143 0.000000
1692987451977522051 144.889225 0.000000
1692987452195921892 144.790422 0.000000
1692987452267893224 144.680229 0.000000
1692987452268067063 144.867950 0.000000
1692987452339810255 144.577234 0.000000
1692987452411796312 145.058039 0.000000
1692987452485239666 144.897876 0.000000
1692987452485428104 144.852223 0.000000
1692987452630635796 144.742971 0.000000
1692987452702430497 144.527424 0.000000
1692987452846502287 144.606674 0.000000
1692987452846585961 144.629887 0.000000
1692987453063777027 144.637169 0.000000
1692987453137630220 144.746704 0.000000
1692987453428342467 145.693254 0.000000
1692987453428378891 145.217348 0.000000
1692987453499402535 144.595102 0.000000
1692987453499453950 144.620204 0.000000
1692987453645540313 144.679519 0.000000
1692987453645596258 144.764705 0.000000
1692987453716207659 144.804468 0.000000
1692987453789336933 145.003075 0.000000
1692987453789430701 145.114770 0.000000
1692987453790463783 144.841930 0.000000
1692987454006868702 144.700322 0.000000
1692987454225966777 144.699144 0.000000
1692987454298373817 144.799947 0.000000
1692987454368638166 144.692270 0.000000
1692987454368699821 144.657781 0.000000
1692987454369854161 144.576831 0.000000
1692987454370936238 144.961959 0.000000
1692987454586122037 144.782477 0.000000
1692987454876128203 144.910656 0.000000
1692987455020492227 144.749671 0.000000
1692987455310395006 144.553270 0.000000
1692987455527883664 144.730240 0.000000
1692987455747665459 144.614151 0.000000
1692987455890592141 144.500497 0.000000
1692987455890828626 144.454746 0.000000
1692987455964266328 145.077904 0.000000
1692987456182144466 144.747616 0.000000
1692987456252126333 144.551124 0.000000
1692987456325250736 144.979625 0.000000
1692987456399147003 144.771046 0.000000
1692987456471741886 144.623332 0.000000
1692987456541705947 144.625212 0.000000
1692987456832863899 144.589594 0.000000
1692987456904049380 144.812416 0.000000
1692987456978092574 144.452590 0.000000
1692987457050821287 144.448285 0.000000
1692987457194113434 144.867545 0.000000
1692987457194185216 144.814501 0.000000
1692987457267031356 144.593486 0.000000
1692987457339660048 144.686490 0.000000
1692987457411465149 144.758216 0.000000
1692987457484702314 144.627699 0.000000
1692987457484864216 144.651703 0.000000
1692987457556262125 144.563067 0.000000
1692987457701248155 144.538450 0.000000
1692987457773286147 144.593137 0.000000
1692987457845963275 144.462851 0.000000
1692987457918649219 144.580422 0.000000
1692987457919776324 144.643960 0.000000
1692987458209356861 144.548765 0.000000
1692987458280382905 144.493145 0.000000
1692987458426287812 144.634443 0.000000
1692987458500172593 145.442822 0.000000
1692987458643490865 144.598830 0.000000
1692987458714372123 144.701519 0.000000
1692987458787211479 144.684193 0.000000
1692987458862285750 144.633752 0.000000
1692987459004308983 144.641736 0.000000
1692987459076385284 144.447093 0.000000
1692987459149013614 144.474361 0.000000
1692987459220963984 144.562904 0.000000
1692987459511010311 144.994981 0.000000
1692987459655687778 144.743211 0.000000
1692987459801043669 144.502261 0.000000
1692987459875614314 144.646260 0.000000
1692987460018452462 144.887712 0.000000
1692987460090567658 144.759729 0.000000
1692987460164112985 144.731699 0.000000
1692987460235738243 144.833812 0.000000
1692987460381149612 144.911412 0.000000
1692987460454053868 144.697134 0.000000
1692987460454211955 144.511447 0.000000
1692987460526373239 144.628630 0.000000
1692987460670939839 144.739828 0.000000
1692987460671837802 144.847608 0.000000
1692987460816902205 144.895450 0.000000
1692987460888211188 144.701119 0.000000
1692987460960685980 144.762400 0.000000
1692987461034728678 144.947486 0.000000
1692987461105694202 144.937883 0.000000
1692987461107759173 144.901288 0.000000
1692987461395538521 144.850595 0.000000
1692987461397232544 144.461055 0.000000
1692987461469904129 144.484905 0.000000
1692987461685218142 144.835197 0.000000
1692987461758772705 144.615585 0.000000
1692987461830311417 144.581335 0.000000
1692987461975518636 144.680535 0.000000
1692987461975962679 144.576162 0.000000
1692987461976997119 144.627176 0.000000
1692987462047598265 144.859107 0.000000
1692987462047669541 144.860563 0.000000
1692987462120566510 144.506017 0.000000
1692987462338629022 144.826028 0.000000
1692987462483253512 144.607976 0.000000
1692987462628244199 145.125936 0.000000
1692987462700129857 144.756372 0.000000
1692987462774042237 144.872682 0.000000
1692987462846626334 145.174343 0.000000
1692987462991242479 144.686769 0.000000
1692987463135259156 144.560436 0.000000
1692987463208642050 144.461486 0.000000
1692987463280250774 144.388631 0.000000
1692987463353055980 144.487381 0.000000
1692987463424242943 144.685697 0.000000
1692987463425564847 144.575315 0.000000
1692987463497280745 144.552182 0.000000
1692987463498442386 144.522919 0.000000
1692987463570604617 144.596955 0.000000
1692987463643221451 144.703414 0.000000
1692987463786320439 144.672436 0.000000
1692987463786871846 144.640863 0.000000
1692987463859765442 145.173251 0.000000
1692987463932929753 144.661280 0.000000
1692987464294881545 144.716208 0.000000
1692987464367884897 144.663626 0.000000
1692987464439711473 144.812201 0.000000
1692987464730369063 144.487286 0.000000
1692987464800846973 144.570455 0.000000
1692987464873849227 144.595607 0.000000
1692987464875377079 145.368915 0.000000
1692987465091014317 144.731088 0.000000
1692987465165050540 144.613815 0.000000
1692987465452935654 144.667609 0.000000
1692987465454658013 144.527374 0.000000
1692987465527036141 144.607816 0.000000
1692987465670391601 144.724909 0.000000
1692987465670562900 144.710781 0.000000
1692987465671736508 144.659802 0.000000
1692987465743080883 144.621373 0.000000
1692987465815205296 144.626419 0.000000
1692987465889457105 144.882845 0.000000
1692987465960247171 144.790079 0.000000
1692987466032946962 144.706265 0.000000
1692987466177814041 145.066828 0.000000
1692987466250627811 144.992219 0.000000
1692987466250867188 144.994803 0.000000
1692987466323028061 144.924452 0.000000
1692987466467856189 144.725435 0.000000
1692987466614395160 144.975270 0.000000
1692987466686339991 144.587499 0.000000
1692987466831479919 144.911452 0.000000
1692987466903197051 144.494263 0.000000
1692987466976074038 144.573411 0.000000
1692987467048748621 144.688369 0.000000
1692987467265301984 144.540770 0.000000
1692987467266311641 144.985213 0.000000
1692987467337098445 144.557053 0.000000
1692987467337239117 144.474296 0.000000
1692987467700970787 144.473029 0.000000
1692987467771762247 144.816116 0.000000
1692987467916923635 144.856910 0.000000
1692987467988983608 144.796665 0.000000
1692987468134838599 144.440682 0.000000
1692987468279846394 144.555515 0.000000
1692987468351402892 144.874181 0.000000
1692987468423998641 144.921516 0.000000
1692987468424788297 144.606868 0.000000
1692987468568313416 144.567558 0.000000
1692987468569116523 144.587604 0.000000
1692987468569500601 144.702356 0.000000
1692987468640831855 144.640016 0.000000
1692987468714550565 144.902706 0.000000
1692987468859250185 144.540009 0.000000
1692987468859436644 144.631071 0.000000
1692987468859903609 144.982022 0.000000
1692987468932483807 144.761589 0.000000
1692987469365045356 144.684059 0.000000
1692987469438990086 144.471168 0.000000
1692987469511771361 144.575807 0.000000
1692987469512268402 144.572524 0.000000
1692987469583528175 144.786185 0.000000
1692987469727224211 144.721626 0.000000
1692987469728676337 144.648050 0.000000
1692987469802727425 145.448611 0.000000
1692987470019923082 144.850612 0.000000
1692987470162945126 144.793171 0.000000
1692987470164806434 144.711733 0.000000
1692987470164838989 144.640077 0.000000
1692987470236534766 144.500396 0.000000
1692987470308701753 144.559314 0.000000
1692987470380620734 144.961358 0.000000
1692987470452652506 144.564941 0.000000
1692987470453710987 144.506702 0.000000
1692987470453927113 144.509510 0.000000
1692987470597770639 144.735713 0.000000
1692987470671209763 144.536826 0.000000
1692987470960585713 144.539347 0.000000
1692987471250076916 144.985276 0.000000
1692987471250175445 145.101790 0.000000
1692987471322969666 144.836665 0.000000
1692987471394910808 144.717326 0.000000
1692987471468956783 144.998048 0.000000
1692987471684839332 144.640331 0.000000
1692987471685511712 144.551545 0.000000
1692987471758305279 144.576283 0.000000
1692987471829516720 144.483588 0.000000
1692987471973683581 144.836949 0.000000
1692987471973958805 144.433646 0.000000
1692987471975472961 144.557715 0.000000
1692987472192814000 144.706305 0.000000
1692987472193127248 144.900251 0.000000
1692987472409457003 144.905348 0.000000
1692987472555870008 144.542192 0.000000
1692987472771535750 144.596469 0.000000
1692987472771621925 144.660468 0.000000
1692987473061888431 144.552402 0.000000
1692987473206876110 144.661065 0.000000
1692987473207975751 144.757268 0.000000
1692987473352335766 144.645328 0.000000
1692987473424264619 144.849463 0.000000
1692987473496838377 144.662258 0.000000
1692987473568728774 144.715455 0.000000
1692987473569067521 144.690867 0.000000
1692987473569554942 144.630970 0.000000
1692987473714002100 144.844216 0.000000
1692987473786953912 144.784121 0.000000
1692987473931886273 144.894793 0.000000
1692987474076632771 144.709818 0.000000
1692987474149952318 144.774498 0.000000
1692987474222454133 144.621563 0.000000
1692987474439031006 144.696918 0.000000
1692987474439061582 144.652179 0.000000
1692987474583694436 144.445349 0.000000
1692987474656416720 144.625021 0.000000
1692987474657385156 144.510299 0.000000
1692987474801161444 144.778633 0.000000
1692987474873278264 144.782998 0.000000
1692987474946301978 144.634749 0.000000
1692987475308433464 144.830183 0.000000
1692987475453519702 144.670176 0.000000
1692987475526013329 144.767077 0.000000
1692987475744387149 145.243790 0.000000
1692987476034676427 144.575446 0.000000
1692987476106607541 144.376418 0.000000
1692987476107373271 144.548012 0.000000
1692987476107698828 144.604734 0.000000
1692987476251524906 144.498163 0.000000
1692987476324280693 144.492447 0.000000
1692987476324505300 144.513920 0.000000
1692987476469815624 144.583259 0.000000
1692987476541008612 144.738290 0.000000
1692987476614068887 144.886955 0.000000
1692987476758059192 144.830739 0.000000
1692987476976206822 144.990646 0.000000
1692987476976445331 145.044917 0.000000
1692987477048932899 144.692192 0.000000
1692987477265305441 144.658569 0.000000
1692987477265627956 144.704995 0.000000
1692987477338596181 145.389113 0.000000
1692987477484013238 144.945496 0.000000
1692987477628528725 144.498246 0.000000
1692987478062581171 144.789103 0.000000
1692987478136811084 144.964224 0.000000
1692987478209059436 144.632674 0.000000
1692987478354459428 144.491064 0.000000
1692987478425570876 144.627597 0.000000
1692987478498638221 144.550252 0.000000
1692987478789456950 144.761313 0.000000
1692987478860368724 144.693481 0.000000
1692987478932694591 144.897233 0.000000
1692987478934022162 144.547310 0.000000
1692987479005336126 144.707844 0.000000
1692987479077512515 144.794916 0.000000
1692987479077632464 144.867018 0.000000
1692987479078494994 144.450691 0.000000
1692987479079286114 144.499199 0.000000
1692987479295111825 144.718779 0.000000
1692987479295356409 144.777360 0.000000
1692987479730360798 144.661846 0.000000
1692987479730392577 144.577550 0.000000
1692987479947732023 145.017839 0.000000
1692987479948129597 145.211534 0.000000
1692987480020070298 144.573662 0.000000
1692987480021105339 144.812121 0.000000
1692987480021367178 144.948267 0.000000
1692987480309637988 144.590736 0.000000
1692987480455138991 144.476511 0.000000
1692987480527139240 144.566039 0.000000
1692987480599359201 144.678535 0.000000
1692987480601391972 144.437059 0.000000
1692987480816640281 144.886564 0.000000
1692987480889360765 144.461716 0.000000
1692987481034582067 144.664012 0.000000
1692987481034958021 144.881748 0.000000
1692987481179774573 144.674692 0.000000
1692987481323564598 144.645388 0.000000
1692987481323850868 144.560260 0.000000
1692987481685691302 144.605226 0.000000
1692987481687059583 144.425781 0.000000
1692987481758889486 144.516433 0.000000
1692987481831721314 144.621162 0.000000
1692987481975894459 144.610387 0.000000
1692987482121384662 144.583900 0.000000
1692987482192423150 144.626049 0.000000
1692987482193579210 144.515744 0.000000
1692987482265031233 144.487877 0.000000
1692987482338756157 145.169801 0.000000
1692987482484048194 144.828003 0.000000
1692987482484077467 144.682800 0.000000
1692987482628153496 144.582753 0.000000
1692987482628377953 144.601711 0.000000
1692987482918444814 144.653472 0.000000
1692987482990803082 144.511032 0.000000
1692987483207026057 144.698707 0.000000
