1692987334011768430 144.718415 0.000000
1692987334301305544 144.495585 0.000000
1692987334662212278 144.637601 0.000000
1692987334662525098 144.544955 0.000000
1692987334735762097 144.659017 0.000000
1692987334879655303 144.489616 0.000000
1692987334952961668 144.600075 0.000000
1692987335024694195 144.755636 0.000000
1692987335024882970 144.634589 0.000000
1692987335025431840 144.579521 0.000000
1692987335169547780 144.828537 0.000000
1692987335242486855 144.834015 0.000000
1692987335242593238 144.652888 0.000000
1692987335459418551 144.803278 0.000000
1692987335532070466 144.551877 0.000000
1692987335532879602 144.749954 0.000000
1692987335604379237 144.573859 0.000000
1692987335749593597 144.475409 0.000000
1692987335749878897 144.361308 0.000000
1692987335821378962 144.678021 0.000000
1692987335893893461 144.673675 0.000000
1692987336039619135 145.318158 0.000000
1692987336039699748 144.574620 0.000000
1692987336039846675 144.645300 0.000000
1692987336111969286 144.470822 0.000000
1692987336184967969 144.653639 0.000000
1692987336256743115 144.639888 0.000000
1692987336474013387 144.454995 0.000000
1692987336474321150 144.533729 0.000000
1692987336618303995 144.607712 0.000000
1692987336690920041 144.518059 0.000000
1692987336691201968 144.538948 0.000000
1692987336835517706 144.754937 0.000000
1692987336908480158 144.678341 0.000000
1692987337124981251 144.488015 0.000000
1692987337414706915 144.663222 0.000000
1692987337559808543 144.805689 0.000000
1692987337632296225 144.552729 0.000000
1692987337777084999 144.684365 0.000000
1692987337777444803 144.605241 0.000000
1692987337993961923 144.571678 0.000000
1692987338139641494 144.459441 0.000000
1692987338429585010 144.574123 0.000000
1692987338501405150 144.511863 0.000000
1692987338574595015 144.477338 0.000000
1692987338645645932 144.570355 0.000000
1692987338718394923 144.544043 0.000000
1692987338718435017 144.572209 0.000000
1692987339008337417 144.644718 0.000000
1692987339224993612 144.747698 0.000000
1692987339369764935 144.561715 0.000000
1692987339441993012 144.623959 0.000000
1692987339442870903 144.583565 0.000000
1692987339514674791 144.502091 0.000000
1692987339514901340 144.475449 0.000000
1692987339587952354 144.578900 0.000000
1692987339731470402 144.646007 0.000000
1692987339876474166 144.666910 0.000000
1692987339876837027 144.609446 0.000000
1692987339877546977 144.752018 0.000000
1692987340238767598 144.728032 0.000000
1692987340455681998 144.502973 0.000000
1692987340528823076 144.533964 0.000000
1692987341108185920 144.663161 0.000000
1692987341179970452 144.628882 0.000000
1692987341252092417 144.513492 0.000000
1692987341324624868 144.647173 0.000000
1692987341397203572 144.532701 0.000000
1692987341541895130 144.757190 0.000000
1692987341688294929 144.621343 0.000000
1692987341759187502 144.657733 0.000000
1692987341832326944 144.376342 0.000000
1692987341904040777 144.591414 0.000000
1692987341905163965 144.581576 0.000000
1692987341976331444 144.590437 0.000000
1692987342193860564 144.557875 0.000000
1692987342266203543 144.748846 0.000000
1692987342339021335 144.451117 0.000000
1692987342411359428 145.046499 0.000000
1692987342484006813 144.872103 0.000000
1692987342629623185 144.912377 0.000000
1692987342918296776 144.719221 0.000000
1692987342918415497 144.642568 0.000000
1692987342919103652 144.556998 0.000000
1692987342919361583 144.884808 0.000000
1692987342990899396 144.428589 0.000000
1692987342990967966 144.393883 0.000000
1692987342991405741 144.605332 0.000000
1692987343136254209 144.457040 0.000000
1692987343136309508 144.493751 0.000000
1692987343497602813 144.526211 0.000000
1692987343787587705 144.736577 0.000000
1692987343788192470 144.625043 0.000000
1692987343933198556 144.744561 0.000000
1692987344005323948 144.602720 0.000000
1692987344222534200 144.425537 0.000000
1692987344366961857 144.920441 0.000000
1692987344439703054 144.793063 0.000000
1692987344439968087 144.504772 0.000000
1692987344512177235 144.672152 0.000000
1692987344512335043 144.676532 0.000000
1692987344729801201 144.495926 0.000000
1692987344801438511 144.658491 0.000000
1692987344874169844 144.726403 0.000000
1692987345310022892 144.571697 0.000000
1692987345382252823 144.534010 0.000000
1692987345382667285 144.614894 0.000000
1692987345526448114 144.528186 0.000000
1692987345527241463 144.825414 0.000000
1692987345599570805 144.518303 0.000000
1692987345599810369 144.504852 0.000000
1692987345671066880 144.605816 0.000000
1692987345743460829 144.599788 0.000000
1692987345744816129 144.763004 0.000000
1692987345816371346 144.477598 0.000000
1692987345816782936 144.452700 0.000000
1692987345888294634 144.808270 0.000000
1692987345889260916 144.421332 0.000000
1692987345961232059 144.429477 0.000000
1692987346251100644 144.745754 0.000000
1692987346468141049 144.593388 0.000000
1692987346540511994 144.806856 0.000000
1692987346540771178 144.476280 0.000000
1692987346757573639 144.634023 0.000000
1692987346757742127 144.594496 0.000000
1692987346902724487 144.585871 0.000000
1692987346975637200 144.593794 0.000000
1692987347119558837 144.561299 0.000000
1692987347120197556 144.421603 0.000000
1692987347191912762 144.735650 0.000000
1692987347337365589 144.435911 0.000000
1692987347409821085 144.739584 0.000000
1692987347409883897 144.629216 0.000000
1692987347409961287 144.539061 0.000000
1692987347555078411 144.842549 0.000000
1692987347916901672 144.622095 0.000000
1692987348135058269 144.525970 0.000000
1692987348206753979 144.838441 0.000000
1692987348423920414 144.626285 0.000000
1692987348642075823 144.669551 0.000000
1692987348713838324 144.735469 0.000000
1692987349004286894 144.620312 0.000000
1692987349076380182 144.372129 0.000000
1692987349149088180 144.553074 0.000000
1692987349365515451 144.491530 0.000000
1692987349366249603 144.600618 0.000000
1692987349438998789 144.625923 0.000000
1692987349439232183 144.826942 0.000000
1692987349510741525 144.470953 0.000000
1692987349511492300 144.679725 0.000000
1692987349583050640 144.766121 0.000000
1692987349655453324 144.692906 0.000000
1692987349655531025 144.580553 0.000000
1692987349872746438 144.657006 0.000000
1692987349873350526 144.474541 0.000000
1692987349945737934 145.005670 0.000000
1692987349945984504 144.667832 0.000000
1692987350017893056 144.527525 0.000000
1692987350018081860 144.466540 0.000000
1692987350089800039 144.557224 0.000000
1692987350380010391 144.473047 0.000000
1692987350452188311 144.528787 0.000000
1692987350524440649 144.908378 0.000000
1692987350524664947 144.619609 0.000000
1692987350669599847 144.893348 0.000000
1692987350741991675 144.499700 0.000000
1692987350886696974 144.684324 0.000000
1692987351176218771 144.556743 0.000000
1692987351248584228 144.606800 0.000000
1692987351249014225 144.568200 0.000000
1692987351249344956 144.846408 0.000000
1692987351393448063 144.788169 0.000000
1692987351393546847 144.639845 0.000000
1692987351610482127 144.565308 0.000000
1692987351611618461 144.506225 0.000000
1692987351756998047 144.359167 0.000000
1692987351972540841 144.585870 0.000000
1692987352045083756 144.643315 0.000000
1692987352407516287 144.625418 0.000000
1692987352407697569 144.509652 0.000000
1692987352552676762 144.589544 0.000000
1692987352553187663 144.516043 0.000000
1692987352914666830 144.521846 0.000000
1692987352914794603 144.372688 0.000000
1692987353566734106 144.712902 0.000000
1692987353783956646 144.659497 0.000000
1692987353856027651 144.680356 0.000000
1692987354073419175 144.545215 0.000000
1692987354073502674 144.564902 0.000000
1692987354074210900 144.493936 0.000000
1692987354145486747 144.760663 0.000000
1692987354290839385 144.571140 0.000000
1692987354435625999 144.808244 0.000000
1692987354652527956 144.518128 0.000000
1692987354942080638 144.480711 0.000000
1692987354943228992 144.447322 0.000000
1692987355087607419 144.529209 0.000000
1692987355231405152 144.620059 0.000000
1692987355376933993 144.505740 0.000000
1692987355450163689 144.403583 0.000000
1692987355594897624 144.616988 0.000000
1692987355667030453 144.504305 0.000000
1692987355810877797 144.887163 0.000000
1692987355956173186 144.484669 0.000000
1692987356028202109 144.748003 0.000000
1692987356391051741 144.580117 0.000000
1692987356535525997 144.457286 0.000000
1692987356535655102 144.502341 0.000000
1692987356680777348 145.070224 0.000000
1692987356825671690 144.803661 0.000000
1692987356826086941 144.876819 0.000000
1692987356896771093 144.479533 0.000000
1692987356970955951 144.618034 0.000000
1692987356971078432 144.707273 0.000000
1692987357115598820 144.498582 0.000000
1692987357115748759 144.422755 0.000000
1692987357115869686 144.581926 0.000000
1692987357186087917 144.427350 0.000000
1692987357188187236 144.528684 0.000000
1692987357622083576 144.494968 0.000000
1692987357766918086 144.706501 0.000000
1692987357911817392 144.479163 0.000000
1692987357983452331 144.595462 0.000000
1692987358127959994 144.492900 0.000000
1692987358201059091 144.503738 0.000000
1692987358273931610 144.637109 0.000000
1692987358562229955 144.373014 0.000000
1692987358780556528 144.589403 0.000000
1692987358923696999 144.922611 0.000000
1692987358996697391 144.436271 0.000000
1692987358997493848 144.607526 0.000000
1692987359141358847 144.745914 0.000000
1692987359213801249 144.514654 0.000000
1692987359214600442 144.581461 0.000000
1692987359358070721 144.537427 0.000000
1692987359430690146 144.795569 0.000000
1692987359430811629 144.579065 0.000000
1692987359503254606 144.672904 0.000000
1692987359504015525 144.536872 0.000000
1692987359647915080 144.675720 0.000000
1692987359720551674 144.861614 0.000000
1692987359793169024 144.622632 0.000000
1692987359937347524 144.592666 0.000000
1692987359937595567 144.439319 0.000000
1692987360082688069 144.500927 0.000000
1692987360154869927 144.621047 0.000000
1692987360227783627 144.420148 0.000000
1692987360661303344 144.500396 0.000000
1692987360951119427 144.561955 0.000000
1692987360952178075 144.417092 0.000000
1692987361313853911 144.357505 0.000000
1692987361747138008 144.669405 0.000000
1692987361820003044 144.414617 0.000000
1692987361820556469 144.619073 0.000000
1692987361892250586 144.570971 0.000000
1692987362182760225 144.536106 0.000000
1692987362470799968 144.499534 0.000000
1692987362472669260 144.654947 0.000000
1692987362762250679 144.762180 0.000000
1692987363124099154 144.525249 0.000000
1692987363557296509 144.657006 0.000000
1692987363629891030 144.592175 0.000000
1692987363775913138 144.600740 0.000000
1692987364281216981 144.619689 0.000000
1692987364426207830 144.575427 0.000000
1692987364570375957 144.531663 0.000000
1692987364643392056 144.594130 0.000000
1692987364714907521 144.507247 0.000000
1692987364934037747 144.819670 0.000000
1692987365007006039 144.749591 0.000000
1692987365149093390 144.499859 0.000000
1692987365151837392 144.503624 0.000000
1692987365223640156 144.539799 0.000000
1692987365368619947 144.428991 0.000000
1692987365369116141 144.560310 0.000000
1692987365369150248 144.405160 0.000000
1692987365657780803 144.540772 0.000000
1692987365658350219 144.506176 0.000000
1692987365802043888 144.659893 0.000000
1692987365875313337 144.652916 0.000000
1692987365875631544 144.498416 0.000000
1692987366163737840 144.506510 0.000000
1692987366236402656 144.496137 0.000000
1692987366453371570 144.443128 0.000000
1692987366668361969 144.501911 0.000000
1692987366671435664 144.576728 0.000000
1692987366815930578 144.484013 0.000000
1692987366886946699 144.611224 0.000000
1692987366888380065 144.593668 0.000000
1692987366959806653 144.546027 0.000000
1692987367104434090 144.436647 0.000000
1692987367250108914 144.594708 0.000000
1692987367322650436 144.535794 0.000000
1692987367466781917 144.446996 0.000000
1692987367612212030 144.575014 0.000000
1692987367683532416 144.525961 0.000000
1692987367828554909 144.640242 0.000000
1692987367901292658 144.453086 0.000000
1692987367974117516 144.568975 0.000000
1692987367974117496 144.530366 0.000000
1692987368407029610 144.593653 0.000000
1692987368625341715 144.546819 0.000000
1692987368625395690 144.401867 0.000000
1692987368625530359 144.490989 0.000000
1692987368841501296 144.831067 0.000000
1692987368842431680 144.711584 0.000000
1692987368842442931 144.523776 0.000000
1692987368987075896 144.625788 0.000000
1692987369056813923 144.456139 0.000000
1692987369058478398 144.499489 0.000000
1692987369130775952 144.498953 0.000000
1692987369132185212 144.662073 0.000000
1692987369204284860 144.492927 0.000000
1692987369276745828 144.633431 0.000000
1692987369420310116 144.508831 0.000000
1692987369710563152 144.551680 0.000000
1692987369926372647 144.481883 0.000000
1692987369926679904 144.540985 0.000000
1692987369927096811 144.464973 0.000000
1692987369998896884 144.501117 0.000000
1692987370072962735 144.718224 0.000000
1692987370216376267 145.151189 0.000000
1692987370287230431 144.462995 0.000000
1692987370290004167 144.497023 0.000000
1692987370361386146 144.377186 0.000000
1692987370506860938 144.511658 0.000000
1692987370651628116 144.459024 0.000000
1692987370724034959 144.460072 0.000000
1692987370795465075 144.538534 0.000000
1692987371301444853 144.477207 0.000000
1692987371302315142 144.411137 0.000000
1692987371372567683 144.548574 0.000000
1692987371373986586 144.429866 0.000000
1692987371518827385 144.920660 0.000000
1692987371519026785 145.002200 0.000000
1692987371953266905 144.662053 0.000000
1692987371953371274 144.655147 0.000000
1692987372024481389 144.694197 0.000000
1692987372097779825 144.500606 0.000000
1692987372098413593 144.640137 0.000000
1692987372170967002 144.636418 0.000000
1692987372171031217 144.683552 0.000000
1692987372171038604 144.594140 0.000000
1692987372387808308 144.419016 0.000000
1692987372388093092 144.462954 0.000000
1692987372459653918 144.463615 0.000000
1692987372676744735 144.740746 0.000000
1692987372677458443 144.536907 0.000000
1692987372749505458 144.813706 0.000000
1692987372894039828 144.525750 0.000000
1692987372966795343 144.603697 0.000000
1692987372966934738 144.563617 0.000000
1692987373111961236 144.682070 0.000000
1692987373182418805 144.581250 0.000000
1692987373762786218 144.606929 0.000000
1692987373906470747 144.831472 0.000000
1692987373908504463 144.659451 0.000000
1692987374125410113 144.603957 0.000000
1692987374486841829 144.656029 0.000000
1692987374703827661 144.599728 0.000000
1692987374704875339 144.656238 0.000000
1692987374777075821 144.527980 0.000000
1692987374848643778 144.696879 0.000000
1692987374921787876 144.674269 0.000000
1692987375066442415 144.641097 0.000000
1692987375066830329 144.693741 0.000000
1692987375139250202 144.728232 0.000000
1692987375139771408 144.589073 0.000000
1692987375211920585 145.074323 0.000000
1692987375212363332 144.657832 0.000000
1692987375430215759 145.269273 0.000000
1692987375502623254 144.909118 0.000000
1692987375718220895 144.659397 0.000000
1692987375863332802 144.625026 0.000000
1692987375865293672 144.790367 0.000000
1692987375935942603 144.637616 0.000000
1692987376153185689 144.496197 0.000000
1692987376225112027 144.486834 0.000000
1692987376225460615 144.563498 0.000000
1692987376443305680 144.573050 0.000000
1692987376444002484 144.530250 0.000000
1692987376515236613 144.837732 0.000000
1692987376588044106 144.824101 0.000000
1692987376659619164 144.661346 0.000000
1692987376659622422 144.721326 0.000000
1692987376731602209 144.579415 0.000000
1692987376732809008 144.427250 0.000000
1692987376805507837 144.702467 0.000000
1692987376950809555 145.277713 0.000000
1692987376951155642 145.404809 0.000000
1692987377023359572 144.892650 0.000000
1692987377241279742 144.719240 0.000000
1692987377313708597 144.684465 0.000000
1692987377384561202 144.523740 0.000000
1692987377458255355 144.531253 0.000000
1692987377818803155 144.626064 0.000000
1692987377819110888 144.509873 0.000000
1692987378038345347 144.664368 0.000000
1692987378254554588 144.582597 0.000000
1692987378325460744 144.423579 0.000000
1692987378328095490 144.496642 0.000000
1692987378399168383 144.619558 0.000000
1692987378542704211 144.658931 0.000000
1692987378543766502 144.800281 0.000000
1692987378543879817 144.721973 0.000000
1692987378617146694 144.437724 0.000000
1692987378689557426 144.480049 0.000000
1692987378833284789 144.379327 0.000000
1692987378833526047 144.415621 0.000000
1692987379268499592 145.016098 0.000000
1692987379558274076 144.509357 0.000000
1692987379559292375 144.984599 0.000000
1692987379632221867 144.859718 0.000000
1692987379777079786 144.708426 0.000000
1692987379922112483 144.789615 0.000000
1692987380065202491 144.940235 0.000000
1692987380066045345 144.509828 0.000000
1692987380066502255 144.490137 0.000000
1692987380210515285 144.460192 0.000000
1692987380210731333 144.715838 0.000000
1692987380211193396 144.637700 0.000000
1692987380282473677 144.712540 0.000000
1692987380427477171 144.687612 0.000000
1692987380501265900 144.539287 0.000000
1692987380572320486 144.771532 0.000000
1692987380573580298 144.590661 0.000000
1692987380645436372 144.978164 0.000000
1692987380719553031 146.301349 0.000000
1692987380865116710 145.477138 0.000000
1692987381153028974 144.480965 0.000000
1692987381226888048 144.365196 0.000000
1692987381661302438 144.466992 0.000000
1692987381732447600 144.900333 0.000000
1692987381732838436 144.624750 0.000000
1692987381805211280 144.815646 0.000000
1692987382094879617 144.677915 0.000000
1692987382168084205 144.605792 0.000000
1692987382240704446 144.538605 0.000000
1692987382457815233 144.512323 0.000000
1692987382673775945 144.666528 0.000000
1692987382819138376 144.491219 0.000000
1692987382890452571 144.932718 0.000000
1692987383326091522 144.605555 0.000000
1692987383400219908 144.539171 0.000000
1692987383543320581 144.632639 0.000000
1692987383615220337 144.774475 0.000000
1692987383617250920 144.492036 0.000000
1692987383759745114 144.575641 0.000000
1692987383832194261 144.728833 0.000000
1692987383832547599 144.464142 0.000000
1692987383976794985 144.653392 0.000000
1692987383977058980 144.614477 0.000000
1692987383977308191 144.750399 0.000000
1692987384194434150 144.957822 0.000000
1692987384195688328 144.366143 0.000000
1692987384339223624 144.781606 0.000000
1692987384339493839 144.619518 0.000000
1692987384411567525 144.785615 0.000000
1692987384556351001 144.587073 0.000000
1692987384628863721 144.668267 0.000000
1692987384701223048 144.643900 0.000000
1692987384774119222 144.695866 0.000000
1692987385136098599 144.712465 0.000000
1692987385427980752 144.374678 0.000000
1692987385717137872 144.516633 0.000000
1692987385717870490 144.515942 0.000000
1692987385789706633 144.830891 0.000000
1692987385861770644 144.619572 0.000000
1692987385935030828 144.446671 0.000000
1692987386007344573 144.625405 0.000000
1692987386223358886 145.078863 0.000000
1692987386223393178 145.054285 0.000000
1692987386296831048 144.604964 0.000000
1692987386369030322 144.659561 0.000000
1692987386586776009 144.632333 0.000000
1692987386731470999 144.601353 0.000000
1692987386802947493 144.762346 0.000000
1692987386875575527 144.872814 0.000000
1692987386948481659 144.586958 0.000000
1692987387021222976 144.855558 0.000000
1692987387022027076 144.711316 0.000000
1692987387094825742 144.685111 0.000000
1692987387165590547 144.806765 0.000000
1692987387238087265 144.534395 0.000000
1692987387310592296 144.460697 0.000000
1692987387455203574 144.727034 0.000000
1692987387529469467 144.584397 0.000000
1692987387672725101 144.400395 0.000000
1692987387744717574 144.559968 0.000000
1692987387745237099 144.669453 0.000000
1692987387745676233 144.673778 0.000000
1692987387891014051 144.578227 0.000000
1692987388034553777 144.782328 0.000000
1692987388107667978 144.609484 0.000000
1692987388181370852 144.962738 0.000000
1692987388324658771 144.771152 0.000000
1692987388397509790 144.748214 0.000000
1692987388469474893 144.785651 0.000000
1692987388469665076 144.744951 0.000000
1692987388471092674 144.872704 0.000000
1692987388543242423 144.755239 0.000000
1692987388687141566 144.715776 0.000000
1692987388759687589 144.581595 0.000000
1692987388977365454 145.146106 0.000000
1692987388978645929 144.774725 0.000000
1692987389267059641 144.691765 0.000000
1692987389412051507 144.613750 0.000000
1692987389413240740 144.770976 0.000000
1692987389484251668 144.501859 0.000000
1692987389629142674 144.795729 0.000000
1692987389775028544 144.587328 0.000000
1692987389775248121 144.595909 0.000000
1692987389991838692 144.533027 0.000000
1692987389992768038 144.511386 0.000000
1692987390208930816 144.730657 0.000000
1692987390499809895 145.062516 0.000000
1692987390571278566 144.724528 0.000000
1692987390790219300 144.631361 0.000000
1692987390934065155 144.511281 0.000000
1692987390934251855 144.474560 0.000000
1692987390934466190 144.651267 0.000000
1692987391007598890 144.656034 0.000000
1692987391078546255 144.526617 0.000000
1692987391078905874 144.425596 0.000000
1692987391296989524 144.470866 0.000000
1692987391297044748 144.482318 0.000000
1692987391658757011 144.542002 0.000000
1692987391803898476 144.811070 0.000000
1692987391948497862 145.131913 0.000000
1692987392022056180 144.849474 0.000000
1692987392310531435 144.521756 0.000000
1692987392311080495 144.646902 0.000000
1692987392528571891 144.470877 0.000000
1692987392744124766 144.628013 0.000000
1692987392817974789 144.744695 0.000000
1692987392890849137 144.952505 0.000000
1692987392963574501 144.865019 0.000000
1692987393034477298 144.490196 0.000000
1692987393035313923 144.637214 0.000000
1692987393178737033 144.753310 0.000000
1692987393180028929 144.706281 0.000000
1692987393252985263 144.510408 0.000000
1692987393469050078 144.559559 0.000000
1692987393469909656 144.650080 0.000000
1692987393470113502 144.483471 0.000000
1692987393613603782 144.533743 0.000000
1692987393760082505 144.505818 0.000000
1692987393832260213 144.563091 0.000000
1692987393832573979 144.861637 0.000000
1692987394049454225 144.542243 0.000000
1692987394122130089 144.901911 0.000000
1692987394122730399 144.676736 0.000000
1692987394266805598 144.630970 0.000000
1692987394267090307 144.818512 0.000000
1692987394484025054 144.540805 0.000000
1692987394627015324 144.665414 0.000000
1692987394772260786 144.483442 0.000000
1692987394990614867 144.859903 0.000000
1692987395281887123 144.493980 0.000000
1692987395569511280 144.659221 0.000000
1692987395860172240 144.470901 0.000000
1692987395860173072 144.429840 0.000000
1692987395932826660 144.621483 0.000000
1692987396005325879 144.656565 0.000000
1692987396149018441 144.794646 0.000000
1692987396222372747 144.432944 0.000000
1692987396366796483 144.644571 0.000000
1692987396439278903 144.806494 0.000000
1692987396656318986 144.668527 0.000000
1692987396728880855 144.706836 0.000000
1692987396729722231 144.520236 0.000000
1692987396801731096 144.506439 0.000000
1692987396873001314 144.730186 0.000000
1692987396946725201 144.404168 0.000000
1692987397308587010 144.496156 0.000000
1692987397381577899 144.915222 0.000000
1692987397454212588 144.536565 0.000000
1692987397598509373 144.640185 0.000000
1692987397671050494 144.813078 0.000000
1692987397671763907 144.600513 0.000000
1692987398033269409 144.674547 0.000000
1692987398105947639 144.506370 0.000000
1692987398251779834 144.855963 0.000000
1692987398324133774 144.591964 0.000000
1692987398613506401 144.585930 0.000000
1692987398758595017 144.754667 0.000000
1692987398903574915 144.636729 0.000000
1692987398976014630 144.778273 0.000000
1692987398976301323 144.776749 0.000000
1692987399048397532 144.495664 0.000000
1692987399265688449 144.592866 0.000000
1692987399337560981 144.828069 0.000000
1692987399411030757 145.003021 0.000000
1692987399482225700 144.645022 0.000000
1692987399482855733 144.743883 0.000000
1692987399627500561 144.623428 0.000000
1692987399628037442 144.665881 0.000000
1692987399700722448 144.674240 0.000000
1692987399772573741 144.515515 0.000000
1692987399990174641 144.628223 0.000000
1692987400062800188 144.767067 0.000000
1692987400062832529 144.411298 0.000000
1692987400134932572 144.643634 0.000000
1692987400352028554 144.817038 0.000000
1692987400352161179 144.633320 0.000000
1692987400352182167 145.003844 0.000000
1692987400497670922 144.718884 0.000000
1692987400570667820 144.631842 0.000000
1692987401149859525 144.496170 0.000000
1692987401150458567 144.417718 0.000000
1692987401223184383 144.525439 0.000000
1692987401294538196 144.631917 0.000000
1692987401583963019 144.573911 0.000000
1692987401657900025 144.830269 0.000000
1692987402091054582 144.735077 0.000000
1692987402236376267 144.633646 0.000000
1692987402236675940 144.657501 0.000000
1692987402236902669 144.583314 0.000000
1692987402308310017 144.760306 0.000000
1692987402309566917 145.130614 0.000000
1692987402382396660 144.809521 0.000000
1692987402453312693 144.760210 0.000000
1692987402454418280 144.760903 0.000000
1692987402599234962 144.627562 0.000000
1692987402671914105 144.728713 0.000000
1692987402960881342 144.477812 0.000000
1692987402961340092 144.758738 0.000000
1692987403106655181 144.728171 0.000000
1692987403107078307 144.828018 0.000000
1692987403179499939 144.665536 0.000000
1692987403251605139 144.943614 0.000000
1692987403324304799 144.897706 0.000000
1692987403396227077 144.535898 0.000000
1692987403397334820 144.878847 0.000000
1692987403614574372 144.598765 0.000000
1692987403759344300 144.570684 0.000000
1692987403976638086 144.627337 0.000000
1692987404556092883 144.627606 0.000000
1692987404627704883 144.505508 0.000000
1692987404773176617 144.559422 0.000000
1692987404918017100 144.823749 0.000000
1692987405062867441 144.829552 0.000000
1692987405135866594 144.600638 0.000000
1692987405281146717 144.804679 0.000000
1692987405424673918 144.643043 0.000000
1692987405426436327 144.928999 0.000000
1692987405496995828 144.779000 0.000000
1692987405569730064 144.564138 0.000000
1692987405641909046 144.451872 0.000000
1692987405786709631 144.848933 0.000000
1692987405788466912 144.830705 0.000000
1692987405931414372 144.659320 0.000000
1692987406148960700 144.782032 0.000000
1692987406149047001 144.801883 0.000000
1692987406149861745 144.476549 0.000000
1692987406221579316 144.865341 0.000000
1692987406293708602 144.637359 0.000000
1692987406511931757 144.540228 0.000000
1692987406728268760 144.771732 0.000000
1692987406874623077 144.976419 0.000000
1692987407019669616 144.919963 0.000000
1692987407235598122 144.758126 0.000000
1692987407309147758 144.535237 0.000000
1692987407525086854 144.742821 0.000000
1692987407598311754 144.772795 0.000000
1692987407671758185 144.835937 0.000000
1692987407815281748 144.688117 0.000000
1692987407815667066 144.485545 0.000000
1692987407886968432 144.536410 0.000000
1692987407887030677 144.589653 0.000000
1692987407887285897 144.582487 0.000000
1692987407960338465 144.679758 0.000000
1692987407960433747 144.577906 0.000000
1692987408033316579 144.450403 0.000000
1692987408105005157 144.506876 0.000000
1692987408539872377 144.612521 0.000000
1692987408756592984 144.610000 0.000000
1692987408828701652 144.679187 0.000000
1692987408829110966 144.360995 0.000000
1692987408900914613 144.549509 0.000000
1692987408901132175 144.521093 0.000000
1692987409263281948 144.717917 0.000000
1692987409409682547 144.353964 0.000000
1692987409554321991 145.650627 0.000000
1692987409626462564 145.422966 0.000000
1692987409699418912 144.836869 0.000000
1692987410059913782 144.599467 0.000000
1692987410061576804 144.418108 0.000000
1692987410279128097 144.505477 0.000000
1692987410349354342 144.595632 0.000000
1692987410349942949 144.367159 0.000000
1692987410351104712 144.663646 0.000000
1692987410421820232 144.532424 0.000000
1692987410784949192 144.452469 0.000000
1692987410856880747 144.486352 0.000000
1692987410858029470 144.565607 0.000000
1692987410930659994 144.492026 0.000000
1692987411147526421 144.650965 0.000000
1692987411220074759 144.585633 0.000000
1692987411291702977 144.522688 0.000000
1692987411509117617 144.678911 0.000000
1692987411510176746 144.701975 0.000000
1692987411653245604 144.656850 0.000000
1692987411725785557 144.608271 0.000000
1692987411942916240 144.671598 0.000000
1692987412016037889 144.516281 0.000000
1692987412017620403 145.282828 0.000000
1692987412088119333 144.768681 0.000000
1692987412161188094 144.558971 0.000000
1692987412232559142 144.503156 0.000000
1692987412305096609 144.523118 0.000000
1692987412378100970 144.458252 0.000000
1692987412451705674 144.417361 0.000000
1692987412522529487 144.840142 0.000000
1692987412595110115 144.760331 0.000000
1692987412667646805 145.074934 0.000000
1692987412667686157 145.145639 0.000000
1692987413030632827 144.575555 0.000000
1692987413248150061 144.752738 0.000000
1692987413464314427 144.654585 0.000000
1692987413465193837 145.423337 0.000000
1692987413538494063 145.077951 0.000000
1692987413610216985 144.780352 0.000000
1692987413610237774 144.722312 0.000000
1692987413610533383 144.620013 0.000000
1692987413611142152 145.086140 0.000000
1692987413972880887 144.649062 0.000000
1692987414189505375 144.617016 0.000000
1692987414190267061 144.507226 0.000000
1692987414406846444 144.624018 0.000000
1692987414407180668 144.526119 0.000000
1692987414550655713 144.730441 0.000000
1692987414914127030 144.785584 0.000000
1692987415057905167 144.448208 0.000000
1692987415494239702 144.719461 0.000000
1692987415566865750 144.951586 0.000000
1692987415639143983 144.610090 0.000000
1692987416001732202 145.166938 0.000000
1692987416072733930 144.618113 0.000000
1692987416074030883 144.829081 0.000000
1692987416145132979 144.484989 0.000000
1692987416146270846 144.608795 0.000000
1692987416219113479 144.747711 0.000000
1692987416291236791 144.673273 0.000000
1692987416362173847 144.723691 0.000000
1692987416362797085 144.948444 0.000000
1692987416364131300 144.609750 0.000000
1692987416651552413 144.611539 0.000000
1692987416725365388 144.590475 0.000000
1692987416798155710 144.470570 0.000000
1692987416942657087 144.620816 0.000000
1692987417231629911 144.581924 0.000000
1692987417304243396 144.606207 0.000000
1692987417304695785 144.958108 0.000000
1692987417377375995 144.726663 0.000000
1692987417450596665 144.799938 0.000000
1692987417450730923 144.872347 0.000000
1692987417593883135 144.762911 0.000000
1692987417667304312 144.648314 0.000000
1692987417668178440 144.579534 0.000000
1692987417740603700 144.703613 0.000000
1692987417884826343 144.569060 0.000000
1692987418028596761 144.690638 0.000000
1692987418029821259 144.379964 0.000000
1692987418173456398 144.599480 0.000000
1692987418174874293 144.661941 0.000000
1692987418247762758 144.683406 0.000000
1692987418247828184 144.603151 0.000000
1692987418391137322 144.530080 0.000000
1692987418463811203 144.651624 0.000000
1692987418465233144 145.299748 0.000000
1692987418537071681 145.374936 0.000000
1692987418537403169 145.060531 0.000000
1692987418897855745 144.720007 0.000000
1692987419043477820 144.669323 0.000000
1692987419189554920 144.605274 0.000000
1692987419260268044 144.680084 0.000000
1692987419768386258 144.496385 0.000000
1692987420057665474 144.529609 0.000000
1692987420058202144 144.704786 0.000000
1692987420058254302 144.705901 0.000000
1692987420131317562 144.744303 0.000000
1692987420203417864 144.612761 0.000000
1692987420276224860 144.531803 0.000000
1692987420347242951 144.577796 0.000000
1692987420347404662 144.636192 0.000000
1692987420492307711 144.454232 0.000000
1692987420637783780 144.631911 0.000000
1692987420782146383 144.943793 0.000000
1692987420782522660 145.234395 0.000000
1692987420999850929 144.715491 0.000000
1692987421071600264 144.797854 0.000000
1692987421146247560 144.719887 0.000000
1692987421217704543 144.907288 0.000000
1692987421362428974 144.715797 0.000000
1692987421724399058 144.853979 0.000000
1692987421725191264 144.522090 0.000000
1692987421796123705 144.814326 0.000000
1692987421796692937 145.020237 0.000000
1692987421869973270 145.063798 0.000000
1692987421870247555 145.009110 0.000000
1692987422158789540 144.723119 0.000000
1692987422158940658 144.710475 0.000000
1692987422231132019 144.526730 0.000000
1692987422303943168 144.994000 0.000000
1692987422304145940 144.979592 0.000000
1692987422448907674 144.855171 0.000000
1692987422449906197 145.205959 0.000000
1692987422595122811 144.575445 0.000000
1692987422957940825 144.669384 0.000000
1692987423102424175 144.556631 0.000000
1692987423247056245 144.647362 0.000000
1692987423392314639 145.240873 0.000000
1692987423464895276 144.947667 0.000000
1692987423682693501 144.874336 0.000000
1692987423825920677 144.875529 0.000000
1692987423898460254 144.605510 0.000000
1692987423970723322 144.506499 0.000000
1692987423971314169 144.549940 0.000000
1692987424189325675 144.518157 0.000000
1692987424190029005 144.500575 0.000000
1692987424478289083 145.075581 0.000000
1692987424478805436 144.800364 0.000000
1692987424551266219 144.835906 0.000000
1692987424695923830 144.647994 0.000000
1692987424768657971 144.544347 0.000000
1692987424986721063 144.774243 0.000000
1692987425057903851 144.592830 0.000000
1692987425058511378 144.672125 0.000000
1692987425203150666 144.624484 0.000000
1692987425348039734 144.910962 0.000000
1692987425348744795 145.047424 0.000000
1692987425492550310 144.495218 0.000000
1692987425709771469 144.776103 0.000000
1692987425710893856 144.653411 0.000000
1692987425711488216 144.463699 0.000000
1692987425711703488 144.505341 0.000000
1692987425782088793 144.713531 0.000000
1692987425783543323 144.424237 0.000000
1692987425856231717 144.518392 0.000000
1692987426071753685 144.730025 0.000000
1692987426072259254 144.611408 0.000000
1692987426218663452 144.738510 0.000000
1692987426434401433 144.581579 0.000000
1692987426506648884 144.765503 0.000000
1692987426651836705 144.809254 0.000000
1692987426724983835 144.436482 0.000000
1692987426942408509 144.620130 0.000000
1692987427014941052 144.793582 0.000000
1692987427015106167 144.968936 0.000000
1692987427160856220 144.745095 0.000000
1692987427231672660 144.746558 0.000000
1692987427450437718 144.584491 0.000000
1692987427521613280 144.933970 0.000000
1692987427595607598 144.558058 0.000000
1692987427667046344 144.891025 0.000000
1692987427739391487 144.782578 0.000000
1692987427739427962 144.800028 0.000000
1692987427957426238 144.889887 0.000000
1692987428536114186 144.799016 0.000000
1692987428609369104 144.653329 0.000000
1692987428681633837 144.466753 0.000000
1692987428972427961 144.717419 0.000000
1692987429261491798 144.394351 0.000000
1692987429405771739 144.691381 0.000000
1692987429623892198 144.442884 0.000000
1692987429697214194 144.600192 0.000000
1692987429842016430 144.663011 0.000000
1692987429914044314 145.101888 0.000000
1692987430058632295 144.833618 0.000000
1692987430131527140 144.516727 0.000000
1692987430275449180 144.481615 0.000000
1692987430349109065 144.847762 0.000000
1692987430419939989 144.725879 0.000000
1692987430564943756 144.778783 0.000000
1692987430566136938 144.489048 0.000000
1692987430566264996 144.518522 0.000000
1692987430710684212 144.460527 0.000000
1692987430711064558 144.528235 0.000000
1692987430782049621 144.585122 0.000000
1692987430854444065 144.732490 0.000000
1692987430999307390 144.642475 0.000000
1692987430999879103 144.675146 0.000000
1692987431073439492 144.672759 0.000000
1692987431144477631 144.587002 0.000000
1692987431363132758 144.594549 0.000000
1692987431579774145 144.384845 0.000000
1692987431580965487 144.452613 0.000000
1692987431725257576 144.489017 0.000000
1692987431798183529 144.576096 0.000000
1692987431869872788 144.594479 0.000000
1692987431941339644 144.697038 0.000000
1692987431941732696 144.567005 0.000000
1692987432013674585 144.718970 0.000000
1692987432086170855 144.717635 0.000000
1692987432230992057 144.788105 0.000000
1692987432303866194 144.815659 0.000000
1692987432304080970 144.782542 0.000000
1692987432376002020 144.987585 0.000000
1692987432449405550 144.434229 0.000000
1692987432521494356 144.410199 0.000000
1692987432594474420 144.538338 0.000000
1692987432811106250 144.864744 0.000000
1692987432812156127 145.138451 0.000000
1692987432956109391 144.605490 0.000000
1692987433173725821 144.903348 0.000000
1692987433318541997 144.779475 0.000000
1692987433682081228 144.583709 0.000000
1692987433825538630 144.574728 0.000000
1692987433826101633 144.424703 0.000000
1692987433826596316 144.491709 0.000000
1692987433898473855 144.522341 0.000000
1692987433970209387 144.657836 0.000000
1692987434042759985 144.678640 0.000000
1692987434115518326 144.420473 0.000000
1692987434188489945 144.450733 0.000000
1692987434333016856 144.750367 0.000000
1692987434405829600 144.861225 0.000000
1692987434550495215 144.769713 0.000000
1692987434550552699 144.545464 0.000000
1692987434767622559 144.675122 0.000000
1692987434768503438 144.614691 0.000000
1692987434987332549 147.681206 0.000000
1692987435059899161 144.668478 0.000000
1692987435061223648 145.949610 0.000000
1692987435349921192 144.617671 0.000000
1692987435422292228 144.685461 0.000000
1692987435422321461 144.535762 0.000000
1692987435856419811 144.583594 0.000000
1692987435858491461 144.535952 0.000000
1692987435929363595 144.606997 0.000000
1692987435931453648 144.541947 0.000000
1692987436074988587 144.497288 0.000000
1692987436146076369 144.767627 0.000000
1692987436146126060 144.704129 0.000000
1692987436290701203 144.559788 0.000000
1692987436292120286 144.505071 0.000000
1692987436364306103 144.444804 0.000000
1692987436509997153 144.440961 0.000000
1692987436652915555 144.775345 0.000000
1692987436653515754 144.628017 0.000000
1692987436799020149 144.549915 0.000000
1692987437378295721 144.971577 0.000000
1692987437378715126 144.408549 0.000000
1692987437450325108 144.688067 0.000000
1692987437451278065 144.411426 0.000000
1692987437597328356 145.116572 0.000000
1692987438030473159 144.581107 0.000000
1692987438320264592 144.569406 0.000000
1692987438392211000 144.665489 0.000000
1692987438392464636 144.720803 0.000000
1692987438464501251 144.792836 0.000000
1692987438537889276 144.516713 0.000000
1692987438538199083 144.713486 0.000000
1692987438610837951 144.645794 0.000000
1692987438754554252 144.930147 0.000000
1692987438754673330 144.904677 0.000000
1692987438827166533 144.816581 0.000000
1692987438900183644 144.493348 0.000000
1692987438971875143 144.778042 0.000000
1692987439044643769 144.823075 0.000000
1692987439117812768 144.724999 0.000000
1692987439262053652 144.568113 0.000000
1692987439262642465 144.813389 0.000000
1692987439333819510 144.499107 0.000000
1692987439334961974 144.497949 0.000000
1692987439478803302 144.735323 0.000000
1692987439479717538 144.646054 0.000000
1692987439623297626 144.644274 0.000000
1692987439623422908 144.606692 0.000000
1692987439623758471 144.792054 0.000000
1692987439624147052 144.648364 0.000000
1692987439914284829 144.846663 0.000000
1692987439985369315 144.632101 0.000000
1692987439985815591 144.532429 0.000000
1692987439986661888 144.557973 0.000000
1692987440275659194 144.519565 0.000000
1692987440565643280 144.946895 0.000000
1692987440710216785 144.742644 0.000000
1692987440928300534 145.429731 0.000000
1692987440999664946 144.655086 0.000000
1692987441073496911 144.959820 0.000000
1692987441290336480 144.649497 0.000000
1692987441291168354 144.518361 0.000000
1692987441363742030 144.470500 0.000000
1692987441436057800 144.537345 0.000000
1692987441436355328 144.470881 0.000000
1692987441724950045 144.497964 0.000000
1692987441942340243 144.507656 0.000000
1692987442087946956 144.424352 0.000000
1692987442160079764 144.464165 0.000000
1692987442231325415 144.642571 0.000000
1692987442303477643 144.743821 0.000000
1692987442303831122 144.873439 0.000000
1692987442448972651 144.794109 0.000000
1692987442666335234 144.560599 0.000000
1692987442738914653 144.487444 0.000000
1692987442811579898 144.720251 0.000000
1692987442883204202 144.780863 0.000000
1692987442883213172 144.829005 0.000000
1692987442883922912 144.401990 0.000000
1692987443100346225 144.594108 0.000000
1692987443100888956 144.865501 0.000000
1692987443391667433 145.054627 0.000000
1692987443462861112 144.582886 0.000000
1692987443535390761 144.738409 0.000000
1692987443607455275 144.787664 0.000000
1692987443608791540 144.451510 0.000000
1692987443680240965 144.809034 0.000000
1692987443680320907 144.937668 0.000000
1692987443680358574 144.960908 0.000000
1692987443754486444 144.529783 0.000000
1692987443826451215 144.436424 0.000000
1692987443970068481 144.599175 0.000000
1692987443971372651 144.669008 0.000000
1692987444188019916 144.843018 0.000000
1692987444259914209 144.748743 0.000000
1692987444260389592 144.630502 0.000000
1692987444332488692 144.760190 0.000000
1692987444332751038 144.749636 0.000000
1692987444840049540 144.820615 0.000000
1692987444912800334 144.494300 0.000000
1692987444985357562 144.525087 0.000000
1692987445130530574 144.485855 0.000000
1692987445202593489 144.628754 0.000000
1692987445203178548 144.636506 0.000000
1692987445346788561 144.442699 0.000000
1692987445346797191 144.751915 0.000000
1692987445347918987 144.447250 0.000000
1692987445565277941 144.864778 0.000000
1692987445855129131 144.759849 0.000000
1692987445928259362 144.860306 0.000000
1692987446000711974 145.570028 0.000000
1692987446216692686 144.434495 0.000000
1692987446579675764 144.467611 0.000000
1692987446580408745 144.639972 0.000000
1692987446723569078 144.927285 0.000000
1692987447158152563 144.661926 0.000000
1692987447232739267 144.817955 0.000000
1692987447304118238 144.512668 0.000000
1692987447377504048 144.721560 0.000000
1692987447449782676 144.521769 0.000000
1692987447594309827 144.595414 0.000000
1692987447665545055 144.584669 0.000000
1692987447811280161 144.708610 0.000000
1692987448100920064 144.950273 0.000000
1692987448172667058 144.678755 0.000000
1692987448246866503 144.639248 0.000000
1692987448535138768 144.747069 0.000000
1692987448536905918 145.094148 0.000000
1692987448752298158 144.675192 0.000000
1692987448755002336 144.574687 0.000000
1692987448898912144 144.573120 0.000000
1692987449115416857 144.534388 0.000000
1692987449116349391 144.529622 0.000000
1692987449187621984 144.912377 0.000000
1692987449189118202 144.503784 0.000000
1692987449260463715 144.626234 0.000000
1692987449332314656 144.680389 0.000000
1692987449406036373 144.796238 0.000000
1692987449622517657 144.616444 0.000000
1692987449622540061 144.404318 0.000000
1692987449622809141 144.432807 0.000000
1692987449695887168 144.483106 0.000000
1692987449839714423 144.664471 0.000000
1692987449839915697 144.740313 0.000000
1692987449912277259 144.766976 0.000000
1692987450056966323 144.521097 0.000000
1692987450057119491 144.601385 0.000000
1692987450201552487 144.552202 0.000000
1692987450202181653 144.654890 0.000000
1692987450202464598 144.683031 0.000000
1692987450708800692 144.793825 0.000000
1692987450853421921 144.423258 0.000000
1692987451072802262 144.746524 0.000000
1692987451217978552 144.726596 0.000000
1692987451290302611 144.612952 0.000000
1692987451360632496 144.706880 0.000000
1692987451433445977 144.683436 0.000000
1692987451507171523 144.461443 0.000000
1692987451507394237 144.576757 0.000000
1692987451651491155 144.834262 0.000000
1692987451796669465 144.598618 0.000000
1692987451796828899 144.553176 0.000000
1692987452012693221 144.703212 0.000000
1692987452014633495 144.727647 0.000000
1692987452159620052 145.007420 0.000000
1692987452303244474 144.601048 0.000000
1692987452377294341 144.920272 0.000000
1692987452520939927 144.583609 0.000000
1692987452665798477 144.794685 0.000000
1692987452739239697 144.677002 0.000000
1692987452739467170 144.856841 0.000000
1692987452883029347 144.600482 0.000000
1692987452955725336 144.649674 0.000000
1692987453100879932 144.746502 0.000000
1692987453462065836 144.657465 0.000000
1692987453462434254 144.914209 0.000000
1692987453464029147 144.844707 0.000000
1692987453609061586 144.806337 0.000000
1692987453826161687 144.684653 0.000000
1692987453898715545 144.597166 0.000000
1692987454042166013 144.706283 0.000000
1692987454043444208 144.736038 0.000000
1692987454188482431 144.627686 0.000000
1692987454404408910 144.766920 0.000000
1692987454477038735 145.008260 0.000000
1692987454477061715 145.046960 0.000000
1692987454549394646 144.812559 0.000000
1692987454623481500 144.462657 0.000000
1692987454839470755 144.959454 0.000000
1692987454912649211 144.546637 0.000000
1692987455056432103 144.662357 0.000000
1692987455202222328 144.455048 0.000000
1692987455418763226 144.707457 0.000000
1692987455636842970 144.619321 0.000000
1692987455637239449 144.827581 0.000000
1692987455853396421 144.608055 0.000000
1692987455854223334 144.422011 0.000000
1692987455854709172 144.627295 0.000000
1692987456070722493 144.787879 0.000000
1692987456071779863 144.406295 0.000000
1692987456072733406 144.704459 0.000000
1692987456072770748 144.720808 0.000000
1692987456143121552 144.858393 0.000000
1692987456216298931 144.501902 0.000000
1692987456217344398 144.566022 0.000000
1692987456287997078 144.851441 0.000000
1692987456579481273 144.525918 0.000000
1692987456722450322 144.702631 0.000000
1692987456724122681 144.501893 0.000000
1692987456795071098 144.561974 0.000000
1692987456940931397 145.004814 0.000000
1692987457013367432 144.616504 0.000000
1692987457157957751 144.718302 0.000000
1692987457303090669 144.553748 0.000000
1692987457304062805 144.556765 0.000000
1692987457375730619 144.726266 0.000000
1692987457376283288 144.418859 0.000000
1692987457447494818 144.606015 0.000000
1692987457448097644 144.500644 0.000000
1692987457592988062 144.537080 0.000000
1692987457882909626 144.521934 0.000000
1692987457956225201 144.564739 0.000000
1692987458027698918 144.779635 0.000000
1692987458028029348 145.128478 0.000000
1692987458245241816 144.855908 0.000000
1692987458461446419 144.550625 0.000000
1692987458608474074 144.653306 0.000000
1692987458823082046 144.542282 0.000000
1692987458823779096 144.464120 0.000000
1692987458898125449 144.700966 0.000000
1692987459187390928 144.466334 0.000000
1692987459187603689 144.610656 0.000000
1692987459329907904 144.675091 0.000000
1692987459549387646 144.600980 0.000000
1692987459764273002 144.644735 0.000000
1692987459764886795 144.714303 0.000000
1692987460490459092 144.919426 0.000000
1692987460490804722 144.582887 0.000000
1692987460706649426 144.704244 0.000000
1692987460707714524 144.941862 0.000000
1692987460852007203 144.539425 0.000000
1692987460925513603 144.558600 0.000000
1692987460925710487 144.716072 0.000000
1692987460997379855 144.509691 0.000000
1692987461141471351 144.854755 0.000000
1692987461141894488 144.493844 0.000000
1692987461142141844 144.482533 0.000000
1692987461142536505 144.542077 0.000000
1692987461215965234 144.578476 0.000000
1692987461286908970 144.417776 0.000000
1692987461431965475 145.001602 0.000000
1692987461504033073 144.733751 0.000000
1692987461504369147 144.744301 0.000000
1692987461504468531 144.638825 0.000000
1692987461505553776 144.624544 0.000000
1692987461721967822 144.746126 0.000000
1692987461722068316 144.570302 0.000000
1692987461867370479 145.010783 0.000000
1692987461867385920 144.901734 0.000000
1692987462012224453 144.694131 0.000000
1692987462157407187 144.741205 0.000000
1692987462301636133 144.515308 0.000000
1692987462302773990 145.078255 0.000000
1692987462447430202 144.608711 0.000000
1692987462591458155 144.733583 0.000000
1692987462737441510 144.625185 0.000000
1692987463170567933 144.674871 0.000000
1692987463316177332 144.623876 0.000000
1692987463316603796 144.648965 0.000000
1692987463388800293 144.683169 0.000000
1692987463460336846 144.710589 0.000000
1692987463533439090 144.463909 0.000000
1692987463822925199 144.832819 0.000000
1692987463823114294 144.959830 0.000000
1692987463895636636 144.558865 0.000000
1692987464186124194 144.588108 0.000000
1692987464258548092 144.392483 0.000000
1692987464476149143 144.885096 0.000000
1692987464547761178 144.482417 0.000000
1692987464619884003 144.605444 0.000000
1692987464691900725 144.680514 0.000000
1692987464837440352 144.729658 0.000000
1692987464838845477 145.452990 0.000000
1692987464838935076 145.561884 0.000000
1692987464982609038 144.439217 0.000000
1692987465053700444 144.586499 0.000000
1692987465343729914 144.552886 0.000000
1692987465417493088 144.586474 0.000000
1692987465562580169 144.699733 0.000000
1692987465633618421 144.890127 0.000000
1692987465706786387 144.772698 0.000000
1692987465706839416 145.126889 0.000000
1692987465707124039 144.577608 0.000000
1692987465779875850 144.689044 0.000000
1692987465852508825 144.841915 0.000000
1692987465925322881 145.109083 0.000000
1692987465996751443 144.402415 0.000000
1692987466070025401 144.516116 0.000000
1692987466214593948 144.585412 0.000000
1692987466286791692 144.956431 0.000000
1692987466287178158 144.590117 0.000000
1692987466575912264 144.629549 0.000000
1692987466648022996 144.490072 0.000000
1692987466650080213 144.953819 0.000000
1692987466721733056 144.503551 0.000000
1692987466721955790 144.514702 0.000000
1692987466865702718 144.532704 0.000000
1692987466866577402 144.606085 0.000000
1692987466938103546 144.441993 0.000000
1692987467011886721 144.555577 0.000000
1692987467082425178 144.384970 0.000000
1692987467083051879 144.393389 0.000000
1692987467300196022 144.621817 0.000000
1692987467301175154 144.612304 0.000000
1692987467373336990 144.534302 0.000000
1692987467589554267 144.456857 0.000000
1692987467590204357 144.541374 0.000000
1692987467590282485 144.573584 0.000000
1692987467951660480 144.862024 0.000000
1692987468024473839 144.895974 0.000000
1692987468025170824 145.286100 0.000000
1692987468025469631 145.137644 0.000000
1692987468169723540 144.618720 0.000000
1692987468313977333 144.531596 0.000000
1692987468386939259 144.754065 0.000000
1692987468531399550 144.866046 0.000000
1692987468605093377 144.774879 0.000000
1692987468749871152 145.632131 0.000000
1692987468750211440 145.123366 0.000000
1692987468967038308 144.708278 0.000000
1692987469257641015 144.467386 0.000000
1692987469257924044 144.440820 0.000000
1692987469258484947 144.832552 0.000000
1692987469401132927 144.499441 0.000000
1692987469690891075 144.776347 0.000000
1692987469691667761 144.505901 0.000000
1692987469691755485 144.484908 0.000000
1692987469764961746 144.526299 0.000000
1692987469835461156 144.562463 0.000000
1692987469908176537 144.635588 0.000000
1692987470053644697 144.605608 0.000000
1692987470125488995 144.848816 0.000000
1692987470198567574 144.393774 0.000000
1692987470343029665 144.851028 0.000000
1692987470343637617 144.718771 0.000000
1692987470560266394 144.688818 0.000000
1692987470633148057 144.613824 0.000000
1692987470705403115 144.813845 0.000000
1692987470777664854 144.776863 0.000000
1692987470923637395 144.960972 0.000000
1692987471067983524 144.588429 0.000000
1692987471068819467 144.482086 0.000000
1692987471140183243 144.606043 0.000000
1692987471286874112 144.735191 0.000000
1692987471359406678 144.738649 0.000000
1692987471359441910 144.808858 0.000000
1692987471431907839 144.966270 0.000000
1692987471432328009 145.242218 0.000000
1692987471649249583 144.465869 0.000000
1692987471722430549 144.605754 0.000000
1692987471939491481 144.486076 0.000000
1692987472156434627 144.857952 0.000000
1692987472227696290 144.780216 0.000000
1692987472299948336 144.723348 0.000000
1692987472444981982 144.787963 0.000000
1692987472446865809 144.480808 0.000000
1692987472662302712 144.755815 0.000000
1692987472662346990 144.888985 0.000000
1692987472662661113 144.670488 0.000000
1692987472808717358 144.622939 0.000000
1692987472880254282 144.401196 0.000000
1692987472880693566 144.789587 0.000000
1692987473024817166 144.779610 0.000000
1692987473024899418 144.583823 0.000000
1692987473025168660 144.876501 0.000000
1692987473025984467 144.871825 0.000000
1692987473169578086 144.735421 0.000000
1692987473242622475 144.855631 0.000000
1692987473388393074 144.363144 0.000000
1692987473677629380 144.881537 0.000000
1692987473749806973 144.713791 0.000000
1692987473968466178 144.890077 0.000000
1692987474112276808 144.949200 0.000000
1692987474404145245 144.487384 0.000000
1692987474476630967 144.603572 0.000000
1692987474476744349 144.673238 0.000000
1692987474620117430 144.620713 0.000000
1692987474692071667 144.741789 0.000000
1692987474764616501 144.479089 0.000000
1692987474766210918 144.577694 0.000000
1692987474837329872 144.743139 0.000000
1692987474910878872 145.099113 0.000000
1692987475271554289 144.683396 0.000000
1692987475561880972 144.809159 0.000000
1692987475707587096 145.106721 0.000000
1692987475779738527 145.064548 0.000000
1692987475780449600 144.646398 0.000000
1692987475780747254 144.586263 0.000000
1692987475780913261 144.660571 0.000000
1692987475853518380 144.805860 0.000000
1692987475924878988 144.601910 0.000000
1692987476070245400 144.639121 0.000000
1692987476141973089 144.672760 0.000000
1692987476143810612 144.447110 0.000000
1692987476214317821 144.685516 0.000000
1692987476433137205 144.639029 0.000000
1692987476504641833 144.672665 0.000000
1692987476721588330 144.915035 0.000000
1692987476794304647 145.088283 0.000000
1692987476940119790 144.504307 0.000000
1692987477084703959 144.794898 0.000000
1692987477157501983 144.494179 0.000000
1692987477302537428 144.791671 0.000000
1692987477810326030 144.690030 0.000000
1692987477882763273 144.435302 0.000000
1692987478027863675 144.639974 0.000000
1692987478099304971 144.567631 0.000000
1692987478243801119 144.635723 0.000000
1692987478245005502 144.458946 0.000000
1692987478390704129 144.773030 0.000000
1692987478606308888 144.551964 0.000000
1692987478823389613 144.754236 0.000000
1692987478825710708 144.540793 0.000000
1692987478898632596 144.548225 0.000000
1692987479042910606 144.596372 0.000000
1692987479115643903 144.416072 0.000000
1692987479187437190 144.509183 0.000000
1692987479188092879 144.521878 0.000000
1692987479258053268 144.752621 0.000000
1692987479330793842 144.500885 0.000000
1692987479332338784 144.578315 0.000000
1692987479477629409 144.574432 0.000000
1692987479549294397 144.442749 0.000000
1692987479766206092 144.591240 0.000000
1692987479839658622 144.848494 0.000000
1692987479912168279 144.643222 0.000000
1692987480202301941 144.742723 0.000000
1692987480274542953 144.908125 0.000000
1692987480274951666 144.710640 0.000000
1692987480417909627 144.607103 0.000000
1692987480491522415 144.689940 0.000000
1692987480709563448 144.454873 0.000000
1692987480782320081 144.500624 0.000000
1692987480854053773 144.472188 0.000000
1692987480999274997 145.498786 0.000000
1692987481070454608 144.551723 0.000000
1692987481072100916 144.709672 0.000000
1692987481504790288 144.480302 0.000000
1692987481506031361 144.483739 0.000000
1692987481578541098 144.461026 0.000000
1692987481794911001 144.572436 0.000000
1692987481940070445 144.482806 0.000000
1692987481940105717 144.471155 0.000000
1692987481940429372 144.602862 0.000000
1692987482084976534 144.533355 0.000000
1692987482301058987 144.506307 0.000000
1692987482590894093 144.567896 0.000000
1692987482591732743 144.468094 0.000000
1692987482592546260 144.772393 0.000000
1692987482736253494 144.502192 0.000000
1692987482737652024 144.520139 0.000000
1692987482809990792 144.571560 0.000000
1692987482880629592 144.780306 0.000000
1692987483025542753 144.747981 0.000000
1692987483026876938 144.534183 0.000000
