1692982320192568653 202.820955 0.000000
1692982320216963871 202.576490 0.000000
1692982320512040441 202.638554 0.000000
1692982322894436835 202.683695 0.000000
1692982323115786561 202.684457 0.000000
1692982323222125294 202.739360 0.000000
1692982323626292277 202.734313 0.000000
1692982325733712787 202.695884 0.000000
1692982326642334636 202.670374 0.000000
1692982329585902689 202.636575 0.000000
1692982330574193484 202.728614 0.000000
1692982332901006096 202.621926 0.000000
1692982333565390361 202.791140 0.000000
1692982334149325306 202.731656 0.000000
1692982334506688185 202.623178 0.000000
1692982335459245885 202.698083 0.000000
1692982335669196823 202.683355 0.000000
1692982338775820405 202.781827 0.000000
1692982339272414803 202.732537 0.000000
1692982340118932482 202.664057 0.000000
1692982340832698777 202.580994 0.000000
1692982342198233172 202.759675 0.000000
1692982342236084363 202.907599 0.000000
1692982343259878700 202.632930 0.000000
1692982343675305853 202.768656 0.000000
1692982343915220522 202.787304 0.000000
1692982344302461726 202.641379 0.000000
1692982345306490398 202.746378 0.000000
1692982345878963456 202.578913 0.000000
1692982346924323049 202.703780 0.000000
1692982347247821425 202.618886 0.000000
1692982347644198159 202.696196 0.000000
1692982348558235918 202.767758 0.000000
1692982348666823334 202.599080 0.000000
1692982348863171090 202.851278 0.000000
1692982349085248636 202.673433 0.000000
1692982350811179010 202.537957 0.000000
1692982351068984820 202.731007 0.000000
1692982352694016729 202.601355 0.000000
1692982353576665376 202.626960 0.000000
1692982354687671418 202.728165 0.000000
1692982356425827671 202.689369 0.000000
1692982357050876486 202.611594 0.000000
1692982357690347166 202.833079 0.000000
1692982358042290687 202.615392 0.000000
1692982358065309621 202.706680 0.000000
1692982358178170258 202.732856 0.000000
1692982359450091121 202.679115 0.000000
1692982359950608564 202.687527 0.000000
1692982361612197431 202.601680 0.000000
1692982363291372709 202.575920 0.000000
1692982365099595043 202.610379 0.000000
1692982366422591458 202.718156 0.000000
1692982366484356056 202.811999 0.000000
1692982366625156480 202.542467 0.000000
1692982369127930611 202.618267 0.000000
1692982369343517368 203.052650 0.000000
1692982369541896729 202.781578 0.000000
1692982370030405897 202.628251 0.000000
1692982370662634897 202.724911 0.000000
1692982373203145234 202.581487 0.000000
1692982373405882879 202.703350 0.000000
1692982374255682225 202.674990 0.000000
1692982375137841707 202.659594 0.000000
1692982377489260866 202.689184 0.000000
1692982378409659843 202.614833 0.000000
1692982381939104913 202.716180 0.000000
1692982383423151482 202.754298 0.000000
1692982384246560921 202.728638 0.000000
1692982384543903474 202.653944 0.000000
1692982384765091899 202.757596 0.000000
1692982385744114542 202.721948 0.000000
1692982386183074281 202.544619 0.000000
1692982386554762022 202.609962 0.000000
1692982387276254565 202.623849 0.000000
1692982388491263593 202.695465 0.000000
1692982389048802074 202.722348 0.000000
1692982390878367881 202.719487 0.000000
1692982391537400069 202.967589 0.000000
1692982391855627719 202.615595 0.000000
1692982393258314155 202.672702 0.000000
1692982393310929151 202.537553 0.000000
1692982393311105928 202.614697 0.000000
1692982393866833523 202.738771 0.000000
1692982395044808993 202.625412 0.000000
1692982397025778310 202.713561 0.000000
1692982397374125147 202.710320 0.000000
1692982397835396042 202.566709 0.000000
1692982398029973097 202.657987 0.000000
1692982398110795841 202.660834 0.000000
1692982398201967946 202.641785 0.000000
1692982399759835339 202.735578 0.000000
1692982399975418379 202.706876 0.000000
1692982401543493066 202.602051 0.000000
1692982404417864335 202.594123 0.000000
1692982404614800271 202.744213 0.000000
1692982404700524123 202.690177 0.000000
1692982405480377482 202.744689 0.000000
1692982406069073192 202.725618 0.000000
1692982406386721675 202.702340 0.000000
1692982406514087970 202.686758 0.000000
1692982407085035265 202.657700 0.000000
1692982408008324531 202.661855 0.000000
1692982408087538702 202.642219 0.000000
1692982408952273550 202.713035 0.000000
1692982409409475710 202.702144 0.000000
1692982410724652346 202.740734 0.000000
1692982411243684491 202.689198 0.000000
1692982412750825454 202.546301 0.000000
1692982412908014237 202.653957 0.000000
1692982413012233729 202.578997 0.000000
1692982413271555017 202.796193 0.000000
1692982413549866663 202.726250 0.000000
1692982413882262082 202.644635 0.000000
1692982413906023064 202.921064 0.000000
1692982415320331943 202.615221 0.000000
1692982415631168284 202.632261 0.000000
1692982416083425066 202.817512 0.000000
1692982417256739568 202.751148 0.000000
1692982417721976882 202.756536 0.000000
1692982418183965025 202.670495 0.000000
1692982419070459127 202.733171 0.000000
1692982419584288608 202.677591 0.000000
1692982420214291943 202.827235 0.000000
1692982420967567095 202.726976 0.000000
1692982422354120500 202.689899 0.000000
1692982423152403836 202.721177 0.000000
1692982424771298218 202.716090 0.000000
1692982429129455274 202.620221 0.000000
1692982429582905960 202.702363 0.000000
1692982431304084320 202.657032 0.000000
1692982431401129211 202.602565 0.000000
1692982432167498220 202.653674 0.000000
1692982432989752904 202.754078 0.000000
1692982433110944115 202.692870 0.000000
1692982433142323140 202.863638 0.000000
1692982434882907444 202.713228 0.000000
1692982435980706418 202.695080 0.000000
1692982436835281511 202.655065 0.000000
1692982436977905132 202.643320 0.000000
1692982438757711389 202.717316 0.000000
1692982439145256009 202.943625 0.000000
1692982441548697275 202.696417 0.000000
1692982443501343634 202.618290 0.000000
1692982444146594508 202.636724 0.000000
1692982444366384530 202.576629 0.000000
1692982448815525951 202.674105 0.000000
1692982449684175598 202.731093 0.000000
1692982451139899139 202.684503 0.000000
1692982451360788816 202.734911 0.000000
1692982451363847367 202.613238 0.000000
1692982452011158514 202.691891 0.000000
1692982453304405394 202.567792 0.000000
1692982453875132958 202.652437 0.000000
1692982454306626045 202.776975 0.000000
1692982454645744455 202.728827 0.000000
1692982454855172159 202.687916 0.000000
1692982455093494841 202.728933 0.000000
1692982455681811429 202.579454 0.000000
1692982456344586507 202.742819 0.000000
1692982457576406380 202.743997 0.000000
1692982457656683419 202.562945 0.000000
1692982458562171932 202.671753 0.000000
1692982459485829732 202.637810 0.000000
1692982459686612367 202.774191 0.000000
1692982460910951209 202.729448 0.000000
1692982461890580640 202.579844 0.000000
1692982462831629488 202.801710 0.000000
1692982463715797031 202.978939 0.000000
1692982464399288285 202.693955 0.000000
1692982464941220062 202.619466 0.000000
1692982465637552773 202.601675 0.000000
1692982465822542997 202.643076 0.000000
1692982466632983770 202.617136 0.000000
1692982466827069354 202.769591 0.000000
