1692982321047169121 154.063377 104.434737 104 16 0.000000
1692982322023014255 145.283157 110.673292 108 16 0.000000
1692982323051631545 162.123943 99.162246 102 16 0.000000
1692982324053848941 146.008775 110.754435 111 16 0.000000
1692982325044111181 146.180848 109.061999 108 16 0.000000
1692982326053813416 145.836713 107.952623 109 16 0.000000
1692982327048373343 148.027108 108.590750 108 16 0.000000
1692982328058003011 144.214564 110.931772 112 16 0.000000
1692982329057279070 144.684207 111.080417 111 16 0.000000
1692982330057539467 143.194240 110.971097 111 16 0.000000
1692982331038868350 145.336005 112.092910 110 16 0.000000
1692982332054126676 140.894628 112.286661 114 16 0.000000
1692982333065638046 151.688213 104.793699 106 16 0.000000
1692982334058863118 148.538632 107.729863 107 16 0.000000
1692982335057752244 145.499740 110.122330 110 16 0.000000
1692982336055803644 147.858313 107.208900 107 16 0.000000
1692982337071146454 142.956791 111.292462 113 16 0.000000
1692982338070154778 138.476895 118.117126 118 16 0.000000
1692982339070070175 136.293981 118.010010 118 16 0.000000
1692982340076163404 143.563914 111.321673 112 16 0.000000
1692982341072262844 150.665364 105.411163 105 16 0.000000
1692982342075788044 139.281406 113.599554 114 16 0.000000
1692982343074955501 142.015117 114.094979 114 16 0.000000
1692982344054658479 144.569359 109.216780 107 16 0.000000
1692982345069382368 151.973219 105.447386 107 16 0.000000
1692982346075761816 153.022355 106.321735 107 16 0.000000
1692982347061099796 139.868692 114.681461 113 16 0.000000
1692982348076586010 148.904450 103.398745 105 16 0.000000
1692982349085248636 149.701577 108.063884 109 16 0.000000
1692982350054690009 143.042240 114.498944 111 16 0.000000
1692982351088422927 144.427909 110.279923 114 16 0.000000
1692982352084264100 136.077895 116.484438 116 16 0.000000
1692982353091535833 141.790824 115.162584 116 16 0.000000
1692982354078676319 138.626064 113.459013 112 16 0.000000
1692982355093441990 140.635680 113.326656 115 16 0.000000
1692982356090639948 138.075592 117.328749 117 16 0.000000
1692982357089212241 147.860555 107.153009 107 16 0.000000
1692982358097845118 138.535996 117.981463 119 16 0.000000
1692982359091490105 141.192133 108.690730 108 16 0.000000
1692982360096331733 149.386307 108.474803 109 16 0.000000
1692982361089654700 138.875801 115.773036 115 16 0.000000
1692982362092960599 141.060397 113.624349 114 16 0.000000
1692982363089230074 143.297029 114.426890 114 16 0.000000
1692982364104694473 144.389466 110.294352 112 16 0.000000
1692982365104659262 147.322812 106.003749 106 16 0.000000
1692982366108304866 152.378058 105.614957 106 16 0.000000
1692982367109037236 142.677214 110.918778 111 16 0.000000
1692982368105648099 145.281475 108.367260 108 16 0.000000
1692982369089088311 139.266693 119.986977 118 16 0.000000
1692982370104821535 134.420723 116.172236 118 16 0.000000
1692982371115865608 136.710520 117.700097 119 16 0.000000
1692982372116428827 139.692173 114.935266 115 16 0.000000
1692982373114425140 130.597613 123.246944 123 16 0.000000
1692982374094507377 143.447728 111.215144 109 16 0.000000
1692982375109613767 149.065984 104.422566 106 16 0.000000
1692982376109951664 141.004061 115.960834 116 16 0.000000
1692982377121057167 135.392489 118.681959 120 16 0.000000
1692982378099140650 144.611027 110.420038 108 16 0.000000
1692982379114554740 145.574720 111.284641 113 16 0.000000
1692982380124537716 136.076451 114.853423 116 16 0.000000
1692982381096429413 139.694692 116.268082 113 16 0.000000
1692982382123647517 138.996242 115.846880 119 16 0.000000
1692982383121374854 136.085670 116.264241 116 16 0.000000
1692982384130988863 141.105710 110.933479 112 16 0.000000
1692982385115991298 141.755464 116.750985 115 16 0.000000
1692982386131451247 138.622219 112.264395 114 16 0.000000
1692982387132639885 139.948916 116.861098 117 16 0.000000
1692982388125273577 134.660554 116.860816 116 16 0.000000
1692982389137872408 138.787659 114.556719 116 16 0.000000
1692982390133142833 136.540920 119.565509 119 16 0.000000
1692982391118947648 145.349656 111.583958 110 16 0.000000
1692982392126668222 136.380491 115.111252 116 16 0.000000
1692982393141995999 140.457741 113.263904 115 16 0.000000
1692982394146036434 137.903070 118.521154 119 16 0.000000
1692982395141886506 136.175164 114.475051 114 16 0.000000
1692982396135916533 138.890228 113.678674 113 16 0.000000
1692982397118177980 143.469800 116.058698 114 16 0.000000
1692982398134631984 143.678653 109.203171 111 16 0.000000
1692982399149880513 137.470642 119.182654 121 16 0.000000
1692982400149880702 138.774111 111.999979 112 16 0.000000
1692982401144415562 146.644974 107.587972 107 16 0.000000
1692982402138051291 140.208753 116.742978 116 16 0.000000
1692982403138591472 140.872097 113.938443 114 16 0.000000
1692982404135219793 138.857659 115.389087 115 16 0.000000
1692982405156631493 147.333042 107.694068 110 16 0.000000
1692982406159799810 129.851558 123.608384 124 16 0.000000
1692982407160282920 142.703737 110.946404 111 16 0.000000
1692982408161940286 133.303113 117.804757 118 16 0.000000
1692982409156785600 140.611141 117.606205 117 16 0.000000
1692982410152777090 144.529034 110.442711 110 16 0.000000
1692982411163623187 144.865897 109.809003 111 16 0.000000
1692982412167116653 137.420442 114.599664 115 16 0.000000
1692982413162333321 143.517700 111.533479 111 16 0.000000
1692982414159320959 141.978922 113.341427 113 16 0.000000
1692982415159102642 138.085229 117.025562 117 16 0.000000
1692982416151259815 140.985273 113.893233 113 16 0.000000
1692982417166902985 141.681973 112.244133 114 16 0.000000
1692982418174106668 140.817306 112.191822 113 16 0.000000
1692982419168929174 142.069830 112.582890 112 16 0.000000
1692982420178722875 133.240861 118.836078 120 16 0.000000
1692982421163005676 144.183139 114.804502 113 16 0.000000
1692982422178330181 140.475532 113.264232 115 16 0.000000
1692982423183607523 141.704685 110.417324 111 15 0.000000
1692982424184585227 133.941027 121.880839 122 16 0.000000
1692982425183924579 142.739382 112.074035 112 16 0.000000
1692982426187739453 138.880931 112.570557 113 16 0.000000
1692982427172002279 135.040129 122.934649 121 16 0.000000
1692982428188145639 143.047349 109.236550 111 16 0.000000
1692982429186777857 139.814096 115.157531 115 16 0.000000
1692982430184603656 137.053803 118.257114 118 16 0.000000
1692982431185484330 134.861892 114.898798 115 16 0.000000
1692982432183366284 140.929555 115.244104 115 16 0.000000
1692982433192077526 133.963037 119.955017 121 16 0.000000
1692982434190551373 135.286538 116.177309 116 16 0.000000
1692982435186085570 134.004434 120.538315 120 16 0.000000
1692982436201523728 135.244137 121.129971 123 16 0.000000
1692982437201455214 143.467490 109.007477 109 15 0.000000
1692982438202341790 136.865870 113.899011 114 16 0.000000
1692982439184638430 141.171458 118.090620 116 16 0.000000
1692982440192514554 142.658461 109.140362 110 16 0.000000
1692982441208318376 134.694062 120.101966 122 16 0.000000
1692982442200206010 135.495663 118.965069 118 16 0.000000
1692982443210240125 140.892077 112.867483 114 16 0.000000
1692982444179573902 143.926920 111.416719 108 16 0.000000
1692982445213228886 145.077168 110.288273 114 16 0.000000
1692982446211066670 134.481798 116.251350 116 16 0.000000
1692982447193948094 133.846291 122.090009 120 16 0.000000
1692982448209127399 147.514166 110.325328 112 16 0.000000
1692982449218902192 136.240634 114.877089 116 16 0.000000
1692982450200140988 144.611158 110.064965 108 16 0.000000
1692982451211482941 142.244902 113.710300 115 16 0.000000
1692982452213187471 139.743436 113.806014 114 16 0.000000
1692982453219062376 135.022824 120.293303 121 16 0.000000
1692982454222764948 141.349424 107.601593 108 16 0.000000
1692982455224373946 141.785369 118.808828 119 16 0.000000
1692982456219379762 141.988714 110.552110 110 16 0.000000
1692982457223571860 149.200249 108.544974 109 16 0.000000
1692982458214980389 142.166781 110.953254 110 16 0.000000
1692982459231020820 137.465612 117.121325 119 16 0.000000
1692982460227599093 141.207828 114.391424 114 16 0.000000
1692982461230190946 138.221787 112.707878 113 16 0.000000
1692982462220216988 144.847923 112.118269 111 16 0.000000
1692982463235828237 145.226444 110.278401 112 16 0.000000
1692982464234071457 136.314955 120.211186 120 16 0.000000
1692982465232271010 138.809810 110.198407 110 16 0.000000
1692982466234064491 138.003034 117.788739 118 16 0.000000
1692982467207065723 134.020040 119.218768 116 16 0.000000
1692982468222340350 143.303820 112.284890 114 16 0.000000
