1692977853397621918 216.612188 0.000000
1692977854048717265 216.632710 0.000000
1692977855135487975 216.653710 0.000000
1692977856003217274 217.079444 0.000000
1692977856296305378 216.601423 0.000000
1692977857090077246 216.558794 0.000000
1692977857378618955 216.654986 0.000000
1692977858465240512 216.603694 0.000000
1692977859188130319 216.770992 0.000000
1692977859188577283 216.665357 0.000000
1692977859405534072 216.706939 0.000000
1692977859839959214 216.746280 0.000000
1692977860707796287 216.853885 0.000000
1692977860708225911 217.021320 0.000000
1692977861070537172 216.625594 0.000000
1692977861866725607 216.806579 0.000000
1692977864545572833 216.691226 0.000000
1692977865052804549 216.823047 0.000000
1692977866066784621 217.020220 0.000000
1692977866573423563 216.823829 0.000000
1692977866717966955 216.932888 0.000000
1692977867152774950 216.584379 0.000000
1692977867513986821 216.928001 0.000000
1692977868165426128 216.653733 0.000000
1692977868238630908 216.623518 0.000000
1692977868382804501 216.779701 0.000000
1692977868889803068 216.601307 0.000000
1692977868961414495 216.673013 0.000000
1692977868962517554 216.822862 0.000000
1692977869903160332 217.017309 0.000000
1692977870337826131 216.811851 0.000000
1692977870627792214 217.288924 0.000000
1692977871279121038 217.098944 0.000000
1692977871641589589 216.647363 0.000000
1692977871713263736 216.829222 0.000000
1692977872220409841 216.810502 0.000000
1692977872582871907 216.961553 0.000000
1692977873378942373 216.642913 0.000000
1692977875913458718 216.939166 0.000000
1692977875913752150 217.025151 0.000000
1692977876564255108 216.723464 0.000000
1692977879243324423 216.827561 0.000000
1692977879533363921 216.624044 0.000000
1692977880112342209 216.721876 0.000000
1692977881344607354 216.660774 0.000000
1692977882067904290 216.643239 0.000000
1692977882140348697 216.611504 0.000000
1692977883226318317 216.771034 0.000000
1692977883950194039 216.830493 0.000000
1692977884022647120 216.819362 0.000000
1692977884023335716 216.518097 0.000000
1692977884457682808 216.840146 0.000000
1692977885180819871 216.697607 0.000000
1692977885253638844 216.627471 0.000000
1692977885398648018 216.678138 0.000000
1692977886774110723 216.877642 0.000000
1692977887788313038 217.003330 0.000000
1692977887859992140 217.140589 0.000000
1692977889019780775 216.619176 0.000000
1692977889887240626 216.935753 0.000000
1692977891189952602 216.814371 0.000000
1692977891408775042 216.718418 0.000000
1692977891915287550 216.634261 0.000000
1692977892565959311 216.624561 0.000000
1692977893796245414 216.750116 0.000000
1692977894594268803 216.552340 0.000000
1692977895245010366 217.005415 0.000000
1692977895679180318 216.649613 0.000000
1692977895823489083 216.800156 0.000000
1692977896041712523 216.757838 0.000000
1692977896476291891 217.063388 0.000000
1692977896982970349 216.527462 0.000000
1692977897200451082 216.633473 0.000000
1692977897417329686 216.857635 0.000000
1692977898358254974 216.578661 0.000000
1692977898574483581 216.659489 0.000000
1692977898575600693 216.794508 0.000000
1692977900747304545 217.112623 0.000000
1692977901108348215 216.512437 0.000000
1692977901325060947 216.905847 0.000000
1692977901469962219 217.063809 0.000000
1692977901686815629 216.821044 0.000000
1692977902049530458 217.003890 0.000000
1692977902629667143 216.512953 0.000000
1692977902918353458 216.706062 0.000000
1692977903642147528 216.672433 0.000000
1692977903786838607 216.652728 0.000000
1692977904148873410 216.699011 0.000000
1692977904366133785 216.595881 0.000000
1692977904512541639 216.717914 0.000000
1692977905162857688 216.777764 0.000000
1692977905308305317 216.764216 0.000000
1692977906031946696 217.012429 0.000000
1692977906176122046 216.616869 0.000000
1692977906177246335 216.867680 0.000000
1692977906537852930 216.889164 0.000000
1692977907552022242 216.680702 0.000000
1692977907914196208 217.190032 0.000000
1692977909219011448 216.520411 0.000000
1692977910592948817 216.844394 0.000000
1692977911318069163 216.612259 0.000000
1692977912258653067 216.786564 0.000000
1692977912620888054 216.568753 0.000000
1692977912766547283 216.527186 0.000000
1692977914140793509 216.691668 0.000000
1692977914142246943 216.692429 0.000000
1692977914792425236 216.698364 0.000000
1692977915010985828 216.685283 0.000000
1692977915227332258 216.868433 0.000000
1692977915518307868 216.764983 0.000000
1692977918051524542 216.630856 0.000000
1692977918124559121 216.778164 0.000000
1692977919571515739 216.933955 0.000000
1692977920728705553 216.870453 0.000000
1692977921019456540 216.788877 0.000000
1692977922176785184 216.572827 0.000000
1692977923480657309 216.658541 0.000000
1692977925652119328 216.857157 0.000000
1692977926014379917 216.858389 0.000000
1692977926159182178 216.692925 0.000000
1692977926737375014 216.582483 0.000000
1692977927751850792 216.951776 0.000000
1692977927968009550 216.653041 0.000000
1692977929563002832 216.542543 0.000000
1692977930502725307 216.753570 0.000000
1692977930865885757 216.902882 0.000000
1692977931227309160 216.782733 0.000000
1692977931589836895 216.736303 0.000000
1692977931734192823 217.088223 0.000000
1692977932312952215 216.664183 0.000000
1692977932313816644 216.593493 0.000000
1692977932819619143 216.781269 0.000000
1692977934991001298 216.559884 0.000000
1692977935426048610 216.631186 0.000000
1692977936004301928 217.061735 0.000000
1692977936150281174 216.885528 0.000000
1692977936729593210 216.911177 0.000000
1692977936873716938 216.465492 0.000000
1692977937453355036 216.633612 0.000000
1692977939118313269 216.689350 0.000000
1692977940059097396 216.912730 0.000000
1692977941000664712 216.702802 0.000000
1692977942086643132 217.007590 0.000000
1692977942882714140 216.734429 0.000000
1692977943462868377 216.707365 0.000000
1692977943897441148 216.653836 0.000000
1692977945560662752 216.616096 0.000000
1692977947081535068 216.777442 0.000000
1692977947082143889 216.501240 0.000000
1692977948892597527 217.146660 0.000000
1692977949110432708 216.628965 0.000000
1692977950125250980 217.790967 0.000000
1692977951209026717 216.734912 0.000000
1692977951787704498 216.832248 0.000000
1692977951862212080 216.925374 0.000000
1692977952511576557 216.917886 0.000000
1692977953675881198 217.198097 0.000000
1692977953820619430 216.582837 0.000000
1692977953892764067 216.614345 0.000000
1692977954472047554 216.735685 0.000000
1692977954761043530 216.694540 0.000000
1692977954762231679 216.889142 0.000000
1692977954978584435 216.646414 0.000000
1692977955557606477 216.896786 0.000000
1692977955774730726 216.694666 0.000000
1692977955990569266 216.606791 0.000000
1692977956498759754 216.672700 0.000000
1692977957003108820 216.653765 0.000000
1692977958089250042 216.741338 0.000000
1692977958162796387 216.577837 0.000000
1692977958742416200 217.194351 0.000000
1692977959609367812 216.940209 0.000000
1692977962216533650 216.898010 0.000000
1692977963086196191 216.703610 0.000000
1692977963810858129 216.987951 0.000000
1692977963954686222 216.631160 0.000000
1692977964533718843 216.632011 0.000000
1692977965546962407 216.635809 0.000000
1692977965765134784 216.855148 0.000000
1692977965765662622 216.850267 0.000000
1692977966344197975 216.792834 0.000000
1692977967067168550 216.585616 0.000000
1692977967428841286 216.535962 0.000000
1692977967647574908 216.661122 0.000000
1692977968804817502 217.050336 0.000000
1692977969962255766 216.670724 0.000000
1692977970252201802 216.730567 0.000000
1692977970833371507 216.998881 0.000000
1692977972206121100 216.997051 0.000000
1692977973510771514 216.628252 0.000000
1692977973799576546 216.601852 0.000000
1692977974233792593 217.380062 0.000000
1692977974741421852 216.746352 0.000000
1692977975755119671 216.776577 0.000000
1692977975971826521 216.650501 0.000000
1692977976695579978 216.709275 0.000000
1692977978649305800 216.570190 0.000000
1692977979229761940 216.593239 0.000000
1692977979807576195 216.738421 0.000000
1692977980605377180 216.669952 0.000000
1692977982340558070 216.582843 0.000000
1692977983427354509 216.710139 0.000000
1692977984658136769 216.681477 0.000000
1692977985237959053 216.737286 0.000000
1692977986033438405 216.606868 0.000000
1692977988640835035 216.968072 0.000000
1692977989582725834 216.591455 0.000000
1692977989943788266 216.610220 0.000000
1692977990089003331 216.517894 0.000000
1692977990161026915 216.921249 0.000000
1692977990306228835 216.823144 0.000000
1692977990885631902 216.861173 0.000000
1692977991465635039 216.534487 0.000000
1692977991754324487 216.530585 0.000000
1692977991826311997 216.803222 0.000000
1692977992695037696 216.766927 0.000000
1692977993346895758 216.958116 0.000000
1692977993418336212 216.768154 0.000000
1692977994432128052 217.082354 0.000000
1692977994577423032 216.668788 0.000000
1692977994577733133 216.527760 0.000000
1692977995734397862 216.564402 0.000000
1692977997183546894 216.716887 0.000000
1692977998847359924 216.907717 0.000000
1692977999427999873 216.535351 0.000000
