1692977852231845771 144.787417 0.000000
1692977852232018769 144.585114 0.000000
1692977852449616044 144.864140 0.000000
1692977852593703664 144.597805 0.000000
1692977852810708609 144.680327 0.000000
1692977855127175943 144.675902 0.000000
1692977855560173965 144.549056 0.000000
1692977855632701726 144.589389 0.000000
1692977857225632928 144.793505 0.000000
1692977857442356820 144.630965 0.000000
1692977859034422525 144.911345 0.000000
1692977861637807264 144.630119 0.000000
1692977861999882464 144.705920 0.000000
1692977862216421359 144.586942 0.000000
1692977862578997156 144.681773 0.000000
1692977863374405856 144.489746 0.000000
1692977865400001104 144.664648 0.000000
1692977865401368511 144.690432 0.000000
1692977865689040426 144.486700 0.000000
1692977867715915493 144.569937 0.000000
1692977868729042148 144.513664 0.000000
1692977870682686196 144.574261 0.000000
1692977871333509961 144.620414 0.000000
1692977872346018481 144.672990 0.000000
1692977872708211505 144.569675 0.000000
1692977873142426359 144.590318 0.000000
1692977873358693271 144.453553 0.000000
1692977874154318780 144.464995 0.000000
1692977874443200148 144.657929 0.000000
1692977874876147581 144.670571 0.000000
1692977875094547806 144.598091 0.000000
1692977876033299758 144.602841 0.000000
1692977876033406902 144.635007 0.000000
1692977877624496235 144.514721 0.000000
1692977878131380810 144.522052 0.000000
1692977878491910063 144.457968 0.000000
1692977879216948321 144.559886 0.000000
1692977879432172957 144.699070 0.000000
1692977879867079249 144.582684 0.000000
1692977880662323991 144.670499 0.000000
1692977882181029428 144.440913 0.000000
1692977882326581171 144.499540 0.000000
1692977883265363158 144.542878 0.000000
1692977883339340971 144.584517 0.000000
1692977883701181599 144.493094 0.000000
1692977884567549446 144.553402 0.000000
1692977886594732065 144.728899 0.000000
1692977887751305886 144.674096 0.000000
1692977888114811076 144.718825 0.000000
1692977888402603586 144.647724 0.000000
1692977889127247234 144.606609 0.000000
1692977889561100610 144.658830 0.000000
1692977891734586308 144.510679 0.000000
1692977892094691306 144.757590 0.000000
1692977892385867456 144.652389 0.000000
1692977893761783537 144.688497 0.000000
1692977894122634964 144.695048 0.000000
1692977895136079414 144.477661 0.000000
1692977895860232111 144.480418 0.000000
1692977896440650085 144.838221 0.000000
1692977896945422864 144.626503 0.000000
1692977898103810050 144.541740 0.000000
1692977898900882866 144.695758 0.000000
1692977899118613287 144.943446 0.000000
1692977899407717435 144.503921 0.000000
1692977899479034859 144.959714 0.000000
1692977899841506405 144.623345 0.000000
1692977900927769712 144.490795 0.000000
1692977901578922638 144.550835 0.000000
1692977902519868902 144.665538 0.000000
1692977902955233333 144.729461 0.000000
1692977903605882492 144.697271 0.000000
1692977904185637470 144.675821 0.000000
1692977904548362924 144.610780 0.000000
1692977904620697284 144.570637 0.000000
1692977905417834749 144.575697 0.000000
1692977905996987155 144.723647 0.000000
1692977907082207766 144.982314 0.000000
1692977907661344761 144.501920 0.000000
1692977907806638553 144.599794 0.000000
1692977908025139162 144.772005 0.000000
1692977909255961816 144.660855 0.000000
1692977909760768125 144.570708 0.000000
1692977909978126752 144.781847 0.000000
1692977910196565151 144.986083 0.000000
1692977910341401049 144.781823 0.000000
1692977910992941881 144.902729 0.000000
1692977911283037801 145.265093 0.000000
1692977911353839643 144.974397 0.000000
1692977911570935111 144.710561 0.000000
1692977911571730841 144.805116 0.000000
1692977912150496851 144.627302 0.000000
1692977912730220599 144.491665 0.000000
1692977913092498326 144.711738 0.000000
1692977913310185989 144.549946 0.000000
1692977915192742494 144.579670 0.000000
1692977915771942123 144.998271 0.000000
1692977916276869169 144.632713 0.000000
1692977917074263769 145.193400 0.000000
1692977917870257783 144.753706 0.000000
1692977920186778470 144.478934 0.000000
1692977920331676531 144.881504 0.000000
1692977921272331455 144.711497 0.000000
1692977921561147817 144.654584 0.000000
1692977923662558681 144.906350 0.000000
1692977924747047133 144.523689 0.000000
1692977924819166345 144.740112 0.000000
1692977926123413678 144.573855 0.000000
1692977926918401960 144.472062 0.000000
1692977927425682792 144.569038 0.000000
1692977929816302306 144.704780 0.000000
1692977930032121765 144.816273 0.000000
1692977930394232320 144.590222 0.000000
1692977931553761303 144.930304 0.000000
1692977933218360013 144.569634 0.000000
1692977934665513814 144.624701 0.000000
1692977934666170114 144.757381 0.000000
1692977934955793008 144.798516 0.000000
1692977935028994917 144.916221 0.000000
1692977935099909384 144.605006 0.000000
1692977935390534599 144.552243 0.000000
1692977935823232807 144.608148 0.000000
1692977936622094926 144.779196 0.000000
1692977936693966754 144.574058 0.000000
1692977937199317701 144.619559 0.000000
1692977937416192964 144.555981 0.000000
1692977937635215386 144.731941 0.000000
1692977938357448576 144.474040 0.000000
1692977939226851780 144.764838 0.000000
1692977940312558365 144.810383 0.000000
1692977940675886032 144.525725 0.000000
1692977940819220165 144.718365 0.000000
1692977941979174374 144.688459 0.000000
1692977942195963971 144.637335 0.000000
1692977944078884437 144.660944 0.000000
1692977944150715082 144.577748 0.000000
1692977944295495462 144.410891 0.000000
1692977945379619713 144.710320 0.000000
1692977947119238622 144.633065 0.000000
1692977948059965711 144.767948 0.000000
1692977948784076549 145.058916 0.000000
1692977949435663142 144.533131 0.000000
1692977949798327404 144.685140 0.000000
1692977949871595346 144.627929 0.000000
1692977950087749469 144.832889 0.000000
1692977950957638743 144.635173 0.000000
1692977951898082437 144.468961 0.000000
1692977953418711149 144.698706 0.000000
1692977953640323520 144.905053 0.000000
1692977955376668195 144.530153 0.000000
1692977956173301660 145.143257 0.000000
1692977957114339128 144.608596 0.000000
1692977957618658934 144.483263 0.000000
1692977958054657779 144.784040 0.000000
1692977958199348520 144.570812 0.000000
1692977959067656801 144.539438 0.000000
1692977959790811885 144.847321 0.000000
1692977960588187446 144.518956 0.000000
1692977960877082219 144.558142 0.000000
1692977961601187362 144.733165 0.000000
1692977961601737074 144.759506 0.000000
1692977964064605501 144.831403 0.000000
1692977964715964377 144.521816 0.000000
1692977965947122924 144.647885 0.000000
1692977966162845874 144.642854 0.000000
1692977966814161753 144.691061 0.000000
1692977966959477971 144.603492 0.000000
1692977967392104065 144.778295 0.000000
1692977967539288763 144.581159 0.000000
1692977968117691894 144.403460 0.000000
1692977968189035920 144.581367 0.000000
1692977970145171065 144.913143 0.000000
1692977970289824663 144.667891 0.000000
1692977971519342719 144.550642 0.000000
1692977972387070473 144.835437 0.000000
1692977972460558756 144.610528 0.000000
1692977973400261358 144.386746 0.000000
1692977973617503624 144.607548 0.000000
1692977974776724034 144.605996 0.000000
1692977977456588298 144.567827 0.000000
1692977978036319924 144.717997 0.000000
1692977979047698595 144.493868 0.000000
1692977980714419239 144.761393 0.000000
1692977981363281729 144.834933 0.000000
1692977981581179323 144.716989 0.000000
1692977985707685223 144.835505 0.000000
1692977986866590809 144.508712 0.000000
1692977987735695086 144.749353 0.000000
1692977988387494487 144.532021 0.000000
1692977988820787084 144.615897 0.000000
1692977989545180686 144.763646 0.000000
1692977989834720663 144.844590 0.000000
1692977990631683440 144.779890 0.000000
1692977991067272735 144.620635 0.000000
1692977993092779381 144.666795 0.000000
1692977993164537731 144.569618 0.000000
1692977993526092178 144.572550 0.000000
1692977995046815615 144.593970 0.000000
1692977995770825749 144.578714 0.000000
1692977996856512894 144.848694 0.000000
1692977997146031053 144.634544 0.000000
1692977997798922252 144.643279 0.000000
1692977998304918096 144.662539 0.000000
1692977998885185212 144.668900 0.000000
1692977999391322801 144.505167 0.000000
1692977999970883274 145.209819 0.000000
1692978000187578311 144.947589 0.000000
