1692977852884133290 107.325180 151.022897 149 16 0.000000
1692977853897027866 109.231116 149.077709 151 16 0.000000
1692977854837836750 108.790801 145.619371 137 16 0.000000
1692977855850578311 109.520755 142.188303 144 16 0.000000
1692977856863739138 116.608107 137.194407 139 16 0.000000
1692977857877314760 117.229080 140.098077 142 16 0.000000
1692977858890212917 112.579299 140.191775 142 16 0.000000
1692977859903382896 109.498548 146.076194 148 16 0.000000
1692977860843743036 106.964199 151.005970 142 16 0.000000
1692977861856329903 112.986415 142.210020 144 16 0.000000
1692977862869521400 111.509535 144.099123 146 16 0.000000
1692977863881610494 109.934256 144.256074 146 16 0.000000
1692977864894471253 109.715209 147.108078 149 16 0.000000
1692977865907819842 113.630191 140.129472 142 16 0.000000
1692977866919093528 106.473094 140.416961 142 16 0.000000
1692977867861070503 111.994317 154.993197 146 16 0.000000
1692977868874480399 106.130743 148.015129 150 16 0.000000
1692977869887441601 111.014751 142.157472 144 16 0.000000
1692977870900126815 120.033860 136.271362 138 16 0.000000
1692977871912596615 104.677328 150.127942 152 16 0.000000
1692977872925424438 106.855426 153.036871 155 16 0.000000
1692977873865518320 108.701590 145.730119 137 16 0.000000
1692977874877617437 113.003962 140.302461 142 16 0.000000
1692977875889849448 110.137367 147.199462 149 16 0.000000
1692977876902321681 113.068760 140.250763 142 16 0.000000
1692977877915391075 112.464296 144.116477 146 16 0.000000
1692977878927899836 105.629289 152.097457 154 16 0.000000
1692977879940104632 117.164104 135.348104 137 16 0.000000
1692977880880214347 106.351528 146.791377 138 16 0.000000
1692977881893526110 114.215383 143.095134 145 16 0.000000
1692977882906078578 106.798694 149.128089 151 16 0.000000
1692977883917972725 107.261423 147.248609 149 16 0.000000
1692977884930508772 107.501306 150.118111 152 16 0.000000
1692977885942865538 110.979066 142.242326 144 16 0.000000
1692977886884586768 112.642973 143.354530 135 16 0.000000
1692977887897551153 112.003121 144.131440 146 16 0.000000
1692977888910588879 112.625786 140.172468 142 16 0.000000
1692977889925196587 109.094174 147.840377 150 16 0.000000
1692977890938480128 114.723632 140.138479 142 16 0.000000
1692977891951997041 109.786320 147.012829 149 16 0.000000
1692977892893176500 102.210476 157.249511 148 16 0.000000
1692977893906284332 114.754862 138.188646 140 16 0.000000
1692977894920474426 111.920387 139.027173 141 16 0.000000
1692977895933889586 111.284134 147.027616 149 16 0.000000
1692977896946637551 116.372933 136.262929 138 16 0.000000
1692977897960270441 111.739897 145.022899 147 16 0.000000
1692977898901206380 107.011313 148.788044 140 16 0.000000
1692977899914351907 113.108029 142.131611 144 16 0.000000
1692977900929491746 112.174622 141.852377 144 16 0.000000
1692977901942745598 111.591409 142.116388 144 16 0.000000
1692977902956241042 110.829695 143.069218 145 16 0.000000
1692977903969768869 115.447382 141.091343 143 16 0.000000
1692977904910642394 106.520805 150.923611 142 16 0.000000
1692977905924501096 111.595547 142.031618 144 16 0.000000
1692977906937839559 106.218725 151.972907 154 16 0.000000
1692977907952915274 110.928669 142.846494 145 16 0.000000
1692977908966116981 107.833870 147.058577 149 16 0.000000
1692977909979489383 117.009461 139.139350 141 16 0.000000
1692977910920671892 110.254139 142.374087 134 16 0.000000
1692977911934849675 111.568575 145.931045 148 16 0.000000
1692977912948853856 105.817075 151.873141 154 16 0.000000
1692977913962239129 108.084237 148.018729 150 16 0.000000
1692977914975843701 111.564986 142.067224 144 16 0.000000
1692977915989840982 114.419307 141.026032 143 16 0.000000
1692977916930416790 105.690317 149.908171 141 16 0.000000
1692977917944233508 111.601440 144.010252 146 16 0.000000
1692977918957287527 108.532919 146.092877 148 16 0.000000
1692977919970306719 112.277738 143.136489 145 16 0.000000
1692977920983761905 108.317644 147.021784 149 16 0.000000
1692977921997084651 109.082514 146.054181 148 16 0.000000
1692977922938363977 115.458527 139.172281 131 16 0.000000
1692977923952293089 105.310084 151.884373 154 16 0.000000
1692977924965016169 109.984216 148.115529 150 16 0.000000
1692977925979347215 103.948566 151.824208 154 16 0.000000
1692977926992775857 109.781367 145.052147 147 16 0.000000
1692977928006042641 114.162940 140.140763 142 16 0.000000
1692977928947409353 111.546012 143.408533 135 15 0.000000
1692977929961334148 110.857388 143.008633 145 16 0.000000
1692977930974835454 113.346365 143.068382 145 16 0.000000
1692977931989117629 106.265529 151.831525 154 16 0.000000
1692977933002132289 106.894970 149.060034 151 16 0.000000
1692977934015524518 118.428169 133.215921 135 16 0.000000
1692977935027643857 106.832695 145.239807 147 16 0.000000
1692977935969596001 109.821426 151.812388 143 16 0.000000
1692977936983960462 112.946518 140.974968 143 16 0.000000
1692977937996969808 106.639420 150.047978 152 16 0.000000
1692977939010596718 105.775576 151.929668 154 16 0.000000
1692977940024287304 106.679288 149.947116 152 16 0.000000
1692977941037943068 109.089565 147.979250 150 16 0.000000
1692977941979379252 109.092444 142.335718 134 16 0.000000
1692977942993376199 111.273287 148.915639 151 16 0.000000
1692977944006760617 108.793304 145.058456 147 16 0.000000
1692977945020771695 104.116376 152.858315 155 16 0.000000
1692977946033939460 103.075289 153.972521 156 16 0.000000
1692977947047285400 105.758991 151.971797 154 16 0.000000
1692977947988797614 111.632822 139.137843 131 16 0.000000
1692977949002441701 107.655958 153.900179 156 16 0.000000
1692977950016902286 109.630089 143.918864 146 16 0.000000
1692977951029950155 114.075909 142.145308 144 16 0.000000
1692977952043741577 112.688164 138.095445 140 16 0.000000
1692977953056694263 117.365020 138.209834 140 16 0.000000
1692977954002865215 111.515181 146.907908 139 16 0.000000
1692977955016332353 107.320111 145.046638 147 16 0.000000
1692977956029593644 114.575828 142.115368 144 16 0.000000
1692977957042714827 105.419413 149.044359 151 16 0.000000
1692977958056033822 107.293764 150.988957 153 16 0.000000
1692977958996268722 111.004218 141.454037 133 16 0.000000
1692977960009620369 113.805765 143.089519 145 16 0.000000
1692977961023680367 107.875110 150.878647 153 16 0.000000
1692977962037061896 105.207236 148.019276 150 16 0.000000
1692977963050798081 104.237957 154.872640 157 16 0.000000
1692977964065039458 112.173310 141.978027 144 16 0.000000
1692977965006120418 112.865392 142.389461 134 16 0.000000
1692977966019751309 108.307104 145.023205 147 16 0.000000
1692977967032494059 111.202177 145.150386 147 16 0.000000
1692977968045752340 110.521016 144.089605 146 16 0.000000
1692977969059231038 112.575525 144.058297 146 16 0.000000
1692977970073134204 113.146133 142.025396 144 16 0.000000
1692977971085467245 110.520880 142.245659 144 16 0.000000
1692977972026997319 109.029571 148.694140 140 16 0.000000
1692977973040633214 113.556874 137.130113 139 16 0.000000
1692977974053054582 105.298379 156.061504 158 16 0.000000
1692977975068010076 101.193454 156.657124 159 16 0.000000
1692977976081793881 109.073361 149.933349 152 16 0.000000
1692977977095016588 106.121977 146.068579 148 16 0.000000
1692977978036319924 115.098060 140.231097 132 16 0.000000
1692977979049281244 114.535606 142.157430 144 16 0.000000
1692977980063367696 109.074924 143.971949 146 16 0.000000
1692977981076550687 108.327478 149.035284 151 16 0.000000
1692977982089366384 109.513823 146.127281 148 16 0.000000
1692977983102175897 108.068303 148.102874 150 16 0.000000
1692977984044802159 104.614594 150.642922 142 16 0.000000
1692977985057733613 108.075202 150.059540 152 16 0.000000
1692977986071735271 115.953326 136.094449 138 16 0.000000
1692977987085312954 107.857049 150.950422 153 16 0.000000
1692977988098515818 107.605640 148.045399 150 16 0.000000
1692977989112612794 106.490512 152.845344 155 16 0.000000
1692977990053272697 111.880185 138.200850 130 16 0.000000
1692977991067653372 108.425684 146.887650 149 16 0.000000
1692977992080500948 106.407255 153.033893 155 16 0.000000
1692977993093554618 111.259830 143.131608 145 16 0.000000
1692977994107599924 105.307689 151.866961 154 16 0.000000
1692977995121067792 104.411197 153.926933 156 16 0.000000
1692977996061855241 115.460270 139.245052 131 16 0.000000
1692977997074802464 114.389545 141.172233 143 16 0.000000
1692977998088394493 111.121002 140.095795 142 16 0.000000
1692977999102705578 107.651495 149.855423 152 16 0.000000
1692978000116913100 112.685891 141.982781 144 16 0.000000
1692978001129017393 108.288483 147.218030 149 16 0.000000
