1692973738171971866 216.656080 0.000000
1692973739005238847 216.666800 0.000000
1692973739095322538 216.827688 0.000000
1692973740741767424 216.692654 0.000000
1692973740799065871 216.656253 0.000000
1692973741255016619 216.735102 0.000000
1692973741633939052 216.696847 0.000000
1692973743361877262 216.828522 0.000000
1692973743592801281 216.751544 0.000000
1692973745384468384 216.597899 0.000000
1692973745949083182 216.862209 0.000000
1692973746933067684 216.767715 0.000000
1692973747015217357 216.716065 0.000000
1692973747319991109 216.727854 0.000000
1692973747326425723 216.733370 0.000000
1692973747480640958 216.689973 0.000000
1692973747609086557 216.760608 0.000000
1692973747633565375 217.013089 0.000000
1692973750830300290 216.703984 0.000000
1692973751513250263 216.737419 0.000000
1692973751568839700 216.650825 0.000000
1692973752709430120 216.795175 0.000000
1692973754736476557 216.763680 0.000000
1692973754771124469 216.776520 0.000000
1692973755660150186 216.644022 0.000000
1692973756756139513 216.800324 0.000000
1692973757237996715 216.767111 0.000000
1692973757882212270 216.710379 0.000000
1692973758570855606 216.778658 0.000000
1692973759037910830 216.604634 0.000000
1692973759070250245 216.589610 0.000000
1692973759254524679 216.588621 0.000000
1692973759840635172 216.708359 0.000000
1692973760292684212 216.828537 0.000000
1692973761928199435 216.947482 0.000000
1692973763386285866 216.667155 0.000000
1692973764635571859 216.592211 0.000000
1692973765625979166 216.707164 0.000000
1692973765723535735 216.749029 0.000000
1692973767579706820 216.566832 0.000000
1692973768219235412 216.590686 0.000000
1692973768251053109 216.913450 0.000000
1692973768580858243 216.722557 0.000000
1692973769111328072 216.725755 0.000000
1692973769327828517 216.746322 0.000000
1692973769478683752 216.669152 0.000000
1692973769544679151 216.710278 0.000000
1692973771118183004 216.712728 0.000000
1692973771551059802 216.681165 0.000000
1692973772656321570 216.659879 0.000000
1692973773097850838 216.629628 0.000000
1692973774561076333 216.734126 0.000000
1692973775150950875 216.657587 0.000000
1692973775808732595 216.731374 0.000000
1692973776338320230 216.665976 0.000000
1692973777015975509 216.762986 0.000000
1692973777978319041 216.687150 0.000000
1692973779480731792 216.640525 0.000000
1692973780178765209 216.738282 0.000000
1692973780580334523 216.720636 0.000000
1692973781266928624 216.694905 0.000000
1692973781837356493 216.692825 0.000000
1692973781945954140 216.772922 0.000000
1692973782516211992 216.721507 0.000000
1692973783212909836 216.788152 0.000000
1692973783359778337 216.793529 0.000000
1692973785469457657 216.826203 0.000000
1692973786766530262 216.729322 0.000000
1692973786983540393 216.985519 0.000000
1692973787031716347 216.814100 0.000000
1692973787200230981 216.665313 0.000000
1692973787848381741 216.710153 0.000000
1692973787994819230 216.655306 0.000000
1692973788561319098 216.726867 0.000000
1692973790097270688 216.727715 0.000000
1692973790280886357 216.643768 0.000000
1692973790340404013 216.686452 0.000000
1692973790681805256 216.629975 0.000000
1692973791706704424 216.647275 0.000000
1692973794167679233 216.655243 0.000000
1692973796653107758 216.586987 0.000000
1692973797961610733 216.570699 0.000000
1692973798813303911 216.802268 0.000000
1692973798901618217 216.751258 0.000000
1692973799584234572 216.677205 0.000000
1692973799773768382 216.830638 0.000000
1692973800115082601 216.595887 0.000000
1692973800617909475 216.710051 0.000000
1692973802954584299 216.654130 0.000000
1692973804036721993 216.615060 0.000000
1692973805170566525 216.667746 0.000000
1692973806441118630 216.753399 0.000000
1692973806539413212 216.644667 0.000000
1692973806754657807 216.662273 0.000000
1692973808495863251 216.728707 0.000000
1692973808792977399 216.787914 0.000000
1692973808881156233 216.737216 0.000000
1692973808915414482 216.762722 0.000000
1692973810247151631 216.622925 0.000000
1692973810538110486 216.722871 0.000000
1692973810687864393 216.733756 0.000000
1692973811164367224 217.119980 0.000000
1692973811660474463 217.015417 0.000000
1692973812612609004 216.704092 0.000000
1692973812671285096 216.687233 0.000000
1692973813245862967 216.784668 0.000000
1692973813375394403 216.756579 0.000000
1692973816735138365 216.695190 0.000000
1692973819331324677 216.776854 0.000000
1692973820885515792 216.735003 0.000000
1692973822284784651 216.822911 0.000000
1692973822352324326 216.965553 0.000000
1692973823751911536 216.708977 0.000000
1692973825203740800 216.746403 0.000000
1692973825866577677 216.736125 0.000000
1692973827006243549 216.700829 0.000000
1692973829045872712 216.787353 0.000000
1692973829810809767 216.634264 0.000000
1692973829881492260 216.671091 0.000000
1692973830253005673 216.772990 0.000000
1692973830379023853 216.693673 0.000000
1692973831756829972 216.850753 0.000000
1692973832790398260 216.767124 0.000000
1692973832805504748 216.601780 0.000000
1692973833069889192 216.671922 0.000000
1692973833737416471 216.876015 0.000000
1692973835216077052 216.633481 0.000000
1692973837022638562 216.830951 0.000000
1692973837627233629 216.686226 0.000000
1692973838347106459 216.847863 0.000000
1692973838463986050 216.756913 0.000000
1692973838912727187 216.679406 0.000000
1692973838917756742 216.695458 0.000000
1692973839290107480 216.751216 0.000000
1692973839707667926 216.668815 0.000000
1692973839836417790 216.798140 0.000000
1692973839912961446 216.718289 0.000000
1692973840927250008 216.724756 0.000000
1692973842044784753 216.650159 0.000000
1692973842491071449 216.684999 0.000000
1692973842928292586 216.708033 0.000000
1692973843890289245 216.717404 0.000000
1692973844655453072 216.696293 0.000000
1692973844752441639 216.751904 0.000000
1692973844944494596 216.735609 0.000000
1692973845001378677 216.765213 0.000000
1692973846647790241 216.969823 0.000000
1692973846992050782 216.580738 0.000000
1692973847301214385 216.787927 0.000000
1692973847868368632 216.874013 0.000000
1692973849370513038 216.699355 0.000000
1692973849598369363 216.625523 0.000000
1692973849848729044 216.727561 0.000000
1692973850419063672 216.720939 0.000000
1692973850601229349 216.897294 0.000000
1692973853817860604 216.689110 0.000000
1692973853932148781 216.698888 0.000000
1692973854323444091 216.667536 0.000000
1692973856209552060 216.731822 0.000000
1692973856653558412 216.620812 0.000000
1692973856969564543 216.654005 0.000000
1692973856975305350 216.618081 0.000000
1692973857442619099 216.819217 0.000000
1692973858028305763 216.795542 0.000000
1692973859121115683 216.727558 0.000000
1692973859222198096 216.735175 0.000000
1692973859624818184 216.698996 0.000000
1692973859841497044 216.653019 0.000000
1692973860541536218 216.822566 0.000000
1692973860574072690 216.897173 0.000000
1692973861939833586 216.755431 0.000000
1692973865349789126 216.669360 0.000000
1692973866322378259 216.608175 0.000000
1692973866994114143 216.655386 0.000000
1692973867923795982 216.779338 0.000000
1692973869632052875 216.705248 0.000000
1692973870432100598 216.731461 0.000000
1692973871276822072 216.706701 0.000000
1692973871798834309 216.742263 0.000000
1692973872469443920 216.805322 0.000000
1692973873344896177 216.733278 0.000000
1692973873560714513 216.610028 0.000000
1692973876207801559 216.702518 0.000000
1692973877413767054 216.627044 0.000000
1692973877537726009 216.690131 0.000000
1692973880154156517 216.710096 0.000000
1692973881515392189 216.935269 0.000000
1692973883688399128 216.548082 0.000000
1692973884395202347 216.856552 0.000000
1692973885491478305 216.823030 0.000000
1692973886145360283 216.686155 0.000000
1692973886200848377 216.639847 0.000000
