1692973738089281875 294.736195 0.000000
1692973740260378173 294.780553 0.000000
1692973741252078444 294.781713 0.000000
1692973744019254979 294.651082 0.000000
1692973744671404137 294.898697 0.000000
1692973748547500220 294.934736 0.000000
1692973749341558231 294.733302 0.000000
1692973750150857420 294.932672 0.000000
1692973750734323616 294.742813 0.000000
1692973753658377761 294.712725 0.000000
1692973758145970558 294.811469 0.000000
1692973759726511422 294.806669 0.000000
1692973760567899450 294.736709 0.000000
1692973761140377414 294.773599 0.000000
1692973761308260764 294.709854 0.000000
1692973763851240584 294.775713 0.000000
1692973766648489040 294.655466 0.000000
1692973768832281318 294.747385 0.000000
1692973768976577561 294.728731 0.000000
1692973769856258971 294.560076 0.000000
1692973770150665369 294.994501 0.000000
1692973770270479046 294.654369 0.000000
1692973770853803307 294.814202 0.000000
1692973771417324688 294.751443 0.000000
1692973773274197143 294.624748 0.000000
1692973774323447639 294.611082 0.000000
1692973774448104912 294.853452 0.000000
1692973774467372433 294.623086 0.000000
1692973774622886084 294.832836 0.000000
1692973775300653629 294.814555 0.000000
1692973775579144446 294.716246 0.000000
1692973776928000980 294.839686 0.000000
1692973776939584527 294.596666 0.000000
1692973777516054288 294.806402 0.000000
1692973777894889552 294.826573 0.000000
1692973777955997349 294.637769 0.000000
1692973781985467504 294.694309 0.000000
1692973786159153942 294.668953 0.000000
1692973788330073683 294.713390 0.000000
1692973788453356220 294.657451 0.000000
1692973789030857434 294.718442 0.000000
1692973790025860348 294.813557 0.000000
1692973790609381728 294.745084 0.000000
1692973792192564635 294.869097 0.000000
1692973792671256742 294.794446 0.000000
1692973793156176640 294.866959 0.000000
1692973794975903025 294.753957 0.000000
1692973797492933918 294.726372 0.000000
1692973799664282260 294.786187 0.000000
1692973801754084872 294.694233 0.000000
1692973801762027371 294.741674 0.000000
1692973802348645672 294.800533 0.000000
1692973803039070844 294.756101 0.000000
1692973806823452010 294.648688 0.000000
1692973806956397996 294.673585 0.000000
1692973807551569822 294.692152 0.000000
1692973808993314754 294.686231 0.000000
1692973809389434856 294.808470 0.000000
1692973809396306999 294.659316 0.000000
1692973810261448838 294.759046 0.000000
1692973810769537238 294.706824 0.000000
1692973810844965736 294.734550 0.000000
1692973811164991547 294.665717 0.000000
1692973811361282993 295.196708 0.000000
1692973814755679725 294.776493 0.000000
1692973815583040126 294.745690 0.000000
1692973820779642101 294.674300 0.000000
1692973821254026205 294.784157 0.000000
1692973821532220237 294.632242 0.000000
1692973822133408935 294.663792 0.000000
1692973823726962229 294.658361 0.000000
1692973825664948740 294.774774 0.000000
1692973825836413921 294.609278 0.000000
1692973827899926653 294.775467 0.000000
1692973828262931700 294.619451 0.000000
1692973830043253960 294.798220 0.000000
1692973832043565446 294.604734 0.000000
1692973833013958106 294.679044 0.000000
1692973833151637696 294.888162 0.000000
1692973833304948581 294.846277 0.000000
1692973836333123734 294.620029 0.000000
1692973841307974274 294.661581 0.000000
1692973841392482461 294.633525 0.000000
1692973842612913575 294.684718 0.000000
1692973843341617310 294.611544 0.000000
1692973843941482387 294.672047 0.000000
1692973844524760785 294.664653 0.000000
1692973845907925288 294.767436 0.000000
1692973846221824978 294.677024 0.000000
1692973846951306041 294.645049 0.000000
1692973847099586064 294.817285 0.000000
1692973847213130567 294.790942 0.000000
1692973848098460069 294.701222 0.000000
1692973852013591041 294.593361 0.000000
1692973853030296059 294.691672 0.000000
1692973853458243582 294.843584 0.000000
1692973853815204602 294.851623 0.000000
1692973856483783466 294.669101 0.000000
1692973857342289924 294.761867 0.000000
1692973857900632439 294.834577 0.000000
1692973860085180155 294.793833 0.000000
1692973860108948200 294.669248 0.000000
1692973860806606498 294.778632 0.000000
1692973861021469409 294.942211 0.000000
1692973863194864705 294.813418 0.000000
1692973864710386698 294.644437 0.000000
1692973865587989188 294.774695 0.000000
1692973866839532867 294.669633 0.000000
1692973868236620841 294.634278 0.000000
1692973873811190359 295.514839 0.000000
1692973873883258939 295.417432 0.000000
1692973876265045461 294.740422 0.000000
1692973877425704138 294.778263 0.000000
1692973878441992997 294.701588 0.000000
1692973878589936435 294.656644 0.000000
1692973879158030788 294.752211 0.000000
1692973879296760857 294.801755 0.000000
1692973879365281106 294.829415 0.000000
1692973879458269126 294.614294 0.000000
1692973880414977282 294.860400 0.000000
1692973883399552681 294.842284 0.000000
1692973884661102482 294.910746 0.000000
