1692973738394231258 144.810105 0.000000
1692973739553335763 144.832723 0.000000
1692973740203978976 144.536372 0.000000
1692973740420599923 144.895503 0.000000
1692973742229851179 144.466699 0.000000
1692973742447733764 145.709857 0.000000
1692973743099214356 144.713619 0.000000
1692973744113330264 144.571116 0.000000
1692973744618090200 144.571903 0.000000
1692973745414700733 144.641171 0.000000
1692973746790270311 144.648009 0.000000
1692973748310030350 144.819489 0.000000
1692973748962290983 144.568814 0.000000
1692973749106237074 144.555769 0.000000
1692973749758136021 144.871150 0.000000
1692973751277928775 144.559125 0.000000
1692973751712038793 144.489388 0.000000
1692973752943722468 144.802519 0.000000
1692973753014954655 144.788546 0.000000
1692973753738284474 144.665298 0.000000
1692973753884291476 145.436590 0.000000
1692973755331705177 144.591522 0.000000
1692973756126670872 144.513615 0.000000
1692973757139093202 144.625648 0.000000
1692973757935916500 144.902347 0.000000
1692973758804771579 144.807478 0.000000
1692973758948827467 144.986901 0.000000
1692973758949343266 144.479271 0.000000
1692973760324389767 144.699530 0.000000
1692973760540836614 144.651032 0.000000
1692973761263784299 144.639142 0.000000
1692973762133746842 144.706919 0.000000
1692973762566648758 144.670439 0.000000
1692973762856660345 144.567729 0.000000
1692973763290914739 144.649405 0.000000
1692973763508551603 144.951816 0.000000
1692973764809712849 144.641345 0.000000
1692973764811141031 144.669775 0.000000
1692973764955326113 144.607692 0.000000
1692973765317379234 144.479563 0.000000
1692973766692374709 144.929679 0.000000
1692973767487643967 144.637127 0.000000
1692973767488724184 144.472017 0.000000
1692973767921930195 144.427969 0.000000
1692973768210240778 144.643569 0.000000
1692973771034107921 144.544582 0.000000
1692973771396083267 144.649889 0.000000
1692973771902936304 144.641464 0.000000
1692973772987582556 144.542775 0.000000
1692973773639867443 144.796898 0.000000
1692973774146266374 144.636860 0.000000
1692973774290944305 144.658901 0.000000
1692973774941429015 144.709275 0.000000
1692973775810526305 144.630380 0.000000
1692973776245045961 144.657821 0.000000
1692973776968769888 144.721093 0.000000
1692973778271230475 144.442970 0.000000
1692973779065859801 144.656602 0.000000
1692973779211079420 144.573049 0.000000
1692973779790387774 144.492777 0.000000
1692973780225028115 144.738345 0.000000
1692973780658596910 144.573642 0.000000
1692973783337047783 144.529625 0.000000
1692973783769703082 144.559029 0.000000
1692973783771484835 144.473715 0.000000
1692973783915175573 144.683389 0.000000
1692973784276881088 144.497521 0.000000
1692973784277815975 144.507695 0.000000
1692973784712117317 144.549758 0.000000
1692973785363253991 144.552681 0.000000
1692973785434755528 144.754823 0.000000
1692973786086400768 144.969617 0.000000
1692973786592685952 144.591324 0.000000
1692973786809769434 144.715487 0.000000
1692973786954471454 144.678314 0.000000
1692973787316001162 144.583153 0.000000
1692973788836990394 144.444431 0.000000
1692973789126665596 144.554253 0.000000
1692973789343866004 144.954130 0.000000
1692973789995206112 144.624697 0.000000
1692973790139169036 144.734710 0.000000
1692973791295960415 144.653691 0.000000
1692973791441556966 144.691951 0.000000
1692973792236925407 144.610680 0.000000
1692973792237973392 144.618029 0.000000
1692973792961914168 144.651394 0.000000
1692973793468352134 144.665532 0.000000
1692973794335912353 144.632288 0.000000
1692973794408011732 144.631393 0.000000
1692973795278085448 144.534912 0.000000
1692973796219078906 144.617236 0.000000
1692973796797310470 144.689435 0.000000
1692973797157683224 144.782608 0.000000
1692973797519474532 144.735713 0.000000
1692973797954822533 144.650950 0.000000
1692973798967343133 144.577274 0.000000
1692973799256835494 144.811317 0.000000
1692973799401509079 144.648497 0.000000
1692973799476121005 144.657708 0.000000
1692973800487737466 144.848694 0.000000
1692973800995687928 144.512391 0.000000
1692973801429869728 144.727773 0.000000
1692973803455247891 144.563891 0.000000
1692973803817128652 144.625391 0.000000
1692973803891147817 144.616681 0.000000
1692973804324575837 144.498000 0.000000
1692973804685306146 144.837036 0.000000
1692973805265297424 144.923289 0.000000
1692973806493723675 144.649466 0.000000
1692973806567728057 144.725974 0.000000
1692973808086109391 144.688060 0.000000
1692973808087416105 144.670319 0.000000
1692973810329439445 144.595326 0.000000
1692973810475426681 144.647189 0.000000
1692973810765257231 144.627794 0.000000
1692973811125186539 144.512968 0.000000
1692973812646038883 144.565597 0.000000
1692973813514818745 144.536164 0.000000
1692973813948752005 144.693597 0.000000
1692973814238005221 144.492032 0.000000
1692973814672247235 144.607091 0.000000
1692973814815994792 144.669617 0.000000
1692973815250471642 144.570547 0.000000
1692973815756741365 144.633183 0.000000
1692973816554446540 144.880571 0.000000
1692973816843736564 144.538548 0.000000
1692973817495281278 144.720955 0.000000
1692973817784705653 144.627617 0.000000
1692973817929492125 144.540551 0.000000
1692973818217435654 144.631508 0.000000
1692973818435571682 144.573517 0.000000
1692973819159687412 144.603779 0.000000
1692973820389554354 144.709764 0.000000
1692973820750233579 144.639283 0.000000
1692973821111840675 144.653095 0.000000
1692973822415786343 144.565454 0.000000
1692973822486874488 144.629148 0.000000
1692973822777325299 144.483092 0.000000
1692973822849494863 144.779742 0.000000
1692973822921886217 145.064402 0.000000
1692973823645541648 144.499070 0.000000
1692973823934062606 144.681977 0.000000
1692973824007401219 144.455719 0.000000
1692973824513169987 144.662503 0.000000
1692973825308712704 144.566270 0.000000
1692973826034208211 144.728151 0.000000
1692973827191892533 144.689410 0.000000
1692973828277694239 144.750053 0.000000
1692973828278062763 144.607075 0.000000
1692973828349020694 144.636874 0.000000
1692973828784051502 144.917883 0.000000
1692973829652919989 144.672305 0.000000
1692973829796767630 144.578272 0.000000
1692973829869789694 144.675304 0.000000
1692973830375637084 144.723635 0.000000
1692973830593285060 144.505435 0.000000
1692973831677031711 144.726778 0.000000
1692973831894723892 144.609810 0.000000
1692973831966462414 144.624178 0.000000
1692973834210933617 144.603314 0.000000
1692973834646118141 144.523088 0.000000
1692973836020255806 144.821389 0.000000
1692973836382193662 144.738226 0.000000
1692973837180077432 144.614104 0.000000
1692973837251587655 144.594995 0.000000
1692973837397325354 145.000028 0.000000
1692973838337500112 144.519860 0.000000
1692973838771960830 144.635230 0.000000
1692973839137672257 144.675857 0.000000
1692973839355494217 144.947735 0.000000
1692973840079610120 144.806568 0.000000
1692973840948638079 144.719304 0.000000
1692973841453742904 144.723670 0.000000
1692973841454342152 144.450754 0.000000
1692973842323571457 144.675440 0.000000
1692973842395495637 144.813357 0.000000
1692973842685595107 144.657725 0.000000
1692973843698277186 144.431339 0.000000
1692973846085900018 144.536859 0.000000
1692973846448175962 144.626421 0.000000
1692973848474850085 144.480324 0.000000
1692973849053007133 144.472422 0.000000
1692973849778261271 144.558031 0.000000
1692973850212158539 144.577895 0.000000
1692973850718909119 144.815537 0.000000
1692973851730241150 144.630846 0.000000
1692973852961405185 145.206654 0.000000
1692973853612736033 144.862799 0.000000
1692973853975372785 144.622058 0.000000
1692973854192632671 144.630014 0.000000
1692973854699589386 144.596250 0.000000
1692973854916849080 145.026338 0.000000
1692973855061415494 144.682890 0.000000
1692973855206319232 144.724019 0.000000
1692973855569493417 144.648303 0.000000
1692973856797245568 144.662978 0.000000
1692973858319362025 144.599665 0.000000
1692973858896643664 144.514494 0.000000
1692973859042703859 144.563164 0.000000
1692973859258140022 144.583599 0.000000
1692973859548870400 144.542489 0.000000
1692973859691858740 144.645012 0.000000
1692973859765773449 144.534400 0.000000
1692973861502543635 144.592954 0.000000
1692973862515816353 144.640007 0.000000
1692973864035638111 144.895448 0.000000
1692973864397117081 144.464090 0.000000
1692973864904347482 144.579970 0.000000
1692973864975781508 144.754026 0.000000
1692973865120296179 144.814484 0.000000
1692973867219266064 144.502029 0.000000
1692973868306193744 144.614593 0.000000
1692973868450711421 144.509985 0.000000
1692973868957065239 144.553590 0.000000
1692973869246721597 144.768830 0.000000
1692973870331370559 144.562587 0.000000
1692973872576951872 144.742148 0.000000
1692973874241110075 144.662270 0.000000
1692973874530845640 144.572837 0.000000
1692973877931587352 144.525263 0.000000
1692973878800048754 144.832431 0.000000
1692973878945764232 145.292967 0.000000
1692973879307783635 144.891691 0.000000
1692973882708615835 144.699413 0.000000
1692973882780905124 144.610897 0.000000
1692973883938834549 144.854271 0.000000
1692973884445708765 144.810274 0.000000
1692973884952958111 144.520724 0.000000
1692973885458706207 144.539863 0.000000
1692973886472668063 144.849641 0.000000
