1692973738395227535 112.478150 147.372004 146 16 0.000000
1692973739406198605 111.272591 132.545817 134 16 0.000000
1692973740349980773 106.385322 159.994547 151 16 0.000000
1692973741362962144 111.174892 147.090564 149 16 0.000000
1692973742376030422 110.567927 144.116654 146 16 0.000000
1692973743389372794 108.318529 147.038175 149 16 0.000000
1692973744403190512 107.849285 146.969220 149 16 0.000000
1692973745415049852 106.314081 147.253671 149 16 0.000000
1692973746356698396 109.531879 150.799357 142 16 0.000000
1692973747369778765 108.064337 148.063275 150 16 0.000000
1692973748383634059 110.333909 146.963780 149 16 0.000000
1692973749396673814 107.572267 148.069214 150 16 0.000000
1692973750410392702 114.059384 137.118884 139 16 0.000000
1692973751423801377 108.784006 147.028536 149 16 0.000000
1692973752364667563 111.707447 146.673358 138 16 0.000000
1692973753378011427 104.804514 151.972103 154 16 0.000000
1692973754391836574 104.319177 151.899938 154 16 0.000000
1692973755404689724 110.780459 143.159966 145 16 0.000000
1692973756417738812 108.960281 150.042083 152 16 0.000000
1692973757431097234 109.270460 145.062203 147 16 0.000000
1692973758370135880 109.576428 142.699132 134 16 0.000000
1692973759384002237 108.312773 148.934817 151 16 0.000000
1692973760397262246 111.953797 146.063201 148 16 0.000000
1692973761410518791 107.829223 149.024426 151 16 0.000000
1692973762423716076 111.590116 140.150418 142 16 0.000000
1692973763437124240 109.770483 147.028613 149 16 0.000000
1692973764377980892 113.777243 139.234817 131 16 0.000000
1692973765390682434 109.954774 148.118661 150 16 0.000000
1692973766403806275 109.710862 147.069883 149 16 0.000000
1692973767418050003 111.299068 142.963661 145 16 0.000000
1692973768430879469 106.549106 146.125293 148 16 0.000000
1692973769443248359 107.596548 150.142873 152 16 0.000000
1692973770455326994 110.030167 142.281435 144 16 0.000000
1692973771396309675 113.385949 142.404341 134 16 0.000000
1692973772409839904 113.274673 143.064313 145 16 0.000000
1692973773422901553 108.520870 148.066013 150 16 0.000000
1692973774436081924 108.789086 147.061673 149 16 0.000000
1692973775449491850 110.534528 144.068059 146 16 0.000000
1692973776463303079 105.530311 152.888423 155 16 0.000000
1692973777403498053 106.218502 149.968893 141 16 0.000000
1692973778416334397 112.016788 142.174993 144 16 0.000000
1692973779430345643 111.490004 143.982601 146 16 0.000000
1692973780442550964 112.896199 139.299819 141 16 0.000000
1692973781455684443 106.180154 152.003668 154 16 0.000000
1692973782468516836 106.159964 152.048850 154 16 0.000000
1692973783410227972 106.524136 148.665531 140 16 0.000000
1692973784423024341 111.742774 143.167983 145 16 0.000000
1692973785435868114 110.972172 146.123227 148 16 0.000000
1692973786449444408 110.559864 144.044414 146 16 0.000000
1692973787463157129 107.606758 147.970912 150 16 0.000000
1692973788475306322 112.221450 143.259500 145 16 0.000000
1692973789416105444 106.959237 148.809676 140 16 0.000000
1692973790429637316 104.373134 153.917212 156 16 0.000000
1692973791442396922 113.398053 139.223560 141 16 0.000000
1692973792455585582 107.093275 148.047454 150 16 0.000000
1692973793468664808 107.839031 152.998892 155 16 0.000000
1692973794481716126 109.728502 145.106175 147 16 0.000000
1692973795494170513 109.341815 139.265526 141 16 0.000000
1692973796436072563 109.799905 151.820462 143 16 0.000000
1692973797448791173 116.036437 137.254310 139 16 0.000000
1692973798462327709 107.857209 148.983277 151 16 0.000000
1692973799476121005 111.784488 144.999985 147 16 0.000000
1692973800489355847 109.809386 143.106007 145 16 0.000000
1692973801502417993 111.244465 145.104631 147 16 0.000000
1692973802443583744 105.736704 149.814206 141 16 0.000000
1692973803457153361 105.702443 151.938236 154 16 0.000000
1692973804469108849 111.201184 145.263327 147 16 0.000000
1692973805482452417 105.679718 149.998482 152 16 0.000000
1692973806495616218 108.783635 145.090066 147 16 0.000000
1692973807508897861 116.468773 139.151824 141 16 0.000000
1692973808449194764 106.227049 152.079635 143 16 0.000000
1692973809461887509 111.236707 143.182617 145 16 0.000000
1692973810475898868 107.883802 148.913499 151 16 0.000000
1692973811489464264 105.259843 151.938913 154 16 0.000000
1692973812501697986 103.782877 150.162948 152 16 0.000000
1692973813514847161 117.975530 139.170028 141 16 0.000000
1692973814526021408 113.675193 131.530220 133 15 0.000000
1692973815468701426 106.342580 158.060007 149 16 0.000000
1692973816482128730 109.068945 148.012612 150 16 0.000000
1692973817495281278 106.191865 152.000803 154 16 0.000000
1692973818508632411 104.980179 150.984170 153 16 0.000000
1692973819522154131 103.496376 155.892085 158 16 0.000000
1692973820534715089 107.552276 146.164038 148 16 0.000000
1692973821475426191 111.989150 143.508461 135 16 0.000000
1692973822488546072 108.783342 147.070458 149 16 0.000000
1692973823501994954 110.959867 148.009438 150 16 0.000000
1692973824514792205 110.011216 142.180481 144 16 0.000000
1692973825527867729 103.952527 155.960731 158 16 0.000000
1692973826540776223 111.044640 142.164866 144 16 0.000000
1692973827481933522 109.601068 148.753024 140 16 0.000000
1692973828495320717 106.831416 147.031649 149 16 0.000000
1692973829508211975 110.736731 145.129095 147 16 0.000000
1692973830521157484 107.055550 148.083013 150 16 0.000000
1692973831534218723 112.792675 141.156300 143 16 0.000000
1692973832547362224 108.816185 147.067049 149 16 0.000000
1692973833488741526 108.846825 149.780222 141 16 0.000000
1692973834501751221 111.049697 142.150663 144 16 0.000000
1692973835515108090 108.794607 147.036057 149 16 0.000000
1692973836528589039 103.671826 152.938249 155 16 0.000000
1692973837542234842 111.540765 146.007609 148 16 0.000000
1692973838557506628 109.056321 145.773748 148 16 0.000000
1692973839500917136 110.321769 147.337777 139 16 0.000000
1692973840514014734 110.786428 143.125419 145 16 0.000000
1692973841527382356 112.313258 143.087265 145 16 0.000000
1692973842540922422 112.798783 143.062916 145 16 0.000000
1692973843553856502 110.006958 144.135737 146 16 0.000000
1692973844566908858 108.018022 146.093135 148 16 0.000000
1692973845507694831 110.931907 145.622921 137 16 0.000000
1692973846520952754 109.276208 145.076570 147 16 0.000000
1692973847534533290 102.891471 156.869651 159 16 0.000000
1692973848547536613 111.276648 143.138720 145 16 0.000000
1692973849561281796 109.775761 145.006843 147 16 0.000000
1692973850574090180 112.718900 145.140999 147 16 0.000000
1692973851514866948 114.398637 137.120720 129 16 0.000000
1692973852528359053 111.339422 141.096314 143 16 0.000000
1692973853541969355 106.742277 153.905302 156 16 0.000000
1692973854554961482 108.061701 146.101823 148 16 0.000000
1692973855569791442 108.866081 146.822623 149 16 0.000000
1692973856581965100 108.010289 148.195922 150 16 0.000000
1692973857593786598 109.071332 140.340933 142 16 0.000000
1692973858536255505 111.838523 151.729179 143 16 0.000000
1692973859549987685 110.277923 145.008715 147 16 0.000000
1692973860562739607 112.591248 140.212026 142 16 0.000000
1692973861576138911 108.313609 149.003457 151 16 0.000000
1692973862589322879 108.077158 148.048115 150 16 0.000000
1692973863601895877 107.549071 148.137491 150 16 0.000000
1692973864542928487 109.583933 146.647416 138 16 0.000000
1692973865556119281 111.272975 145.086194 147 16 0.000000
1692973866569221738 110.263834 143.124718 145 16 0.000000
1692973867582191087 106.390098 151.041095 153 16 0.000000
1692973868595745477 105.696080 149.967276 152 16 0.000000
1692973869608628451 114.931905 139.206613 141 16 0.000000
1692973870549557594 106.542970 153.040217 144 16 0.000000
1692973871562882316 106.648575 150.001275 152 16 0.000000
1692973872577086025 109.828786 144.941296 147 16 0.000000
1692973873589705981 108.545291 148.130598 150 16 0.000000
1692973874603703757 111.848456 141.025950 143 16 0.000000
1692973875616221767 108.738611 147.157873 149 16 0.000000
1692973876557723948 113.262891 141.263617 133 16 0.000000
1692973877570850912 108.045079 148.056468 150 16 0.000000
1692973878583798234 109.977603 146.108288 148 16 0.000000
1692973879597526581 112.328541 143.036340 145 16 0.000000
1692973880610733088 113.306922 143.110013 145 16 0.000000
1692973881624216882 111.367529 141.097482 143 16 0.000000
1692973882565220987 113.371593 142.401078 134 16 0.000000
1692973883577482177 114.243918 136.328451 138 16 0.000000
1692973884591030612 110.502978 147.994901 150 16 0.000000
1692973885604949495 108.565102 147.940822 150 16 0.000000
1692973886617840218 106.377585 149.078256 151 16 0.000000
