1692973739208726850 169.557847 93.545537 93 16 0.000000
1692973740194520550 180.549674 91.296998 90 16 0.000000
1692973741215213428 184.736365 84.256493 86 16 0.000000
1692973742218145560 182.983080 86.745660 87 16 0.000000
1692973743196882771 182.599806 88.890040 87 16 0.000000
1692973744217036559 179.759845 90.182495 92 16 0.000000
1692973745219090073 181.423420 86.821690 87 16 0.000000
1692973746212643207 191.163609 85.551551 85 16 0.000000
1692973747221552151 173.054273 89.205276 90 16 0.000000
1692973748214686396 196.699041 81.559964 81 16 0.000000
1692973749216565403 178.587486 92.825597 93 16 0.000000
1692973750217407594 178.634416 86.926783 87 16 0.000000
1692973751225779346 180.050032 86.277690 87 16 0.000000
1692973752226470684 183.402318 89.937829 90 16 0.000000
1692973753227102620 183.034992 86.945050 87 16 0.000000
1692973754216871364 177.168969 89.920001 89 16 0.000000
1692973755198118465 183.538121 87.643584 86 16 0.000000
1692973756199890018 182.754985 88.842615 89 16 0.000000
1692973757233030526 181.373768 88.080938 91 16 0.000000
1692973758228250770 177.337996 89.427441 89 16 0.000000
1692973759229160777 186.915558 84.922721 85 16 0.000000
1692973760235711784 184.342824 86.433784 87 16 0.000000
1692973761237797810 174.826541 94.802239 95 16 0.000000
1692973762218218420 183.333822 87.717441 86 16 0.000000
1692973763219192076 177.111589 86.915374 87 16 0.000000
1692973764236805604 195.592940 83.528764 85 16 0.000000
1692973765227615895 173.263606 91.844029 91 16 0.000000
1692973766228079929 194.245155 79.962886 80 16 0.000000
1692973767235160589 185.333649 90.360190 91 16 0.000000
1692973768235968189 182.598615 86.929793 87 16 0.000000
1692973769237537073 177.866161 89.859023 90 16 0.000000
1692973770231808725 192.731368 80.460921 80 16 0.000000
1692973771244808896 180.054397 91.806487 93 16 0.000000
1692973772246966383 177.340851 88.808397 89 16 0.000000
1692973773253154595 186.856522 84.477236 85 16 0.000000
1692973774253551754 184.003483 87.965075 88 16 0.000000
1692973775216495015 175.076396 91.386470 88 16 0.000000
1692973776249905802 186.931792 84.187252 87 16 0.000000
1692973777248987312 174.878022 93.085498 93 16 0.000000
1692973778241472594 179.505743 88.666303 88 16 0.000000
1692973779228061082 179.184082 91.223441 90 16 0.000000
1692973780258391443 183.431612 85.409489 88 16 0.000000
1692973781259111778 191.980130 83.939544 84 16 0.000000
1692973782236980182 190.989700 83.855857 82 16 0.000000
1692973783253209347 186.051949 88.562710 90 16 0.000000
1692973784259888686 179.818322 84.436011 85 16 0.000000
1692973785244676754 189.127965 85.297551 84 16 0.000000
1692973786266959724 178.038757 88.038242 90 16 0.000000
1692973787268360793 185.371675 86.878282 87 16 0.000000
1692973788253709901 201.063487 80.174634 79 16 0.000000
1692973789271616070 179.357736 86.451957 88 16 0.000000
1692973790262273710 185.994819 88.829902 88 16 0.000000
1692973791253103496 197.570150 83.768172 83 16 0.000000
1692973792272454480 181.979232 82.405363 84 16 0.000000
1692973793268785538 173.906233 95.349831 95 16 0.000000
1692973794272942177 183.830451 90.623318 91 16 0.000000
1692973795238855920 173.110938 90.070158 87 16 0.000000
1692973796277693035 166.446821 93.373622 97 16 0.000000
1692973797282139682 186.165952 87.610440 88 16 0.000000
1692973798247910962 190.185071 83.870783 81 16 0.000000
1692973799268635206 175.548478 88.172688 90 16 0.000000
1692973800268446085 194.829909 84.015889 84 16 0.000000
1692973801257321488 192.831232 83.933735 83 16 0.000000
1692973802284157121 179.171192 87.647917 90 16 0.000000
1692973803276963482 183.360843 90.652122 90 16 0.000000
1692973804262630032 172.517180 91.308757 90 16 0.000000
1692973805287099102 188.077240 84.922037 87 16 0.000000
1692973806285527698 176.833085 90.141641 90 16 0.000000
1692973807289665737 181.388293 90.624997 91 16 0.000000
1692973808252419784 187.618747 84.133636 81 16 0.000000
1692973809291323518 178.061386 86.629779 90 16 0.000000
1692973810296080454 193.415703 83.602310 84 16 0.000000
1692973811262055234 180.528015 89.029239 86 16 0.000000
1692973812284932731 193.105096 84.076548 86 16 0.000000
1692973813288928941 183.273508 87.649724 88 16 0.000000
1692973814270990843 176.156381 90.625654 89 16 0.000000
1692973815294273213 184.622426 85.997780 88 16 0.000000
1692973816298220643 179.393375 89.646113 90 16 0.000000
1692973817281258720 172.707310 93.587422 92 16 0.000000
1692973818303758997 189.518324 85.085565 87 16 0.000000
1692973819303303363 189.741264 82.037368 82 16 0.000000
1692973820277958680 180.548314 90.288343 88 16 0.000000
1692973821303532417 177.213749 86.780679 89 16 0.000000
1692973822286309120 173.424309 94.629838 93 16 0.000000
1692973823287420667 175.594979 93.895631 94 16 0.000000
1692973824275136313 188.071956 83.019858 82 16 0.000000
1692973825301838298 178.271003 89.607290 92 16 0.000000
1692973826296693320 182.549810 89.460282 89 16 0.000000
1692973827304282821 172.527844 89.322083 90 16 0.000000
1692973828310892609 187.491897 85.435297 86 16 0.000000
1692973829305813542 168.002157 96.490086 96 16 0.000000
1692973830312838165 189.686638 83.414042 84 16 0.000000
1692973831313229333 178.679744 88.965207 89 16 0.000000
1692973832303994913 177.414024 91.848156 91 16 0.000000
1692973833302953059 189.942883 85.088635 85 16 0.000000
1692973834321262777 188.515877 81.507626 83 16 0.000000
1692973835313428918 173.552967 95.750108 95 16 0.000000
1692973836319186089 189.492448 83.519152 84 16 0.000000
1692973837311078750 185.320384 82.670246 82 16 0.000000
1692973838322644305 176.695668 92.925251 94 16 0.000000
1692973839322551828 181.642950 89.008238 89 16 0.000000
1692973840301692198 189.781976 83.746928 82 16 0.000000
1692973841327823601 184.359807 88.682609 91 16 0.000000
1692973842314366525 178.684933 90.214009 89 16 0.000000
1692973843310312669 185.696486 85.345981 85 16 0.000000
1692973844327242269 175.424697 92.435120 94 16 0.000000
1692973845321047258 192.243660 81.504915 81 16 0.000000
1692973846319453044 177.695205 89.142117 89 16 0.000000
1692973847335944645 182.917498 87.556056 89 16 0.000000
1692973848332253218 180.049778 89.329755 89 16 0.000000
1692973849309694889 185.099187 87.984788 86 16 0.000000
1692973850291873786 178.460338 88.578569 87 16 0.000000
1692973851335565146 182.493976 87.190532 91 16 0.000000
1692973852330564349 191.994709 83.417158 83 16 0.000000
1692973853317370956 193.476379 80.056209 79 16 0.000000
1692973854330240246 181.387812 89.843766 91 16 0.000000
1692973855326957372 176.981166 92.303034 92 16 0.000000
1692973856319549193 180.910022 86.641847 86 16 0.000000
1692973857340721992 185.997029 86.175438 88 16 0.000000
1692973858321696967 175.812392 90.726052 89 16 0.000000
1692973859320797176 181.861038 90.081062 90 16 0.000000
1692973860349957367 170.484137 91.336601 94 16 0.000000
1692973861346809814 178.584053 91.287335 91 16 0.000000
1692973862330340171 187.279384 86.423357 85 16 0.000000
1692973863343317553 180.528215 86.872633 88 16 0.000000
1692973864355353248 181.226558 85.965335 87 16 0.000000
1692973865339947689 181.377999 90.392562 89 16 0.000000
1692973866353168830 182.049365 88.825600 90 16 0.000000
1692973867344064420 168.596469 93.854509 93 16 0.000000
1692973868344807320 182.035778 89.933193 90 16 0.000000
1692973869359139378 191.672862 78.869616 80 16 0.000000
1692973870355263802 173.713652 97.377406 97 16 0.000000
1692973871353483432 179.677859 84.149814 84 16 0.000000
1692973872362287243 202.239107 80.293117 81 16 0.000000
1692973873363375000 179.849882 88.903296 89 16 0.000000
1692973874359995930 189.124466 86.291589 86 16 0.000000
1692973875323000944 182.679707 88.265372 85 16 0.000000
1692973876359016133 178.258653 88.801789 92 16 0.000000
1692973877335730066 190.931091 86.002662 84 16 0.000000
1692973878362233260 172.688011 89.624665 92 16 0.000000
1692973879368027811 185.379415 86.498774 87 16 0.000000
1692973880365269102 181.402094 87.240671 87 16 0.000000
1692973881372109854 188.496888 84.422489 85 16 0.000000
1692973882359684610 194.304375 84.044263 83 16 0.000000
1692973883355015860 178.552350 91.426855 91 16 0.000000
1692973884371005950 182.659367 83.662241 85 16 0.000000
1692973885368763546 185.559786 87.195518 87 16 0.000000
1692973886363800119 184.629544 88.438974 88 16 0.000000
1692973887364061787 189.326726 81.978537 82 16 0.000000
