1692973739339055157 148.720949 109.370855 108 16 0.000000
1692973740352881974 141.874608 112.445238 114 16 0.000000
1692973741327454157 146.667707 109.791764 107 16 0.000000
1692973742336574999 155.769980 104.050968 105 16 0.000000
1692973743352518548 150.907272 107.289441 109 16 0.000000
1692973744341347017 152.055629 102.141057 101 16 0.000000
1692973745356795966 151.127616 105.372113 107 16 0.000000
1692973746355265638 141.277613 112.171660 112 16 0.000000
1692973747347133848 146.847531 109.893631 109 16 0.000000
1692973748362614671 144.012367 109.307826 111 16 0.000000
1692973749353721916 144.452072 116.031842 115 16 0.000000
1692973750359035910 148.571303 104.444981 105 16 0.000000
1692973751357397341 142.151018 113.185479 113 16 0.000000
1692973752366051987 141.771448 111.038979 112 16 0.000000
1692973753362669333 140.383328 116.393737 116 16 0.000000
1692973754339480933 135.973048 117.729946 115 16 0.000000
1692973755355041926 133.509716 120.130653 122 16 0.000000
1692973756362235447 136.837788 116.164369 117 16 0.000000
1692973757361379057 136.679800 117.100283 117 16 0.000000
1692973758374151559 137.843333 116.511869 118 16 0.000000
1692973759370750129 143.210999 111.378831 111 16 0.000000
1692973760358791095 141.561973 112.343520 111 16 0.000000
1692973761366126678 140.081118 115.155269 116 16 0.000000
1692973762372786806 145.425281 113.245771 114 16 0.000000
1692973763379302350 145.507431 109.287945 110 16 0.000000
1692973764378188874 145.578616 106.118144 106 16 0.000000
1692973765384869659 136.010597 116.223534 117 16 0.000000
1692973766382725623 143.793387 113.242797 113 16 0.000000
1692973767375828958 145.034468 111.770855 111 16 0.000000
1692973768381727223 147.013565 109.354983 110 16 0.000000
1692973769388430020 148.211177 104.300908 105 16 0.000000
1692973770379436560 138.639875 117.052698 116 16 0.000000
1692973771368975400 133.797171 119.247478 118 16 0.000000
1692973772384664661 141.593799 113.223592 115 16 0.000000
1692973773386589370 139.295568 113.781020 114 16 0.000000
1692973774395399274 139.950184 115.978228 117 16 0.000000
1692973775390172813 139.168933 117.614708 117 16 0.000000
1692973776397055257 137.575504 114.213946 115 16 0.000000
1692973777384223228 144.128321 110.416870 109 16 0.000000
1692973778399506802 146.134671 106.374213 108 16 0.000000
1692973779387556385 141.235388 118.415117 117 16 0.000000
1692973780402983135 141.272757 113.252880 115 16 0.000000
1692973781391860670 132.712702 117.304722 116 16 0.000000
1692973782396049773 140.939855 114.520256 115 16 0.000000
1692973783405376404 148.537375 106.011260 107 16 0.000000
1692973784402475168 139.452423 116.337520 116 16 0.000000
1692973785406431931 130.774363 119.527064 120 16 0.000000
1692973786402153016 144.090579 113.485608 113 16 0.000000
1692973787400604563 139.436447 116.179904 116 16 0.000000
1692973788411171786 137.449580 113.797473 115 16 0.000000
1692973789413822467 147.205606 109.709183 110 16 0.000000
1692973790391291474 145.761356 108.443335 106 16 0.000000
1692973791406378076 148.339907 107.380001 109 16 0.000000
1692973792418457990 150.375233 107.699005 109 16 0.000000
1692973793403641497 143.895086 112.669365 111 16 0.000000
1692973794416466477 138.610200 114.531153 116 16 0.000000
1692973795414962583 137.254073 115.173196 115 16 0.000000
1692973796423785414 137.813166 116.968011 118 16 0.000000
1692973797404887543 133.386770 122.311441 120 16 0.000000
1692973798415706280 147.500130 107.833378 109 16 0.000000
1692973799424103749 136.834684 118.009008 119 16 0.000000
1692973800428954557 143.515575 109.469004 110 16 0.000000
1692973801430651089 137.424951 114.805226 115 16 0.000000
1692973802425614799 141.360577 113.571966 113 16 0.000000
1692973803429259731 140.102060 113.585987 114 16 0.000000
1692973804422741876 139.429541 116.761030 116 16 0.000000
1692973805431660439 135.710936 118.939251 120 16 0.000000
1692973806436698169 136.398760 115.418543 116 16 0.000000
1692973807433441553 138.483207 114.372463 114 16 0.000000
1692973808434092270 133.531404 120.921327 121 16 0.000000
1692973809438320309 143.202391 110.532648 111 16 0.000000
1692973810424596120 138.614449 117.614163 116 16 0.000000
1692973811440027165 145.496571 108.328382 110 16 0.000000
1692973812441530647 140.898968 113.828856 114 16 0.000000
1692973813430959118 137.483773 118.250087 117 16 0.000000
1692973814446803309 141.729234 112.221950 114 16 0.000000
1692973815445784286 140.869301 111.113207 111 16 0.000000
1692973816447006909 136.162591 119.853468 120 16 0.000000
1692973817442195461 136.892691 116.560841 116 16 0.000000
1692973818436460619 144.514743 110.634467 110 16 0.000000
1692973819452228556 133.601534 121.090640 123 16 0.000000
1692973820448345034 135.827945 115.448356 115 16 0.000000
1692973821450778443 132.726234 121.703853 122 16 0.000000
1692973822446290473 150.117785 106.477853 106 16 0.000000
1692973823446939540 138.223731 116.924111 117 16 0.000000
1692973824460193281 135.724958 115.469596 117 16 0.000000
1692973825441825639 137.674332 118.170514 116 16 0.000000
1692973826457795440 143.133987 111.223785 113 16 0.000000
1692973827452243725 132.663674 120.669915 120 16 0.000000
1692973828464566854 134.610588 119.527067 121 16 0.000000
1692973829463045160 138.653381 114.173742 114 16 0.000000
1692973830463059725 145.253399 111.998362 112 16 0.000000
1692973831463119420 143.222508 110.993363 111 16 0.000000
1692973832457242683 135.087632 117.691641 117 16 0.000000
1692973833468369997 140.410496 112.745459 114 16 0.000000
1692973834466486799 145.202349 112.211313 112 16 0.000000
1692973835463731570 136.096013 113.312192 113 16 0.000000
1692973836464220342 140.868268 115.943333 116 16 0.000000
1692973837475656647 141.281497 113.699690 115 16 0.000000
1692973838460510523 142.215413 112.707097 111 16 0.000000
1692973839469275495 139.376852 114.992092 116 16 0.000000
1692973840468482907 133.192904 121.095979 121 16 0.000000
1692973841483021995 140.415299 112.366297 114 16 0.000000
1692973842483439031 138.482878 115.951630 116 16 0.000000
1692973843482103393 144.188935 111.148454 111 16 0.000000
1692973844479566017 137.205076 116.295084 116 16 0.000000
1692973845454957488 135.629330 118.926609 116 16 0.000000
1692973846488452706 137.701039 112.240481 116 16 0.000000
1692973847468589170 137.985460 118.350867 116 16 0.000000
1692973848484277881 140.817323 116.177341 118 16 0.000000
1692973849482750913 132.572306 117.178930 117 16 0.000000
1692973850480715361 144.249115 112.228441 112 16 0.000000
1692973851495874072 141.083760 112.297718 114 16 0.000000
1692973852491065026 143.137828 113.546028 113 16 0.000000
1692973853488235165 143.302594 109.309337 109 16 0.000000
1692973854486551705 142.752451 112.188864 112 16 0.000000
1692973855484038857 142.512822 114.287198 114 16 0.000000
1692973856482412806 143.307928 113.184031 113 16 0.000000
1692973857498163020 130.179309 120.108269 122 16 0.000000
1692973858491953345 137.680765 116.724826 116 16 0.000000
1692973859491034223 141.111942 112.103046 112 16 0.000000
1692973860507229232 135.705333 118.087559 120 16 0.000000
1692973861504940273 143.486178 114.261554 114 16 0.000000
1692973862500738190 135.274646 116.489499 116 16 0.000000
1692973863499195583 134.375303 122.188473 122 16 0.000000
1692973864512651491 135.698161 115.446580 117 16 0.000000
1692973865510636197 137.986414 116.234227 116 16 0.000000
1692973866508941284 137.962900 114.193565 114 16 0.000000
1692973867505204475 132.914687 121.453839 121 16 0.000000
1692973868500947041 137.281277 115.491691 115 16 0.000000
1692973869516373600 145.903314 110.298490 112 16 0.000000
1692973870514710019 140.065766 114.189963 114 16 0.000000
1692973871510934397 138.784067 116.439632 116 16 0.000000
1692973872510091044 141.077414 112.094539 112 16 0.000000
1692973873524205011 138.630026 114.385565 116 16 0.000000
1692973874520600910 142.202750 114.412353 114 16 0.000000
1692973875518593006 138.463322 114.229353 114 16 0.000000
1692973876515681153 134.040216 120.350431 120 16 0.000000
1692973877530375958 141.710034 109.392502 111 16 0.000000
1692973878528881898 136.730136 121.181066 121 16 0.000000
1692973879524738774 140.213215 113.470106 113 16 0.000000
1692973880504561764 140.123682 114.306362 112 16 0.000000
1692973881520067460 136.955750 118.167725 120 16 0.000000
1692973882535755205 138.471055 112.239221 114 16 0.000000
1692973883532034436 143.425943 112.418282 112 16 0.000000
1692973884530001430 141.054662 114.232237 114 16 0.000000
1692973885527640598 137.619976 115.272132 115 16 0.000000
1692973886525509437 136.295480 118.252031 118 15 0.000000
