1692972337312087319 144.971355 0.000000
1692972337529735113 144.664838 0.000000
1692972337602171454 144.512214 0.000000
1692972337639306552 144.626319 0.000000
1692972337674901766 144.685255 0.000000
1692972337746927653 144.741004 0.000000
1692972337747546456 144.664666 0.000000
1692972337963981006 144.646079 0.000000
1692972338146400088 144.671661 0.000000
1692972338181273249 144.678764 0.000000
1692972338181281113 144.760673 0.000000
1692972338398465556 144.790878 0.000000
1692972338398560512 144.501495 0.000000
1692972338616784663 144.784950 0.000000
1692972338653554126 144.574572 0.000000
1692972338654036708 144.448498 0.000000
1692972338688178680 144.613692 0.000000
1692972338833678867 144.424573 0.000000
1692972338905306518 144.674880 0.000000
1692972338905678898 144.502223 0.000000
1692972338943362647 144.582124 0.000000
1692972338978598365 144.590959 0.000000
1692972339050031833 144.708241 0.000000
1692972339050121687 144.424948 0.000000
1692972339195398910 144.642242 0.000000
1692972339377758898 144.601557 0.000000
1692972339485065957 144.742053 0.000000
1692972339522714629 144.447599 0.000000
1692972339557727318 144.932951 0.000000
1692972339702675075 144.960085 0.000000
1692972339775181271 144.568726 0.000000
1692972339775243591 144.549275 0.000000
1692972339919586276 144.590782 0.000000
1692972339992142955 144.540314 0.000000
1692972340065047075 144.557669 0.000000
1692972340281931587 144.513661 0.000000
1692972340354757479 144.552677 0.000000
1692972340644261400 144.542965 0.000000
1692972340682135119 144.715626 0.000000
1692972340716409588 144.657681 0.000000
1692972340861137627 144.703708 0.000000
1692972340861304601 144.563216 0.000000
1692972341006252135 144.661870 0.000000
1692972341007259652 144.736714 0.000000
1692972341151998158 144.691002 0.000000
1692972341295766250 144.608880 0.000000
1692972341334276528 144.709886 0.000000
1692972341369834374 144.555747 0.000000
1692972341440670126 144.594457 0.000000
1692972341551849858 144.812433 0.000000
1692972341585519351 144.482518 0.000000
1692972341585535313 144.478433 0.000000
1692972341657967254 144.688907 0.000000
1692972341730242231 144.713709 0.000000
1692972341803513539 144.552269 0.000000
1692972341874999607 144.733565 0.000000
1692972342020780045 144.713955 0.000000
1692972342131064379 144.758842 0.000000
1692972342309804855 144.723290 0.000000
1692972342382669701 144.681979 0.000000
1692972342454367330 144.556211 0.000000
1692972342527015063 144.651313 0.000000
1692972342527857972 145.230032 0.000000
1692972342855270173 144.744464 0.000000
1692972342888903000 144.537614 0.000000
1692972342889521533 144.488108 0.000000
1692972342889592377 144.506306 0.000000
1692972342961444606 144.661497 0.000000
1692972343217256036 144.637474 0.000000
1692972343251043456 144.647805 0.000000
1692972343323853601 144.561126 0.000000
1692972343434920111 144.569725 0.000000
1692972343507322689 144.634898 0.000000
1692972343579585650 144.727629 0.000000
1692972343614284991 144.960064 0.000000
1692972343686705800 144.879141 0.000000
1692972343832013927 144.755960 0.000000
1692972343975683581 144.569100 0.000000
1692972344048539662 144.518828 0.000000
1692972344120424665 144.718065 0.000000
1692972344120917781 144.696374 0.000000
1692972344159995045 144.539419 0.000000
1692972344232532214 144.654822 0.000000
1692972344266645486 144.542411 0.000000
1692972344449226723 144.612228 0.000000
1692972344482376481 144.695951 0.000000
1692972344521744352 144.528795 0.000000
1692972344665542463 144.615395 0.000000
1692972344700232521 144.445826 0.000000
1692972344738077883 144.588177 0.000000
1692972344845341925 144.506232 0.000000
1692972344845442599 144.447831 0.000000
1692972344883674263 144.521527 0.000000
1692972344883807708 144.601472 0.000000
1692972345207435524 144.805742 0.000000
1692972345352129331 144.603346 0.000000
1692972345389775092 144.597161 0.000000
1692972345462494759 144.516720 0.000000
1692972345679589617 144.546890 0.000000
1692972345786909608 144.516660 0.000000
1692972345824263391 144.611731 0.000000
1692972346004295246 144.615058 0.000000
1692972346076284705 144.629036 0.000000
1692972346149103244 144.593718 0.000000
1692972346220863924 144.569681 0.000000
1692972346294039344 144.793265 0.000000
1692972346331043700 144.681267 0.000000
1692972346403286001 144.702805 0.000000
1692972346475593675 144.594850 0.000000
1692972346547840367 144.529362 0.000000
1692972346584187664 144.580443 0.000000
1692972346655960752 144.553790 0.000000
1692972346656650988 144.958581 0.000000
1692972346692442082 144.583121 0.000000
1692972346692679003 144.556194 0.000000
1692972346801881628 145.092692 0.000000
1692972346872594295 144.605368 0.000000
1692972346873922005 144.536554 0.000000
1692972346874264562 144.697012 0.000000
1692972346909527420 144.625641 0.000000
1692972346910338044 144.610631 0.000000
1692972347017625877 144.624127 0.000000
1692972347162231614 144.573093 0.000000
1692972347199628375 144.607708 0.000000
1692972347235133891 144.513037 0.000000
1692972347453397476 144.523201 0.000000
1692972347525282185 144.458219 0.000000
1692972347633798655 144.658587 0.000000
1692972347741578632 144.636139 0.000000
1692972347778434247 144.606760 0.000000
1692972347814345713 144.461543 0.000000
1692972347886776366 144.451761 0.000000
1692972347888129561 144.512687 0.000000
1692972348141291680 144.512405 0.000000
1692972348286014002 144.483032 0.000000
1692972348321287224 144.596074 0.000000
1692972348321310218 144.704862 0.000000
1692972348466374635 144.595488 0.000000
1692972348467008122 144.503123 0.000000
1692972348502585452 144.588692 0.000000
1692972348610649428 144.650009 0.000000
1692972348756257348 144.560306 0.000000
1692972348827972458 144.635997 0.000000
1692972348973493582 144.479388 0.000000
1692972349045401690 144.421206 0.000000
1692972349227098546 144.870360 0.000000
1692972349371605456 144.574998 0.000000
1692972349479913238 144.597816 0.000000
1692972349588729942 144.578271 0.000000
1692972349624640830 144.642916 0.000000
1692972349625212990 144.526921 0.000000
1692972349733432266 144.619381 0.000000
1692972349733737616 144.413953 0.000000
1692972349770432376 144.495153 0.000000
1692972349878291049 144.723944 0.000000
1692972349950761744 144.650493 0.000000
1692972349950798735 144.635940 0.000000
1692972349987234092 144.593531 0.000000
1692972350204074326 144.645974 0.000000
1692972350204752988 144.883683 0.000000
1692972350277569881 144.638759 0.000000
1692972350349993712 145.179838 0.000000
1692972350493736840 144.624707 0.000000
1692972350494890987 144.716871 0.000000
1692972350530369901 144.713900 0.000000
1692972350530459985 144.737755 0.000000
1692972350567089634 144.652105 0.000000
1692972350639345980 144.650161 0.000000
1692972350711737194 144.665847 0.000000
1692972350711884436 144.486146 0.000000
1692972350747382606 144.538006 0.000000
1692972350784609316 144.481544 0.000000
1692972350891988188 144.583492 0.000000
1692972351001605381 144.820628 0.000000
1692972351036980755 144.418798 0.000000
1692972351218863643 144.996424 0.000000
1692972351253990254 144.619268 0.000000
1692972351291109124 145.016666 0.000000
1692972351364116579 145.106355 0.000000
1692972351399088991 144.655988 0.000000
1692972351508254844 144.678736 0.000000
1692972351616396272 144.885898 0.000000
1692972351616522250 144.839846 0.000000
1692972351799223450 144.594641 0.000000
1692972351905998483 144.741066 0.000000
1692972351943881619 144.531459 0.000000
1692972351978523166 144.706842 0.000000
1692972352088511936 144.613989 0.000000
1692972352089038244 144.760856 0.000000
1692972352123404081 144.756862 0.000000
1692972352340573784 144.676098 0.000000
1692972352377892313 144.657676 0.000000
1692972352595109988 144.703137 0.000000
1692972352667726369 144.760184 0.000000
1692972352740333093 144.532515 0.000000
1692972352812283832 144.533156 0.000000
1692972352884677124 144.529222 0.000000
1692972353247372593 144.791313 0.000000
1692972353682416674 144.886390 0.000000
1692972353682542251 144.791374 0.000000
1692972353755012381 144.696183 0.000000
1692972353789280795 144.606826 0.000000
1692972353899585443 144.557236 0.000000
1692972353934740217 145.003347 0.000000
1692972354044838926 144.576946 0.000000
1692972354116814025 144.611509 0.000000
1692972354117473783 144.620676 0.000000
1692972354151712894 144.775947 0.000000
1692972354188915402 144.661736 0.000000
1692972354261884862 144.529204 0.000000
1692972354406357855 144.545867 0.000000
1692972354586135420 144.656304 0.000000
1692972354696094107 144.686113 0.000000
1692972354731005892 144.761658 0.000000
1692972355020677444 144.710424 0.000000
1692972355058666219 144.730256 0.000000
1692972355093149452 144.658032 0.000000
1692972355638873276 144.754328 0.000000
1692972355711539383 144.928615 0.000000
1692972355855444439 144.661900 0.000000
1692972355928892636 144.855965 0.000000
1692972356001267097 144.866151 0.000000
1692972356145465709 144.787551 0.000000
1692972356218772552 144.981742 0.000000
1692972356291205944 144.778716 0.000000
1692972356291279375 144.813451 0.000000
1692972356363843846 144.957820 0.000000
1692972356581333714 144.947623 0.000000
1692972356615032058 144.689773 0.000000
1692972356653439761 144.576680 0.000000
1692972356725170696 144.504027 0.000000
1692972356759691236 144.815075 0.000000
1692972356797123913 144.615586 0.000000
1692972356798254460 144.529902 0.000000
1692972356869582970 144.670333 0.000000
1692972356943163268 144.900544 0.000000
1692972357049338619 144.649018 0.000000
1692972357049869688 144.540130 0.000000
1692972357049951183 144.569929 0.000000
1692972357159214165 144.773005 0.000000
1692972357232897145 144.784978 0.000000
1692972357303827624 144.589394 0.000000
1692972357376506231 144.538339 0.000000
1692972357411442992 144.644131 0.000000
1692972357412074559 144.517962 0.000000
1692972357448492403 144.639951 0.000000
1692972357450098240 144.607821 0.000000
1692972357884067011 144.406414 0.000000
1692972358136128290 144.706229 0.000000
1692972358245748338 144.841026 0.000000
1692972358246026609 144.596382 0.000000
1692972358425730170 144.624850 0.000000
1692972358535478302 144.695338 0.000000
1692972358609071493 144.681581 0.000000
1692972358715253194 144.672465 0.000000
1692972358753327040 144.500666 0.000000
1692972358825190967 144.730471 0.000000
1692972358897524877 144.547895 0.000000
1692972359042353087 144.719293 0.000000
1692972359042629274 144.510156 0.000000
1692972359114783154 144.683494 0.000000
1692972359404364521 144.653160 0.000000
1692972359404710465 144.878669 0.000000
1692972359440115914 144.697326 0.000000
1692972359478138902 144.654747 0.000000
1692972359621783240 144.526709 0.000000
1692972359694189182 144.684673 0.000000
1692972359695195721 144.533281 0.000000
1692972359730393448 144.996493 0.000000
1692972359840121327 144.523928 0.000000
1692972359840194823 144.673726 0.000000
1692972359911423133 144.661655 0.000000
1692972359911644798 144.805945 0.000000
1692972359911933263 144.423005 0.000000
1692972359984646158 144.508909 0.000000
1692972360092334260 144.645773 0.000000
1692972360129861160 144.694192 0.000000
1692972360201495082 144.654605 0.000000
1692972360273475948 144.665851 0.000000
1692972360273771355 144.618135 0.000000
1692972360274108463 144.882378 0.000000
1692972360346356588 144.801301 0.000000
1692972360418733479 144.610127 0.000000
1692972360419489055 144.618893 0.000000
1692972360453949900 144.676537 0.000000
1692972360491231305 144.868041 0.000000
1692972360781428598 145.024424 0.000000
1692972360781974146 144.832077 0.000000
1692972360854180533 144.598289 0.000000
1692972360961397602 144.701083 0.000000
1692972360999032637 144.686970 0.000000
1692972360999379694 144.985349 0.000000
1692972361143527004 144.672792 0.000000
1692972361216004995 144.602829 0.000000
1692972361289009356 144.703371 0.000000
1692972361289040819 144.753483 0.000000
1692972361289261838 144.729437 0.000000
1692972361432966288 144.648980 0.000000
1692972361577518078 144.535527 0.000000
1692972361723854871 144.785654 0.000000
1692972361795171328 144.803810 0.000000
1692972361831041738 144.826116 0.000000
1692972361868843210 144.506629 0.000000
1692972361941059970 144.797973 0.000000
1692972362120578703 144.502874 0.000000
1692972362158044289 144.513281 0.000000
1692972362374691950 144.614924 0.000000
1692972362482805104 144.648778 0.000000
1692972362519941240 144.783883 0.000000
1692972362520445441 144.774050 0.000000
1692972362627497619 144.722997 0.000000
1692972362772136540 144.614654 0.000000
1692972362845265002 144.792898 0.000000
1692972363027914510 144.728072 0.000000
1692972363062091579 144.553627 0.000000
1692972363134676132 144.539313 0.000000
1692972363134734983 144.585300 0.000000
1692972363172553344 144.433501 0.000000
1692972363390154479 144.822781 0.000000
1692972363534822109 145.092929 0.000000
1692972363534852681 144.794676 0.000000
1692972363568885594 144.594015 0.000000
1692972363641415896 144.614072 0.000000
1692972363969783789 144.549727 0.000000
1692972364042488617 144.976448 0.000000
1692972364042535075 144.833281 0.000000
1692972364076875232 145.096321 0.000000
1692972364187361808 144.798036 0.000000
1692972364293483076 144.589983 0.000000
1692972364332116925 144.739496 0.000000
1692972364366108317 144.514834 0.000000
1692972364438160743 144.652895 0.000000
1692972364476219747 144.668251 0.000000
1692972364476433599 144.546168 0.000000
1692972364477146822 144.684434 0.000000
1692972364728101995 144.598514 0.000000
1692972364765748741 144.634842 0.000000
1692972364800635032 144.988901 0.000000
1692972364838287817 144.618365 0.000000
1692972364838598103 144.507742 0.000000
1692972364982957566 144.654854 0.000000
1692972365055415268 144.679592 0.000000
1692972365201852934 145.157471 0.000000
1692972365307929581 144.599755 0.000000
1692972365345292673 144.642534 0.000000
1692972365345604854 144.820949 0.000000
1692972365418629051 144.367209 0.000000
1692972365490220104 144.523001 0.000000
1692972365562346987 144.671352 0.000000
1692972365779664182 144.594132 0.000000
1692972365852217671 144.734828 0.000000
1692972365924426164 144.523863 0.000000
1692972365925378682 144.662175 0.000000
1692972365998212949 144.509510 0.000000
1692972366141675404 144.640869 0.000000
1692972366142627131 144.663075 0.000000
1692972366142923896 144.592552 0.000000
1692972366214032552 144.632905 0.000000
1692972366286414867 144.707694 0.000000
1692972366360038528 144.649769 0.000000
1692972366394411801 144.682040 0.000000
1692972366503605336 144.644637 0.000000
1692972366504590365 144.488054 0.000000
1692972366648657400 144.619344 0.000000
1692972366721855061 144.591409 0.000000
1692972366757251111 144.420647 0.000000
1692972366793552494 144.738029 0.000000
1692972366866478874 144.577190 0.000000
1692972367011063493 144.718449 0.000000
1692972367011340687 144.666363 0.000000
1692972367083860306 144.737946 0.000000
1692972367228945330 145.138920 0.000000
1692972367300782713 144.605960 0.000000
1692972367480842734 144.726406 0.000000
1692972367591431092 144.865727 0.000000
1692972367663205520 144.724871 0.000000
1692972367698405430 144.604673 0.000000
1692972367735296985 144.669183 0.000000
1692972367807840359 144.643378 0.000000
1692972368025954025 144.596900 0.000000
1692972368098360520 144.529724 0.000000
1692972368315430609 144.644243 0.000000
1692972368460506826 144.433694 0.000000
1692972368460651312 144.498815 0.000000
1692972368495015529 144.769840 0.000000
1692972368495103854 144.780053 0.000000
1692972368532245379 144.615742 0.000000
1692972368821570045 144.512829 0.000000
1692972368822425373 144.666280 0.000000
1692972368822711979 144.684242 0.000000
1692972368822796511 144.611623 0.000000
1692972369329184932 144.656291 0.000000
1692972369764330105 144.507479 0.000000
1692972369943652177 144.505630 0.000000
1692972370016127616 144.456506 0.000000
1692972370125699385 144.783926 0.000000
1692972370233125758 144.802924 0.000000
1692972370305406420 144.599446 0.000000
1692972370488715911 144.652134 0.000000
1692972370561072924 144.563378 0.000000
1692972370595540305 145.037649 0.000000
1692972370633056355 144.910423 0.000000
1692972370706186530 144.763819 0.000000
1692972370778081315 144.764119 0.000000
1692972371030529516 144.775389 0.000000
1692972371068394416 144.452821 0.000000
1692972371140492592 144.692341 0.000000
1692972371140835775 144.664947 0.000000
1692972371247765232 144.709781 0.000000
1692972371285120934 144.677627 0.000000
1692972371393632202 144.569029 0.000000
1692972371538313202 144.539651 0.000000
1692972371574698303 144.542713 0.000000
1692972371575229728 144.599711 0.000000
1692972371754800955 144.598562 0.000000
1692972371865790733 144.609167 0.000000
1692972371899657678 144.843547 0.000000
1692972372116645011 144.588578 0.000000
1692972372334028915 144.581967 0.000000
1692972372371944146 144.477831 0.000000
1692972372372241162 144.650587 0.000000
1692972372372681545 144.978383 0.000000
1692972372517019917 144.711273 0.000000
1692972372517555817 144.674518 0.000000
1692972372662328944 144.734933 0.000000
1692972372735000056 144.661157 0.000000
1692972373023902969 144.487969 0.000000
1692972373169145801 144.536285 0.000000
1692972373169861354 144.637250 0.000000
1692972373169894130 144.620471 0.000000
1692972373241815048 144.539853 0.000000
1692972373386801488 144.556080 0.000000
1692972373459623461 144.542750 0.000000
1692972373603148715 144.660530 0.000000
1692972373675877401 144.613684 0.000000
1692972373676545468 144.486775 0.000000
1692972373749342954 144.672802 0.000000
1692972373928945500 144.684194 0.000000
1692972374039131662 144.696928 0.000000
1692972374110116501 144.624839 0.000000
1692972374111470535 144.673567 0.000000
1692972374255041866 144.591015 0.000000
1692972374291110462 144.672200 0.000000
1692972374363236491 144.641538 0.000000
1692972374400566106 144.458868 0.000000
1692972374435787863 144.668896 0.000000
1692972374473920108 144.916322 0.000000
1692972374545388695 144.523719 0.000000
1692972374546133465 144.547094 0.000000
1692972374690321610 144.926475 0.000000
1692972374797636770 144.593321 0.000000
1692972374835223954 144.877862 0.000000
1692972374835694868 144.766067 0.000000
1692972374908240211 144.850739 0.000000
1692972374943436213 144.671112 0.000000
1692972375159839146 144.635692 0.000000
1692972375342474937 144.490675 0.000000
1692972375343100530 144.834405 0.000000
1692972375559128447 144.524725 0.000000
1692972375560341661 144.742015 0.000000
1692972375632461755 144.533826 0.000000
1692972375632543124 144.570451 0.000000
1692972375850104173 144.568427 0.000000
1692972375922214795 144.692872 0.000000
1692972375956655687 144.762768 0.000000
1692972376067289653 144.826591 0.000000
1692972376246467310 144.740916 0.000000
1692972376357296719 144.591704 0.000000
1692972376501477018 144.705323 0.000000
1692972376502041334 144.511979 0.000000
1692972376502144343 144.632874 0.000000
1692972376573584768 144.720122 0.000000
1692972376608838403 144.689331 0.000000
1692972376826284356 144.906270 0.000000
1692972377081399975 144.650455 0.000000
1692972377260565156 144.580716 0.000000
1692972377298125246 144.800218 0.000000
1692972377333163681 144.499563 0.000000
1692972377405507714 144.599607 0.000000
1692972377443459459 144.731251 0.000000
1692972377443638881 144.691168 0.000000
1692972377695474314 144.632487 0.000000
1692972377767712086 144.544398 0.000000
1692972377805818715 144.872300 0.000000
1692972377840150408 144.436231 0.000000
1692972377878170963 144.594745 0.000000
1692972378057258635 144.644976 0.000000
1692972378094574065 144.587523 0.000000
1692972378239677425 144.419255 0.000000
1692972378240504101 144.826320 0.000000
1692972378312702084 144.686547 0.000000
1692972378313141425 144.866595 0.000000
1692972378492242562 144.927301 0.000000
1692972378820049960 144.651556 0.000000
1692972378891101434 144.766633 0.000000
1692972378892086077 144.573584 0.000000
1692972379036984440 144.499862 0.000000
1692972379072229219 144.981837 0.000000
1692972379109074787 144.526970 0.000000
1692972379182154639 144.567357 0.000000
1692972379254340047 144.442407 0.000000
1692972379325647465 144.646501 0.000000
1692972379579315511 144.512746 0.000000
1692972379615304269 144.639510 0.000000
1692972379688466316 144.542535 0.000000
1692972379833514076 144.829047 0.000000
1692972379905590386 144.795208 0.000000
1692972379941005320 144.532702 0.000000
1692972379977401515 144.566712 0.000000
1692972380050079105 144.476311 0.000000
1692972380086882776 144.732812 0.000000
1692972380412174262 144.635950 0.000000
1692972380447866666 144.610427 0.000000
1692972380557334150 144.418926 0.000000
1692972380702257469 144.731358 0.000000
1692972380775228793 144.516584 0.000000
1692972380846676020 144.674300 0.000000
1692972380847405595 145.065102 0.000000
1692972380882454137 144.628479 0.000000
1692972380919809054 144.857455 0.000000
1692972381136281986 144.681870 0.000000
1692972381137674702 145.194907 0.000000
1692972381281232065 144.561747 0.000000
1692972381282239391 144.481561 0.000000
1692972381498697543 144.892837 0.000000
1692972381644269532 144.596608 0.000000
1692972381970002220 144.749363 0.000000
1692972382006997705 144.559688 0.000000
1692972382187586156 145.072391 0.000000
1692972382368455113 144.582399 0.000000
1692972382369065762 144.742922 0.000000
1692972382404313396 144.648161 0.000000
1692972382512532578 144.576941 0.000000
1692972382512537389 144.536180 0.000000
1692972382513838362 144.787936 0.000000
1692972382550052758 144.556870 0.000000
1692972382804291478 145.037030 0.000000
1692972382876362789 144.605553 0.000000
1692972382876416920 144.470820 0.000000
1692972382876705495 144.715689 0.000000
1692972383310190112 144.491376 0.000000
1692972383346098768 144.672549 0.000000
1692972383453758097 144.649482 0.000000
1692972383454846642 144.639949 0.000000
1692972383491649033 144.554257 0.000000
1692972383491686199 144.465613 0.000000
1692972383598550136 144.645850 0.000000
1692972383672552498 144.685922 0.000000
1692972383708697076 144.677583 0.000000
1692972383888146328 144.622390 0.000000
1692972383889823650 144.446245 0.000000
1692972383890010770 144.649984 0.000000
1692972383960444445 144.547867 0.000000
1692972383998181654 144.772519 0.000000
1692972384106212060 144.727649 0.000000
1692972384177651170 144.640275 0.000000
1692972384250065852 144.638646 0.000000
1692972384251163733 144.468992 0.000000
1692972384322316328 144.641212 0.000000
1692972384359940068 144.646420 0.000000
1692972384432425023 144.546267 0.000000
1692972384504688494 144.724516 0.000000
1692972384539814105 144.926963 0.000000
1692972384612813250 144.514103 0.000000
1692972384685081181 144.514470 0.000000
1692972384722103102 144.736162 0.000000
1692972384757457529 144.525248 0.000000
1692972385264190823 144.747457 0.000000
1692972385337188278 144.392403 0.000000
1692972385481736197 144.526654 0.000000
1692972385698559624 144.634163 0.000000
1692972385699239514 144.805672 0.000000
1692972385771330208 144.694750 0.000000
1692972385844075994 144.543845 0.000000
1692972385881167877 144.837521 0.000000
1692972385916499255 144.600871 0.000000
1692972385988026531 144.543888 0.000000
1692972386061328964 144.479590 0.000000
1692972386205071389 144.637741 0.000000
1692972386206205690 144.738500 0.000000
1692972386350664988 144.501837 0.000000
1692972386422285672 144.662384 0.000000
1692972386533320963 144.545597 0.000000
1692972386639444747 144.546906 0.000000
1692972386822721550 144.561037 0.000000
1692972386928626061 144.580231 0.000000
1692972386929310862 144.441309 0.000000
1692972387040313051 144.625026 0.000000
1692972387073299840 144.652124 0.000000
1692972387146242396 144.560501 0.000000
1692972387146351495 144.602353 0.000000
1692972387184657890 144.581941 0.000000
1692972387257514146 144.549124 0.000000
1692972387546688391 144.532340 0.000000
1692972387618961642 144.525440 0.000000
1692972387725097086 144.712664 0.000000
1692972387798014430 144.620460 0.000000
1692972387869800995 144.594350 0.000000
1692972387869844561 144.661094 0.000000
1692972387908905565 144.513015 0.000000
1692972387942992274 144.674645 0.000000
1692972388087820300 144.646074 0.000000
1692972388270649732 144.522485 0.000000
1692972388270909611 144.701973 0.000000
1692972388343330531 144.695171 0.000000
1692972388377078959 144.853219 0.000000
1692972388488370788 144.829662 0.000000
1692972388521751177 144.687058 0.000000
1692972388594309971 144.654637 0.000000
1692972388922899599 144.745012 0.000000
1692972388995453973 144.780571 0.000000
1692972389101428792 144.826381 0.000000
1692972389140224117 144.717047 0.000000
1692972389174110030 144.798966 0.000000
1692972389246250451 144.797969 0.000000
1692972389318923966 144.801948 0.000000
1692972389319130581 144.641044 0.000000
1692972389319149916 144.511337 0.000000
1692972389357629635 144.582379 0.000000
1692972389391127439 144.559039 0.000000
1692972389502355024 144.709470 0.000000
1692972389647090919 144.715162 0.000000
1692972389681535980 144.657693 0.000000
1692972389753833391 144.778369 0.000000
1692972389792083255 144.742891 0.000000
1692972390155011813 144.943241 0.000000
1692972390227024727 144.589849 0.000000
1692972390227269165 144.593959 0.000000
1692972390260905979 144.759648 0.000000
1692972390406110070 144.758642 0.000000
1692972390588722594 144.596675 0.000000
1692972390589121506 144.483472 0.000000
1692972390623153567 144.599571 0.000000
1692972390623350941 144.766178 0.000000
1692972390661083677 144.717070 0.000000
1692972390696012227 144.622430 0.000000
1692972390768111974 144.527460 0.000000
1692972390840505487 144.604383 0.000000
1692972390912809102 144.700721 0.000000
1692972391347406875 144.652232 0.000000
1692972391347633431 144.767565 0.000000
1692972391385754069 144.695022 0.000000
1692972391419949951 144.540207 0.000000
1692972391458189775 144.615943 0.000000
1692972391564540771 144.483867 0.000000
1692972391820279448 144.662643 0.000000
1692972391854396212 144.687465 0.000000
1692972391965324859 144.521484 0.000000
1692972392072005200 144.543309 0.000000
1692972392217312243 145.300443 0.000000
1692972392217355704 145.088025 0.000000
1692972392289050376 144.603338 0.000000
1692972392362168448 144.849164 0.000000
1692972392544338220 144.539273 0.000000
1692972392579371282 144.429007 0.000000
1692972392617271506 144.680722 0.000000
1692972392689028589 144.665667 0.000000
1692972392796210110 144.485178 0.000000
1692972392796867898 144.646248 0.000000
1692972392834230944 144.534433 0.000000
1692972393013057111 144.505104 0.000000
1692972393013734169 144.543544 0.000000
1692972393051463437 144.715588 0.000000
1692972393230533399 144.468037 0.000000
1692972393230907032 144.436499 0.000000
1692972393268807356 144.677028 0.000000
1692972393375176983 144.634808 0.000000
1692972393486114459 144.696483 0.000000
1692972393737348434 144.739142 0.000000
1692972393776005843 144.946038 0.000000
1692972393810254432 144.708851 0.000000
1692972394099530670 144.473097 0.000000
1692972394210188225 144.525113 0.000000
1692972394282641404 144.506686 0.000000
1692972394316848667 144.571857 0.000000
1692972394355021674 144.547606 0.000000
1692972394534019306 144.587107 0.000000
1692972394606992740 144.514589 0.000000
1692972394644700847 144.763376 0.000000
1692972394824607531 144.787959 0.000000
1692972394934555567 144.641007 0.000000
1692972394934598622 144.763893 0.000000
1692972395041828974 144.729668 0.000000
1692972395079638095 144.722977 0.000000
1692972395259273122 144.447000 0.000000
1692972395332112988 144.602331 0.000000
1692972395403236863 144.617997 0.000000
1692972395404254388 144.441873 0.000000
1692972395586667339 144.794623 0.000000
1692972395620904445 144.523017 0.000000
1692972395692731715 144.615366 0.000000
1692972395765432243 144.504394 0.000000
1692972395766286679 144.497092 0.000000
1692972395838684298 144.578471 0.000000
1692972396054703414 144.691512 0.000000
1692972396055765923 144.532613 0.000000
1692972396055994926 144.541830 0.000000
1692972396311154615 144.545728 0.000000
1692972396456254145 144.682105 0.000000
1692972396490478938 144.492901 0.000000
1692972396490494895 144.452537 0.000000
1692972396528543999 144.443125 0.000000
1692972396563259918 144.676222 0.000000
1692972396673172514 144.610002 0.000000
1692972396745565282 144.688194 0.000000
1692972396780274320 144.500769 0.000000
1692972396962773229 144.675238 0.000000
1692972397035279380 144.648457 0.000000
1692972397142473840 144.552086 0.000000
1692972397180207846 144.641911 0.000000
1692972397576988794 144.526402 0.000000
1692972397649175473 144.590316 0.000000
1692972397721606839 144.601743 0.000000
1692972397760214706 144.606277 0.000000
1692972397832512718 144.742629 0.000000
1692972397939266338 144.860298 0.000000
1692972397939305770 144.938023 0.000000
1692972397977762701 144.643649 0.000000
1692972398122022888 144.593542 0.000000
1692972398156096294 144.840511 0.000000
1692972398301279725 144.559417 0.000000
1692972398373164412 144.496075 0.000000
1692972398373282917 144.517655 0.000000
1692972398484815886 144.777464 0.000000
1692972398484847479 144.831685 0.000000
1692972398517849345 144.637378 0.000000
1692972398518220207 144.654157 0.000000
1692972398557220921 144.550416 0.000000
1692972398590179967 144.607855 0.000000
1692972398735632259 145.019847 0.000000
1692972398735734887 144.744421 0.000000
1692972398880579623 144.586155 0.000000
1692972398918696317 144.573599 0.000000
1692972398919342549 144.605033 0.000000
1692972398991741384 144.425551 0.000000
1692972399025675200 144.898524 0.000000
1692972399170748891 144.907058 0.000000
1692972399315655098 144.865512 0.000000
1692972399498287521 144.625835 0.000000
1692972399605392075 144.610560 0.000000
1692972399677020565 144.654036 0.000000
1692972399677927172 144.694244 0.000000
1692972399966494111 144.511354 0.000000
1692972399966923023 144.901024 0.000000
1692972400039447875 145.145493 0.000000
1692972400184026975 144.556822 0.000000
1692972400257115692 144.675635 0.000000
1692972400295388634 144.587640 0.000000
1692972400295810900 144.906771 0.000000
1692972400295816468 144.902636 0.000000
1692972400329723838 144.773382 0.000000
1692972400329807878 144.806138 0.000000
1692972400401466527 144.521431 0.000000
1692972400619604456 144.731199 0.000000
1692972400835854584 144.739874 0.000000
1692972400836651877 144.610929 0.000000
1692972400875103634 144.522318 0.000000
1692972400981389671 144.680210 0.000000
1692972401125761688 144.793332 0.000000
1692972401164619099 144.765296 0.000000
1692972401309594584 144.563502 0.000000
1692972401415429330 144.627272 0.000000
1692972401526601638 144.718578 0.000000
1692972401560681538 144.479251 0.000000
1692972401671665298 144.723075 0.000000
1692972401743953419 144.614742 0.000000
1692972401888612699 144.523425 0.000000
1692972401923088834 144.606021 0.000000
1692972401923238036 144.574057 0.000000
1692972402067521863 144.667665 0.000000
1692972402067903350 144.626504 0.000000
1692972402212459273 144.540572 0.000000
1692972402284598993 144.496555 0.000000
1692972402468094663 144.576878 0.000000
1692972402540634574 144.613954 0.000000
1692972402573868447 144.448494 0.000000
1692972402718930376 144.407524 0.000000
1692972402719790109 144.365641 0.000000
1692972402791495225 144.489319 0.000000
1692972402935922580 144.513074 0.000000
1692972403009279774 144.738357 0.000000
1692972403047231193 144.670585 0.000000
1692972403119430000 144.533736 0.000000
1692972403226213033 144.432340 0.000000
1692972403264424702 144.706933 0.000000
1692972403370371893 144.685413 0.000000
1692972403370692763 144.469064 0.000000
1692972403409223428 144.770356 0.000000
1692972403442609781 144.592196 0.000000
1692972403443416916 144.541077 0.000000
1692972403699292948 144.843415 0.000000
1692972403699435720 145.010716 0.000000
1692972403916606556 144.440328 0.000000
1692972403949694089 144.800490 0.000000
1692972404205798590 144.695214 0.000000
1692972404240892444 144.557811 0.000000
1692972404240945919 144.498267 0.000000
1692972404312262575 144.437932 0.000000
1692972404350396027 144.579500 0.000000
1692972404457915991 144.627101 0.000000
1692972404457971380 144.538029 0.000000
1692972404496076541 144.460379 0.000000
1692972404529771169 144.449578 0.000000
1692972404640815216 144.560773 0.000000
1692972404713263963 144.515156 0.000000
1692972404891889193 144.565829 0.000000
1692972404963511045 144.739447 0.000000
1692972405036539357 144.629166 0.000000
1692972405075212738 144.771877 0.000000
1692972405108585172 144.533737 0.000000
1692972405147639769 144.490220 0.000000
1692972405325724847 144.661645 0.000000
1692972405398914991 144.654880 0.000000
1692972405437344025 144.681717 0.000000
1692972405543770867 144.816941 0.000000
1692972405582026413 144.749444 0.000000
1692972405727096262 144.715781 0.000000
1692972405761214694 144.757432 0.000000
1692972405761460350 144.744898 0.000000
1692972405833048397 144.671673 0.000000
1692972405905632623 144.553269 0.000000
1692972405978470037 145.157472 0.000000
1692972405978625940 144.618645 0.000000
1692972406017010775 144.857135 0.000000
1692972406123559652 144.805364 0.000000
1692972406306198678 144.544542 0.000000
1692972406306728334 144.594923 0.000000
1692972406340242858 144.597084 0.000000
1692972406486391637 145.144605 0.000000
1692972406523886475 144.567500 0.000000
1692972406702846659 144.942071 0.000000
1692972406848424973 144.751082 0.000000
1692972406848450467 144.713319 0.000000
1692972406992906879 144.843376 0.000000
1692972407103023890 144.654852 0.000000
1692972407500530537 144.611636 0.000000
1692972407571539015 144.497641 0.000000
1692972407827717566 144.697630 0.000000
1692972407827773370 144.732327 0.000000
1692972408117699706 144.602950 0.000000
1692972408151739680 144.580683 0.000000
1692972408152071271 144.723981 0.000000
1692972408224201770 144.589152 0.000000
1692972408262726986 144.699564 0.000000
1692972408335187595 144.793082 0.000000
1692972408407113964 144.537893 0.000000
1692972408441724354 144.493661 0.000000
1692972408479805313 144.609336 0.000000
1692972408514440981 144.464193 0.000000
1692972408586471343 145.074130 0.000000
1692972408804014675 144.767893 0.000000
1692972408876902028 144.661722 0.000000
1692972409021490985 144.883888 0.000000
1692972409021531269 144.719270 0.000000
1692972409238845983 144.846615 0.000000
1692972409239446403 145.058717 0.000000
1692972409384139475 144.675987 0.000000
1692972409528243377 144.531217 0.000000
1692972409638759354 144.935816 0.000000
1692972409672917904 144.602152 0.000000
1692972409783691558 144.678450 0.000000
1692972409818746084 144.533145 0.000000
1692972409889968874 144.561286 0.000000
1692972409962283818 144.557858 0.000000
1692972410036326194 144.630769 0.000000
1692972410073577439 144.608486 0.000000
1692972410109032080 144.830747 0.000000
1692972410290654483 144.738001 0.000000
1692972410543627083 144.538117 0.000000
1692972410653066044 144.697968 0.000000
1692972410758824550 144.521011 0.000000
1692972410976449667 144.458858 0.000000
1692972411049228081 144.529316 0.000000
1692972411121013668 144.791550 0.000000
1692972411159865611 144.628389 0.000000
1692972411340519177 144.790271 0.000000
1692972411485094890 144.530513 0.000000
1692972411628881198 144.566737 0.000000
1692972411628947923 144.600165 0.000000
1692972412135317352 144.543136 0.000000
1692972412136443444 144.552939 0.000000
1692972412391481629 144.630371 0.000000
1692972412498060186 144.647539 0.000000
1692972412787915684 144.690679 0.000000
1692972412898302381 144.620731 0.000000
1692972412932528311 144.801856 0.000000
1692972413042896344 144.578657 0.000000
1692972413115772574 144.519350 0.000000
1692972413149672391 144.596618 0.000000
1692972413149749315 144.749203 0.000000
1692972413440517295 144.529052 0.000000
1692972413511740434 144.690586 0.000000
1692972413585089577 144.550943 0.000000
1692972413695061268 144.642615 0.000000
1692972413730231557 144.476590 0.000000
1692972413912280969 144.727370 0.000000
1692972413947196646 144.647201 0.000000
1692972414056947273 144.623285 0.000000
1692972414164036051 144.669587 0.000000
1692972414381301284 144.502894 0.000000
1692972414381567803 144.426472 0.000000
1692972414419030443 144.593555 0.000000
1692972414526103208 144.778049 0.000000
1692972414526188672 144.789164 0.000000
1692972414526831886 145.220742 0.000000
1692972414672019827 144.742041 0.000000
1692972414815907638 144.799353 0.000000
1692972414816256358 144.467427 0.000000
1692972414816819657 144.579267 0.000000
1692972414853848944 144.801934 0.000000
1692972414853939184 144.795153 0.000000
1692972415033962962 144.534818 0.000000
1692972415071292933 144.769032 0.000000
1692972415105645156 144.606799 0.000000
1692972415106724478 144.792752 0.000000
1692972415251274025 144.520464 0.000000
1692972415506990398 144.916399 0.000000
1692972415651772243 144.765889 0.000000
1692972415724466123 144.773838 0.000000
1692972415758036163 144.609005 0.000000
1692972416013805359 144.539804 0.000000
1692972416231516770 144.599912 0.000000
1692972416265723951 144.618856 0.000000
1692972416409626964 144.698967 0.000000
1692972416482298716 144.768644 0.000000
1692972416482843347 144.512058 0.000000
1692972416699797042 144.731203 0.000000
1692972416738159848 144.502160 0.000000
1692972416772582494 144.736559 0.000000
1692972416990428663 144.873573 0.000000
1692972417100105055 144.625451 0.000000
1692972417134377026 144.797976 0.000000
1692972417135018321 144.570267 0.000000
1692972417245043708 144.640161 0.000000
1692972417279573818 144.856769 0.000000
1692972417351834675 144.781728 0.000000
1692972417352187806 144.729076 0.000000
1692972417352624781 144.942166 0.000000
1692972417496702895 144.497227 0.000000
1692972417535150988 145.022583 0.000000
1692972417569402867 144.772803 0.000000
1692972417642151633 144.660442 0.000000
1692972417825307252 144.961501 0.000000
1692972417931226304 144.657174 0.000000
1692972417931740559 144.789030 0.000000
1692972417970489591 144.840269 0.000000
1692972418075852089 144.600597 0.000000
1692972418076430663 144.674313 0.000000
1692972418076629345 144.693026 0.000000
1692972418220911968 144.548605 0.000000
1692972418365541501 144.615922 0.000000
1692972418439734046 144.563671 0.000000
1692972418510504454 144.537875 0.000000
1692972418512217920 144.608995 0.000000
1692972418549908082 144.509324 0.000000
1692972418584547231 144.733786 0.000000
1692972418656641826 144.437474 0.000000
1692972418799796848 144.592587 0.000000
1692972418800050132 144.714516 0.000000
1692972418800078212 144.483464 0.000000
1692972418801109227 144.507224 0.000000
1692972418911669406 144.608489 0.000000
1692972419161797467 144.767233 0.000000
1692972419234526551 144.704953 0.000000
1692972419346638403 144.598896 0.000000
1692972419379757726 144.405837 0.000000
1692972419418478737 144.541042 0.000000
1692972419418779406 144.602294 0.000000
1692972419451717763 144.656710 0.000000
1692972419597186134 145.042937 0.000000
1692972419741362653 144.889035 0.000000
1692972419742132467 144.619183 0.000000
1692972419852928848 144.758246 0.000000
1692972419925596670 144.483643 0.000000
1692972419958592220 144.648177 0.000000
1692972420032102147 144.543782 0.000000
1692972420143128592 144.952742 0.000000
1692972420248393556 144.607509 0.000000
1692972420394053051 145.018711 0.000000
1692972420432579490 144.501598 0.000000
1692972420465758601 144.425602 0.000000
1692972420466640565 144.635244 0.000000
1692972420683196188 144.632447 0.000000
1692972420755687759 144.667729 0.000000
1692972420827713122 144.494658 0.000000
1692972420973834173 144.534575 0.000000
1692972421012466960 144.539552 0.000000
1692972421044518220 144.605300 0.000000
1692972421045871309 144.493645 0.000000
1692972421262784987 144.492030 0.000000
1692972421302142597 144.501021 0.000000
1692972421479661413 144.878232 0.000000
1692972421480501941 144.438786 0.000000
1692972421591613227 144.547223 0.000000
1692972421624352491 144.712677 0.000000
1692972421664189139 144.478839 0.000000
1692972421769160335 144.788684 0.000000
1692972421914088398 144.826558 0.000000
1692972422421416441 144.797313 0.000000
1692972422494725671 144.469179 0.000000
1692972422533421297 144.593863 0.000000
1692972422566162926 144.541193 0.000000
1692972422566865559 144.514300 0.000000
1692972422712092064 144.583682 0.000000
1692972422783611290 144.760733 0.000000
1692972422856673450 144.664274 0.000000
1692972422929440977 144.749136 0.000000
1692972423001274528 144.581106 0.000000
1692972423001720173 144.764031 0.000000
1692972423113293391 144.797973 0.000000
1692972423145787038 144.495546 0.000000
1692972423185208139 144.653392 0.000000
1692972423435409096 144.712079 0.000000
1692972423581042124 144.561855 0.000000
1692972423581200778 144.656991 0.000000
1692972423581376401 144.801627 0.000000
1692972423725684326 144.474713 0.000000
1692972423764643920 144.885350 0.000000
1692972423870257722 144.556888 0.000000
1692972423870290478 144.529279 0.000000
1692972423910264705 145.109336 0.000000
1692972424016104427 144.656299 0.000000
1692972424054557460 144.595874 0.000000
1692972424087084058 144.459897 0.000000
1692972424088299091 144.499770 0.000000
1692972424159267862 144.567016 0.000000
1692972424232960361 144.609644 0.000000
1692972424233115195 144.471038 0.000000
1692972424450381036 144.532198 0.000000
1692972424522220985 144.475127 0.000000
1692972424593860340 144.870456 0.000000
1692972424738774461 145.021526 0.000000
1692972424738775759 144.860793 0.000000
1692972424739531465 144.373846 0.000000
1692972424779504990 144.933777 0.000000
1692972424851991302 144.696166 0.000000
1692972424924287266 144.591894 0.000000
1692972425028486836 144.606968 0.000000
1692972425101038368 144.684577 0.000000
1692972425101414277 144.506980 0.000000
1692972425214397248 144.686582 0.000000
1692972425318416128 144.545950 0.000000
1692972425359017195 144.605930 0.000000
1692972425825159984 144.664766 0.000000
1692972425897893970 145.171524 0.000000
1692972426082874411 144.634436 0.000000
1692972426114566825 144.622257 0.000000
1692972426115287314 144.693232 0.000000
1692972426155274946 144.538882 0.000000
1692972426300047267 144.673736 0.000000
1692972426332456011 144.604255 0.000000
1692972426332729442 144.717147 0.000000
1692972426405025419 144.886821 0.000000
1692972426476464261 144.518835 0.000000
1692972426517364503 144.682997 0.000000
1692972426517544963 144.728699 0.000000
1692972426548717495 144.480352 0.000000
1692972426550000405 144.739533 0.000000
1692972426693727722 144.539831 0.000000
1692972426767064675 144.659408 0.000000
1692972426767113071 144.651815 0.000000
1692972426879865261 144.919101 0.000000
1692972426983345312 144.659953 0.000000
1692972427024707567 144.892403 0.000000
1692972427097202728 144.610283 0.000000
1692972427314767242 144.703143 0.000000
1692972427490224049 144.698111 0.000000
1692972427491247321 144.765392 0.000000
1692972427563540437 144.580333 0.000000
1692972427563691809 144.567754 0.000000
1692972427635453976 144.497831 0.000000
1692972427676690183 144.586917 0.000000
1692972427676909207 144.659644 0.000000
1692972427708564911 144.431969 0.000000
1692972427925646429 144.421725 0.000000
1692972428069741173 144.786351 0.000000
1692972428215225374 144.590144 0.000000
1692972428255937714 144.638120 0.000000
1692972428287256256 144.620969 0.000000
1692972428288220031 145.039875 0.000000
1692972428328709767 144.490989 0.000000
1692972428359268417 144.543821 0.000000
1692972428473172005 144.634295 0.000000
1692972428545582342 144.484670 0.000000
1692972428545720954 144.572805 0.000000
1692972428617957207 144.491630 0.000000
1692972428721065614 144.645949 0.000000
1692972428722051173 144.903698 0.000000
1692972428722335354 144.480911 0.000000
1692972428793494053 144.645470 0.000000
1692972428865775190 144.690788 0.000000
1692972428907710546 144.805911 0.000000
1692972429011712058 144.392840 0.000000
1692972429052809392 144.922631 0.000000
1692972429084455885 144.648836 0.000000
1692972429300503065 144.441708 0.000000
1692972429372700628 144.689543 0.000000
1692972429372711312 144.664751 0.000000
1692972429373124989 144.471943 0.000000
1692972429559658210 144.651962 0.000000
1692972429560110832 144.539030 0.000000
1692972429590393176 145.123177 0.000000
1692972429591175278 144.477026 0.000000
1692972429922323095 144.755833 0.000000
1692972429952909479 144.459956 0.000000
1692972430024828891 144.761140 0.000000
1692972430024891561 144.737070 0.000000
1692972430067090679 144.773213 0.000000
1692972430067170019 144.747889 0.000000
1692972430139126867 144.697852 0.000000
1692972430169920266 144.636239 0.000000
1692972430211694238 144.510808 0.000000
1692972430242244533 144.854121 0.000000
1692972430242574865 144.545885 0.000000
1692972430315200577 144.755240 0.000000
1692972430356653421 144.600470 0.000000
1692972430387465952 144.831894 0.000000
1692972430459504700 144.706713 0.000000
1692972430501382085 144.704613 0.000000
1692972430604819134 144.528348 0.000000
1692972430605068308 144.740546 0.000000
1692972430678036375 144.738742 0.000000
1692972430791212139 144.509679 0.000000
1692972431111736602 144.975366 0.000000
1692972431257376210 144.691531 0.000000
1692972431298694447 144.939852 0.000000
1692972431473873373 144.654249 0.000000
1692972431516500134 144.891215 0.000000
1692972431618650282 144.797311 0.000000
1692972431660944496 144.659401 0.000000
1692972431691380520 144.841341 0.000000
1692972431691725101 145.165612 0.000000
1692972431691865111 144.715400 0.000000
1692972431733760234 144.589464 0.000000
1692972431950482228 144.703814 0.000000
1692972432023446850 144.593146 0.000000
1692972432053469133 144.759287 0.000000
1692972432054021677 144.600744 0.000000
1692972432095731704 144.822819 0.000000
1692972432126059471 144.713234 0.000000
1692972432198585385 144.686639 0.000000
1692972432199260113 144.758791 0.000000
1692972432270741014 144.670658 0.000000
1692972432385303562 144.727915 0.000000
1692972432488325961 144.527484 0.000000
1692972432488507588 144.685521 0.000000
1692972432530175662 144.514037 0.000000
1692972432602749431 144.435771 0.000000
1692972432633687176 144.403336 0.000000
1692972432850908123 144.698266 0.000000
1692972432851453415 144.863084 0.000000
1692972432922307685 144.616556 0.000000
1692972432995652070 144.721524 0.000000
1692972432996253973 144.760636 0.000000
1692972433140880812 144.605253 0.000000
1692972433211891310 144.654197 0.000000
1692972433213541924 144.598400 0.000000
1692972433326265725 144.761607 0.000000
1692972433326926301 144.654853 0.000000
1692972433357368639 144.541650 0.000000
1692972433358767398 144.918781 0.000000
1692972433430132454 144.536793 0.000000
1692972433720502329 144.529398 0.000000
1692972433720548908 144.562705 0.000000
1692972433792356772 144.600357 0.000000
1692972433936404766 144.625295 0.000000
1692972433978003589 144.652242 0.000000
1692972434008716863 144.516853 0.000000
1692972434009043712 144.535336 0.000000
1692972434010017750 144.469438 0.000000
1692972434082094398 144.459398 0.000000
1692972434370685869 144.550766 0.000000
1692972434443839565 144.562021 0.000000
1692972434444379088 144.642930 0.000000
1692972434515405101 144.695030 0.000000
1692972434516386932 144.510697 0.000000
1692972434588143142 144.587491 0.000000
1692972434774378293 144.736602 0.000000
1692972434805320868 144.660976 0.000000
1692972435239709765 144.558046 0.000000
1692972435456632869 144.618697 0.000000
1692972435715789019 144.737623 0.000000
1692972435746318570 144.648743 0.000000
1692972435787992096 144.580398 0.000000
1692972435819379014 144.508261 0.000000
1692972435891207856 144.661618 0.000000
1692972436035844465 144.572444 0.000000
1692972436150040809 144.720131 0.000000
1692972436325280548 144.568073 0.000000
1692972436326028676 144.720565 0.000000
1692972436398073760 144.548779 0.000000
1692972436615383516 144.442787 0.000000
1692972436904786036 144.887771 0.000000
1692972436904904662 144.767161 0.000000
1692972436977168594 144.698772 0.000000
1692972437019509410 144.754116 0.000000
1692972437049675741 144.860843 0.000000
1692972437049720966 144.800944 0.000000
1692972437092101765 144.937013 0.000000
1692972437122043730 144.595905 0.000000
1692972437194611488 144.904654 0.000000
1692972437381814518 144.769510 0.000000
1692972437381902658 144.788569 0.000000
1692972437411882527 144.865002 0.000000
1692972437411917679 144.982135 0.000000
1692972437412188984 144.529673 0.000000
1692972437483993699 144.578521 0.000000
1692972437701350347 144.773138 0.000000
1692972437702208686 144.956840 0.000000
1692972437774553596 144.826638 0.000000
1692972437845995543 144.630197 0.000000
1692972437846755879 144.530741 0.000000
1692972437991582046 144.740308 0.000000
1692972438064275190 144.609243 0.000000
1692972438106502885 144.478788 0.000000
1692972438136101876 144.716551 0.000000
1692972438178669121 144.589371 0.000000
1692972438353058392 144.621897 0.000000
1692972438572822967 144.462205 0.000000
1692972438761207316 146.174439 0.000000
1692972438788690925 145.596806 0.000000
1692972438861199946 144.526089 0.000000
1692972439150223745 144.473465 0.000000
1692972439268131263 144.561996 0.000000
1692972439297469686 144.542791 0.000000
1692972439511558218 144.522453 0.000000
1692972439584708653 144.396161 0.000000
1692972439729451870 144.411416 0.000000
1692972439847725668 144.660164 0.000000
1692972440018437264 144.546043 0.000000
1692972440018939511 144.543652 0.000000
1692972440090963558 144.648801 0.000000
1692972440236230511 144.771366 0.000000
1692972440236363630 144.883010 0.000000
1692972440381124968 144.694097 0.000000
1692972440815799362 144.560536 0.000000
1692972440816000580 144.795121 0.000000
1692972440960621937 144.603416 0.000000
1692972441033128666 144.492007 0.000000
1692972441105502912 144.547384 0.000000
1692972441151135147 144.599615 0.000000
1692972441151816084 144.466762 0.000000
1692972441324712999 144.690517 0.000000
1692972441613060336 145.185050 0.000000
1692972441758066852 144.852919 0.000000
1692972441758751578 144.433440 0.000000
1692972441902597473 144.571846 0.000000
1692972442264976760 144.432381 0.000000
1692972442382682346 144.671796 0.000000
1692972442409237387 144.670414 0.000000
1692972442599965796 144.567611 0.000000
1692972442600513597 144.594939 0.000000
1692972442916701144 144.578435 0.000000
1692972442961965314 144.628667 0.000000
1692972443035066277 144.664335 0.000000
1692972443061140788 144.471820 0.000000
1692972443133857838 144.538762 0.000000
1692972443179061251 144.651679 0.000000
1692972443206325003 144.611457 0.000000
1692972443278958545 144.632665 0.000000
1692972443350927984 144.500049 0.000000
1692972443351267999 144.608775 0.000000
1692972443569242547 145.020606 0.000000
1692972443613570476 144.613556 0.000000
1692972443759035936 144.522369 0.000000
1692972443785520673 144.473269 0.000000
1692972443786324641 144.531474 0.000000
1692972443857614332 144.597419 0.000000
1692972443857627818 144.652933 0.000000
1692972443858028719 144.555676 0.000000
1692972443930356456 144.819449 0.000000
1692972443930826869 144.555792 0.000000
1692972444074752912 144.700011 0.000000
1692972444075159411 144.677344 0.000000
1692972444220367988 144.596865 0.000000
1692972444220612386 144.698587 0.000000
1692972444291651012 144.495179 0.000000
1692972444410222307 144.538165 0.000000
1692972444508932668 144.539823 0.000000
1692972444653700787 144.668458 0.000000
1692972444726169410 144.835435 0.000000
1692972444844742344 144.555746 0.000000
1692972444943537888 144.731598 0.000000
1692972444944234912 144.743006 0.000000
1692972445016003339 144.524557 0.000000
1692972445016299362 144.522298 0.000000
1692972445160779791 144.705708 0.000000
1692972445207182444 144.782486 0.000000
1692972445207184404 144.828026 0.000000
1692972445233132124 144.612927 0.000000
1692972445279375552 144.636791 0.000000
1692972445377776413 144.526100 0.000000
1692972445378422309 144.532956 0.000000
1692972445450382832 144.660814 0.000000
1692972445522872292 144.712684 0.000000
1692972445740343513 144.756911 0.000000
1692972445740422286 144.686533 0.000000
1692972445859183811 144.933046 0.000000
1692972445885302247 144.715705 0.000000
1692972445957425578 144.589271 0.000000
1692972445957920392 144.815307 0.000000
1692972446004084086 144.609283 0.000000
1692972446102352120 144.512381 0.000000
1692972446174387334 144.516277 0.000000
1692972446247530638 144.474710 0.000000
1692972446366022998 144.552134 0.000000
1692972446464628714 144.469062 0.000000
1692972446464683156 144.445041 0.000000
1692972446536643778 144.561852 0.000000
1692972446609122483 144.685495 0.000000
1692972446681210276 144.616865 0.000000
1692972446681505853 144.684573 0.000000
1692972446873218932 144.678583 0.000000
1692972446898474288 144.646348 0.000000
1692972446899107013 144.857855 0.000000
1692972446971237018 144.951417 0.000000
1692972446971363367 144.856622 0.000000
1692972447188284641 144.581782 0.000000
1692972447261355271 144.712546 0.000000
1692972447332901590 144.601478 0.000000
1692972447622623221 144.646483 0.000000
1692972447695384773 144.579120 0.000000
1692972447768043772 144.580023 0.000000
1692972447815058609 144.630334 0.000000
1692972447840489280 145.029558 0.000000
1692972447887606783 144.695296 0.000000
1692972447959962232 144.811304 0.000000
1692972448202294827 144.537343 0.000000
1692972448203002376 144.589779 0.000000
1692972448321862218 144.630275 0.000000
1692972448347370801 144.680681 0.000000
1692972448611596536 144.689481 0.000000
1692972448683996092 144.481653 0.000000
1692972448708793889 144.462690 0.000000
1692972448756235295 144.627473 0.000000
1692972448781815320 144.571693 0.000000
1692972448901081320 144.696532 0.000000
1692972448927332829 144.539824 0.000000
1692972449263013263 144.726682 0.000000
1692972449433081600 144.543521 0.000000
1692972449433143649 144.578929 0.000000
1692972449650760085 144.534234 0.000000
1692972449794658151 144.534851 0.000000
1692972449795591901 144.540985 0.000000
1692972449939234283 144.505898 0.000000
1692972449940349955 144.515741 0.000000
1692972449986876189 144.593226 0.000000
1692972450084487242 144.499924 0.000000
1692972450085192836 144.599926 0.000000
1692972450229618061 144.582686 0.000000
1692972450276456676 144.661389 0.000000
1692972450421327456 144.792827 0.000000
1692972450518262032 144.714358 0.000000
1692972450518346574 144.644003 0.000000
1692972450590636658 144.668691 0.000000
1692972450591722767 144.688885 0.000000
1692972450662929240 144.594354 0.000000
1692972450662989660 144.487179 0.000000
1692972450664025682 144.476674 0.000000
1692972450710655782 144.504113 0.000000
1692972450927985439 144.636421 0.000000
1692972450952610535 144.543440 0.000000
1692972451000140977 144.663007 0.000000
1692972451000185109 144.496240 0.000000
1692972451025415777 144.549083 0.000000
1692972451507450830 144.709980 0.000000
1692972451580094045 144.699025 0.000000
1692972451652153805 144.687173 0.000000
1692972451652377154 144.690375 0.000000
1692972451750179093 144.573418 0.000000
1692972451822835629 144.517825 0.000000
1692972451894467370 144.697296 0.000000
1692972451967550777 144.513710 0.000000
1692972452184304218 144.581797 0.000000
1692972452184935154 144.942053 0.000000
1692972452185322930 145.167116 0.000000
1692972452547294480 144.532462 0.000000
1692972452593898629 144.774449 0.000000
1692972452764218542 144.470688 0.000000
1692972452810949651 144.697004 0.000000
1692972452811002664 144.590742 0.000000
1692972452883631916 144.570385 0.000000
1692972452908529905 144.482982 0.000000
1692972453125109025 144.505719 0.000000
1692972453246049195 144.881210 0.000000
1692972453270384688 144.712248 0.000000
1692972453415967127 144.719145 0.000000
1692972453488322513 144.685782 0.000000
1692972453608432344 144.640807 0.000000
1692972453704925863 144.590711 0.000000
1692972453777881091 144.583124 0.000000
1692972453849552112 144.541092 0.000000
1692972453850513376 144.661431 0.000000
1692972453850551499 144.645083 0.000000
1692972453922049610 144.619370 0.000000
1692972453922138699 144.731278 0.000000
1692972453970208518 144.577145 0.000000
1692972454067090670 144.557238 0.000000
1692972454139467925 144.831455 0.000000
1692972454502011408 144.761407 0.000000
1692972454549283588 144.671933 0.000000
1692972454549299680 144.721108 0.000000
1692972454718898987 144.528576 0.000000
1692972454766272708 144.609871 0.000000
1692972454766569212 144.519185 0.000000
1692972454791119598 144.577530 0.000000
1692972454792116770 144.801469 0.000000
1692972454838750928 144.555509 0.000000
1692972454936325116 144.709496 0.000000
1692972454983480902 144.785633 0.000000
1692972454983547176 144.677978 0.000000
1692972455009277708 144.529809 0.000000
1692972455080446757 144.579784 0.000000
1692972455154094949 144.711490 0.000000
1692972455273805671 145.197769 0.000000
1692972455370531994 144.578212 0.000000
1692972455515725022 144.619832 0.000000
1692972455563617063 144.813137 0.000000
1692972455660402308 144.453310 0.000000
1692972455805273438 144.579158 0.000000
1692972455878187726 144.655986 0.000000
1692972456070629674 144.621460 0.000000
1692972456311989901 144.598516 0.000000
1692972456312271455 144.680617 0.000000
1692972456456851543 144.780313 0.000000
1692972456456885803 144.653409 0.000000
1692972456529307269 144.723652 0.000000
1692972456529444343 144.701360 0.000000
1692972456530083733 144.459643 0.000000
1692972456577929741 144.619419 0.000000
1692972456674173843 144.710953 0.000000
1692972456674386628 144.658521 0.000000
1692972456867791673 144.781170 0.000000
1692972456940005237 144.586112 0.000000
1692972456964167501 144.477264 0.000000
1692972457157263942 144.461291 0.000000
1692972457181040877 144.602960 0.000000
1692972457229574141 144.460469 0.000000
1692972457253687166 144.706245 0.000000
1692972457398660441 144.756431 0.000000
1692972457446604356 144.607471 0.000000
1692972457519211037 144.589293 0.000000
1692972457543658745 144.851815 0.000000
1692972457616203493 144.709092 0.000000
1692972457663956564 144.661502 0.000000
1692972457736449902 144.631396 0.000000
1692972457905343806 144.526844 0.000000
1692972458098672241 144.721845 0.000000
1692972458121709607 144.650976 0.000000
1692972458338929491 144.690423 0.000000
1692972458412831847 144.725359 0.000000
1692972458484564813 144.596945 0.000000
1692972458556114935 144.669239 0.000000
1692972458701929419 144.423307 0.000000
1692972458918167081 144.620119 0.000000
1692972458918320643 144.684308 0.000000
1692972459062728839 144.535782 0.000000
1692972459063393047 144.694797 0.000000
1692972459135470649 144.631204 0.000000
1692972459136404318 144.523966 0.000000
1692972459136450104 144.616585 0.000000
1692972459570517880 144.585653 0.000000
1692972459787943843 144.719021 0.000000
1692972459859413265 144.471934 0.000000
1692972460005171827 144.686281 0.000000
1692972460293509925 144.489639 0.000000
1692972460295020093 144.662560 0.000000
1692972460439643673 144.542647 0.000000
1692972460439877316 144.715718 0.000000
1692972460584800753 144.701561 0.000000
1692972460707566698 144.477601 0.000000
1692972460852374661 144.588461 0.000000
1692972460945750477 144.675451 0.000000
1692972460946475356 144.538973 0.000000
1692972460946602446 144.410249 0.000000
1692972460997199844 144.808088 0.000000
1692972461142186752 144.654752 0.000000
1692972461162073915 144.682019 0.000000
1692972461214670060 145.067129 0.000000
1692972461214875096 145.219323 0.000000
1692972461308470592 144.604530 0.000000
1692972461432263256 144.699756 0.000000
1692972461597820307 144.471217 0.000000
1692972461794490155 144.794375 0.000000
1692972461813336670 144.586342 0.000000
1692972461887553054 144.515594 0.000000
1692972462176746600 144.504717 0.000000
1692972462392605005 144.400745 0.000000
1692972462394116140 144.516544 0.000000
1692972462466446257 144.718368 0.000000
1692972462611235916 144.745792 0.000000
1692972462681801021 144.577290 0.000000
1692972462683565961 144.660569 0.000000
1692972462972050435 144.516954 0.000000
1692972463116584283 144.414872 0.000000
1692972463190729962 144.597481 0.000000
1692972463262863450 144.541587 0.000000
1692972463532931522 144.478250 0.000000
1692972463550495433 144.611492 0.000000
1692972463696513349 144.561773 0.000000
1692972463749990324 144.729027 0.000000
1692972463767496856 144.557413 0.000000
1692972463768964947 144.409159 0.000000
1692972463894568470 144.553468 0.000000
1692972464039494715 144.644591 0.000000
1692972464111760355 144.563792 0.000000
1692972464112267198 144.981758 0.000000
1692972464131335072 144.595618 0.000000
1692972464203608911 144.524690 0.000000
1692972464401572324 144.742021 0.000000
1692972464401575101 144.918311 0.000000
1692972464401632354 144.683094 0.000000
1692972464420595363 144.548046 0.000000
1692972464491536823 144.598543 0.000000
1692972464618878063 144.628227 0.000000
1692972464636369469 144.565425 0.000000
1692972464708368060 144.505035 0.000000
1692972464780917940 144.473462 0.000000
1692972464981097308 144.710309 0.000000
1692972464997992952 144.497654 0.000000
1692972465142551106 144.539209 0.000000
1692972465142644704 144.570432 0.000000
1692972465214844842 144.562022 0.000000
1692972465216396180 144.479159 0.000000
1692972465216483984 144.479986 0.000000
1692972465359474600 144.523973 0.000000
1692972465359569596 144.623870 0.000000
1692972465560874945 144.606193 0.000000
1692972465578580685 144.434601 0.000000
1692972465722133672 144.445094 0.000000
1692972466430438607 144.707073 0.000000
1692972466446672497 144.537052 0.000000
1692972466518193913 144.544129 0.000000
1692972466591471574 144.422306 0.000000
1692972466648264200 145.151038 0.000000
1692972466663049004 144.543832 0.000000
1692972466720423588 144.706902 0.000000
1692972466735610170 144.673394 0.000000
1692972466792612389 144.447750 0.000000
1692972466808150578 144.652939 0.000000
1692972466937394786 144.478497 0.000000
1692972467010005142 144.400616 0.000000
1692972467025631390 144.696072 0.000000
1692972467242813191 144.592560 0.000000
1692972467371761301 144.509372 0.000000
1692972467444457460 144.725138 0.000000
1692972467589473002 145.204311 0.000000
1692972467749304532 144.625382 0.000000
1692972467807236896 144.919980 0.000000
1692972467821842154 144.486735 0.000000
1692972467822055554 144.437886 0.000000
1692972467879216776 144.574223 0.000000
1692972467893751951 144.440943 0.000000
1692972467966138806 144.557413 0.000000
1692972467966298537 144.437234 0.000000
1692972468110868259 144.719410 0.000000
1692972468110915188 144.528156 0.000000
1692972468169109179 144.791002 0.000000
1692972468184320875 144.833569 0.000000
1692972468256183452 144.525158 0.000000
1692972468329098674 144.593085 0.000000
1692972468401705781 144.570598 0.000000
1692972468459046013 144.801605 0.000000
1692972468690858615 144.459230 0.000000
1692972468749227136 144.942493 0.000000
1692972468749316684 144.918953 0.000000
1692972468762569219 144.678619 0.000000
1692972468907204322 144.618835 0.000000
1692972468908644748 144.550416 0.000000
1692972468979688568 144.567962 0.000000
1692972468980008456 144.459480 0.000000
1692972469051752513 144.523549 0.000000
1692972469125804811 144.613869 0.000000
1692972469183723181 144.614760 0.000000
1692972469184561223 144.993093 0.000000
1692972469401358608 144.531180 0.000000
1692972469487458182 144.550210 0.000000
1692972469558431462 144.533931 0.000000
1692972469618609145 144.777263 0.000000
1692972469630786924 144.548100 0.000000
1692972469775300190 144.492111 0.000000
1692972469848555765 144.439667 0.000000
1692972469908253053 144.657024 0.000000
1692972469992992211 144.588859 0.000000
1692972470210053678 144.624426 0.000000
1692972470426913637 144.508146 0.000000
1692972470560704893 144.839271 0.000000
1692972470560766296 144.887031 0.000000
1692972470571566318 144.565078 0.000000
1692972470705478521 144.705886 0.000000
1692972470716514877 144.696413 0.000000
1692972470788738693 144.428305 0.000000
1692972470861434961 144.650432 0.000000
1692972471078040072 144.513063 0.000000
1692972471151092070 144.633306 0.000000
1692972471367914686 144.535745 0.000000
1692972471368143162 144.533349 0.000000
1692972471368766770 144.499310 0.000000
1692972471369784113 144.512004 0.000000
1692972471503117154 144.797562 0.000000
1692972471586544389 144.624721 0.000000
1692972471586686128 144.453974 0.000000
1692972471720353185 144.914133 0.000000
1692972471720444072 144.903849 0.000000
1692972471731165923 144.598655 0.000000
1692972471937458272 144.560136 0.000000
1692972472092555955 144.584993 0.000000
1692972472227181347 144.460854 0.000000
1692972472299171173 144.524512 0.000000
1692972472371801296 144.669659 0.000000
1692972472382162935 144.581750 0.000000
1692972472454020990 144.655170 0.000000
1692972472670993026 144.595371 0.000000
1692972472806947931 144.840621 0.000000
1692972472807041032 144.931291 0.000000
1692972473024148643 144.666211 0.000000
1692972473033220351 144.647171 0.000000
1692972473096506103 144.686758 0.000000
1692972473106727786 144.458407 0.000000
1692972473177986022 144.715370 0.000000
1692972473322866716 144.702850 0.000000
1692972473613131030 144.749368 0.000000
1692972473613208330 144.786298 0.000000
1692972473684630377 144.510340 0.000000
1692972473684838265 144.466986 0.000000
1692972473748673548 144.730129 0.000000
1692972473975024613 144.573926 0.000000
1692972474047124293 144.503993 0.000000
1692972474192013566 144.552786 0.000000
1692972474408828072 144.505553 0.000000
1692972474553315712 144.654677 0.000000
1692972474625367721 144.534152 0.000000
1692972474626198270 144.564343 0.000000
1692972474762929001 144.622783 0.000000
1692972474769783384 144.399154 0.000000
1692972474843538233 144.732925 0.000000
1692972474915333420 144.691276 0.000000
1692972475052503311 144.614123 0.000000
1692972475277527883 144.530543 0.000000
1692972475350051342 144.503796 0.000000
1692972475350235446 144.646954 0.000000
1692972475421219432 144.521171 0.000000
1692972475494990438 144.497710 0.000000
1692972475560047985 144.749953 0.000000
1692972475560110876 144.764441 0.000000
1692972475638149310 144.482562 0.000000
1692972475711384181 144.546249 0.000000
1692972475849669753 144.744965 0.000000
1692972476000566524 144.573803 0.000000
1692972476072910526 144.574961 0.000000
1692972476356877697 144.632789 0.000000
1692972476362323271 144.656660 0.000000
1692972476362368807 144.569041 0.000000
1692972476501959454 144.737733 0.000000
1692972476507421246 144.569698 0.000000
1692972476574591329 144.579029 0.000000
1692972476647074389 144.659968 0.000000
1692972476719256083 144.647819 0.000000
1692972476724379048 144.596355 0.000000
1692972476791753576 144.685703 0.000000
1692972476869546419 144.687421 0.000000
1692972476941357347 144.416477 0.000000
1692972476942152790 144.569277 0.000000
1692972477009076721 144.682235 0.000000
1692972477158222683 144.535858 0.000000
1692972477226426908 144.852759 0.000000
1692972477376326054 144.546858 0.000000
1692972477443759363 144.750116 0.000000
1692972477516328296 144.688337 0.000000
1692972477516635931 144.856783 0.000000
1692972477520151903 144.458960 0.000000
1692972477665611843 144.403856 0.000000
1692972477737356487 144.511662 0.000000
1692972477737954791 144.389368 0.000000
1692972477810401691 144.535086 0.000000
1692972478027510968 144.629260 0.000000
1692972478096071776 144.651371 0.000000
1692972478099593547 144.425617 0.000000
1692972478172050018 144.517841 0.000000
1692972478172296461 144.640877 0.000000
1692972478240822087 144.726259 0.000000
1692972478243666885 144.471774 0.000000
1692972478388575468 144.507231 0.000000
1692972478603048945 144.721974 0.000000
1692972478678630627 144.506304 0.000000
1692972478822820821 144.516146 0.000000
1692972478823152171 144.436241 0.000000
1692972478895200474 144.434427 0.000000
1692972478965364756 144.664747 0.000000
1692972479039944620 144.692762 0.000000
1692972479112720593 144.523788 0.000000
1692972479256932913 144.435343 0.000000
1692972479327670321 144.766566 0.000000
1692972479328163862 144.627760 0.000000
1692972479329450476 144.797052 0.000000
1692972479545197917 144.557752 0.000000
1692972479545486898 144.823093 0.000000
1692972479836391262 144.425841 0.000000
1692972480124538096 144.602024 0.000000
1692972480196951777 144.689016 0.000000
1692972480196953957 144.706696 0.000000
1692972480197953283 144.521967 0.000000
1692972480416064122 144.637731 0.000000
1692972480631799213 144.504457 0.000000
1692972480776540766 144.755440 0.000000
1692972480776633872 144.532172 0.000000
1692972481211509436 144.727730 0.000000
1692972481284939528 144.587529 0.000000
1692972481356695181 144.793744 0.000000
1692972481429237986 144.782347 0.000000
1692972481573331067 144.553851 0.000000
1692972481574788432 144.550668 0.000000
1692972481646038500 144.536562 0.000000
1692972481718044158 144.688675 0.000000
1692972481863544317 144.760300 0.000000
1692972481935319389 144.734115 0.000000
1692972481936045290 144.957804 0.000000
1692972482009080680 144.883637 0.000000
1692972482226636903 144.484360 0.000000
1692972482227599845 144.557268 0.000000
1692972482298487690 144.552266 0.000000
1692972482442794712 144.685575 0.000000
1692972482444873786 144.475613 0.000000
1692972482515641909 144.687345 0.000000
1692972482588301290 144.551425 0.000000
1692972482732831415 144.488638 0.000000
1692972482805594903 144.497599 0.000000
1692972482949813459 144.760069 0.000000
1692972482951047756 144.446320 0.000000
1692972483167711805 144.509587 0.000000
1692972483240122313 144.812309 0.000000
1692972483457750777 144.377810 0.000000
1692972483529789170 144.726420 0.000000
1692972483531186029 144.639042 0.000000
1692972483747599731 145.051400 0.000000
1692972483748083791 144.513455 0.000000
1692972483819698625 144.701828 0.000000
1692972483820549857 144.703111 0.000000
1692972483965452722 144.393657 0.000000
1692972484038029831 144.767394 0.000000
1692972484110999627 145.529785 0.000000
1692972484471704255 144.693292 0.000000
1692972484472061319 144.426051 0.000000
1692972484545261395 144.381142 0.000000
1692972484762115203 144.701324 0.000000
1692972484763160954 144.649471 0.000000
1692972484980404586 144.775934 0.000000
1692972485051482974 144.716405 0.000000
1692972485197339426 145.149972 0.000000
1692972485270216481 144.881874 0.000000
1692972485342113349 144.464555 0.000000
1692972485487671750 144.598085 0.000000
1692972485559304305 144.734172 0.000000
1692972485776346403 144.733043 0.000000
1692972485993607701 144.740340 0.000000
1692972485994796768 144.790998 0.000000
1692972486066346054 144.845574 0.000000
1692972486138855003 144.587409 0.000000
1692972486139200721 144.585545 0.000000
1692972486284438962 144.623043 0.000000
