1692986619277246145 176.470681 0.000000
1692986619403194400 176.914459 0.000000
1692986619630247431 176.618905 0.000000
1692986619836121370 176.578688 0.000000
1692986619895265753 176.640656 0.000000
1692986619997276372 176.948468 0.000000
1692986620149626786 176.489739 0.000000
1692986620287121522 176.556651 0.000000
1692986620431606367 176.496997 0.000000
1692986620679720861 176.495459 0.000000
1692986621192926411 176.554696 0.000000
1692986621268486584 176.521559 0.000000
1692986621634414006 176.511291 0.000000
1692986622158139062 176.555518 0.000000
1692986622282132171 176.511661 0.000000
1692986622324175481 176.585098 0.000000
1692986622641144930 176.652995 0.000000
1692986622688030540 176.505697 0.000000
1692986622841913872 176.570042 0.000000
1692986622947304006 176.530360 0.000000
1692986622978348014 176.565401 0.000000
1692986623204448543 176.983073 0.000000
1692986623207841590 176.526642 0.000000
1692986623218181101 176.510454 0.000000
1692986623389120487 176.570037 0.000000
1692986623410310093 176.536900 0.000000
1692986623503002813 176.487816 0.000000
1692986623565745973 176.607118 0.000000
1692986623836551737 176.554967 0.000000
1692986623862000988 176.518793 0.000000
1692986624361055620 176.605244 0.000000
1692986624392183273 176.626478 0.000000
1692986624475489901 176.593843 0.000000
1692986624530291707 176.646479 0.000000
1692986624668457014 176.587682 0.000000
1692986625244958721 176.580522 0.000000
1692986625494249347 176.553518 0.000000
1692986625502845771 176.590941 0.000000
1692986625604482560 176.526080 0.000000
1692986625619792780 176.589452 0.000000
1692986625623195776 176.555217 0.000000
1692986625734503143 176.522958 0.000000
1692986625767925752 176.626414 0.000000
1692986625957920286 176.507016 0.000000
1692986626263634237 176.581934 0.000000
1692986626347739414 176.597882 0.000000
1692986626393829738 176.615237 0.000000
1692986626626153282 176.650485 0.000000
1692986626670356258 176.638541 0.000000
1692986626731682149 176.619908 0.000000
1692986626860165806 176.604597 0.000000
1692986626954970938 176.535647 0.000000
1692986627125148321 176.630678 0.000000
1692986627200584720 176.630564 0.000000
1692986627902871755 176.924808 0.000000
1692986627952879562 176.950458 0.000000
1692986627996106310 176.647416 0.000000
1692986628120427684 176.493013 0.000000
1692986628129445319 176.549504 0.000000
1692986628192581459 176.553694 0.000000
1692986628473816272 176.550753 0.000000
1692986628733481671 176.605034 0.000000
1692986628879892264 176.513110 0.000000
1692986628893049740 176.624825 0.000000
1692986628910212217 176.705673 0.000000
1692986629092452592 176.613694 0.000000
1692986629229018330 176.546147 0.000000
1692986629341546204 176.519910 0.000000
1692986629764006161 176.690488 0.000000
1692986630117531983 176.599942 0.000000
1692986630283755994 176.591326 0.000000
1692986630313953822 176.597411 0.000000
1692986630339266724 176.488132 0.000000
1692986630445163825 176.451486 0.000000
1692986630579143609 176.846165 0.000000
1692986630604457429 176.540498 0.000000
1692986630781053517 176.572453 0.000000
1692986630943454984 176.561315 0.000000
1692986631075835888 176.631795 0.000000
1692986631103634718 176.572518 0.000000
1692986631125991946 176.520597 0.000000
1692986631517330311 176.570824 0.000000
1692986631609988686 176.594138 0.000000
1692986631881307489 176.543786 0.000000
1692986631998647117 176.633034 0.000000
1692986632045437561 176.535441 0.000000
1692986632186897100 176.567241 0.000000
1692986632588489111 176.597331 0.000000
1692986632717236136 176.570453 0.000000
1692986632754454289 176.524883 0.000000
1692986632882512842 176.508719 0.000000
1692986633019388146 176.589006 0.000000
1692986633048682256 176.537837 0.000000
1692986633059064155 176.529884 0.000000
1692986633313818262 176.694567 0.000000
1692986633362585267 176.533903 0.000000
1692986633589339974 176.537557 0.000000
1692986633765896970 176.537957 0.000000
1692986633849658127 176.633309 0.000000
1692986633890858995 176.600393 0.000000
1692986633892808017 176.542087 0.000000
1692986633901868992 176.529769 0.000000
1692986633903162964 176.508544 0.000000
1692986634067488671 176.605355 0.000000
1692986634069382404 176.551123 0.000000
1692986634073531772 176.544517 0.000000
1692986634338274248 176.600007 0.000000
1692986634343871982 176.591939 0.000000
1692986634463584749 176.623296 0.000000
1692986634822946826 176.596063 0.000000
1692986634863274512 176.563963 0.000000
1692986635133246154 176.588916 0.000000
1692986635227565386 176.580156 0.000000
1692986635298492730 176.729143 0.000000
1692986635393352775 176.545575 0.000000
1692986635651829508 176.543620 0.000000
1692986635752216688 176.590324 0.000000
1692986635970964176 176.604803 0.000000
1692986636076605862 176.674676 0.000000
1692986636100365539 176.620700 0.000000
1692986636105146498 176.574181 0.000000
1692986636365291533 176.498210 0.000000
1692986636641610624 176.675768 0.000000
1692986636642792941 176.458041 0.000000
1692986636655660161 176.562926 0.000000
1692986636699486922 176.575239 0.000000
1692986636895371951 176.583404 0.000000
1692986637120630435 176.559768 0.000000
1692986637260212834 176.589711 0.000000
1692986637349879131 176.533372 0.000000
1692986637436871912 176.640550 0.000000
1692986637468793911 176.540012 0.000000
1692986637519124019 176.539927 0.000000
1692986637781383094 176.509667 0.000000
1692986637956026823 176.559252 0.000000
1692986638269086417 176.540814 0.000000
1692986638290851712 176.822846 0.000000
1692986638392890486 176.564434 0.000000
1692986638840370460 176.541366 0.000000
1692986638865125650 176.616560 0.000000
1692986638874563598 176.561211 0.000000
1692986638882806854 176.531332 0.000000
1692986639049052827 176.581744 0.000000
1692986639064257948 176.561497 0.000000
1692986639170901029 176.758967 0.000000
1692986639571988926 176.712098 0.000000
1692986639589675869 176.601346 0.000000
1692986639646939241 176.564452 0.000000
1692986639724292380 176.566830 0.000000
1692986639902514433 177.181344 0.000000
1692986639934512602 176.431756 0.000000
1692986640031371264 176.625453 0.000000
1692986640054494144 176.513807 0.000000
1692986640102119897 176.564545 0.000000
1692986640301583261 176.571846 0.000000
1692986640431563261 176.550868 0.000000
1692986640441709567 176.586661 0.000000
1692986640544131202 176.726963 0.000000
1692986640566596046 176.570228 0.000000
1692986640826747697 176.631100 0.000000
1692986641139415098 177.025111 0.000000
1692986641381267891 176.720017 0.000000
1692986641450574213 176.523353 0.000000
1692986641525385132 176.585592 0.000000
1692986641591169396 176.515946 0.000000
1692986641700742777 176.661849 0.000000
1692986641799290020 176.654353 0.000000
1692986642023320525 176.609273 0.000000
1692986642068953605 176.440757 0.000000
1692986642232609308 176.597310 0.000000
1692986642289005876 176.595096 0.000000
1692986642607118922 176.540679 0.000000
1692986642761717203 176.543696 0.000000
1692986642978030180 176.598544 0.000000
1692986643006251728 176.663324 0.000000
1692986643129537592 176.507005 0.000000
1692986643137472045 176.563808 0.000000
1692986643173232320 176.740349 0.000000
1692986644367217561 176.563081 0.000000
1692986644442234880 176.506369 0.000000
1692986644463501690 176.525003 0.000000
1692986644720810164 176.602448 0.000000
1692986645039912397 176.637289 0.000000
1692986645059293955 176.507156 0.000000
1692986645305000654 176.636376 0.000000
1692986645414329917 176.463659 0.000000
1692986645738858501 176.627902 0.000000
1692986645767635677 176.468035 0.000000
1692986645865303217 176.661284 0.000000
1692986646012253612 176.587312 0.000000
1692986646155461190 176.590059 0.000000
1692986646223149220 176.487971 0.000000
1692986646269293956 176.668656 0.000000
1692986646365762806 176.709747 0.000000
1692986646542355085 176.568068 0.000000
1692986646602147156 176.543701 0.000000
1692986646740230853 176.714494 0.000000
1692986646944952591 176.601977 0.000000
1692986646984609742 176.627697 0.000000
1692986647283471248 176.565858 0.000000
1692986648242299530 176.580998 0.000000
1692986648325447209 176.554336 0.000000
1692986648412321381 176.685967 0.000000
1692986648575517484 176.547700 0.000000
1692986648772118119 176.501037 0.000000
1692986648782121353 176.577569 0.000000
1692986649275711998 176.540345 0.000000
1692986649296026738 176.629726 0.000000
1692986649312275689 176.565482 0.000000
1692986649345891723 176.507922 0.000000
1692986649656934117 176.514729 0.000000
1692986649774033907 176.660603 0.000000
1692986650601923122 176.619327 0.000000
1692986651070794136 176.439444 0.000000
1692986651308553812 176.529294 0.000000
1692986651417445171 176.548432 0.000000
1692986651464366901 176.519058 0.000000
1692986651541415122 176.536104 0.000000
1692986651552764980 176.478410 0.000000
1692986651600553843 176.423070 0.000000
1692986651895225888 176.433474 0.000000
1692986651954015351 176.609394 0.000000
1692986652192286680 176.756605 0.000000
1692986652248522808 176.562795 0.000000
1692986652421120680 176.720827 0.000000
1692986652425220638 176.473307 0.000000
1692986652789306304 176.466938 0.000000
1692986652934722436 176.509872 0.000000
1692986652969164229 176.579224 0.000000
1692986653164467881 176.654599 0.000000
1692986653167402076 176.545228 0.000000
1692986653216267885 176.578582 0.000000
1692986653319286053 176.567892 0.000000
1692986653341169595 176.587498 0.000000
1692986653368272820 176.698356 0.000000
1692986653526620518 176.767292 0.000000
1692986653694835183 176.729473 0.000000
1692986653783286091 176.620849 0.000000
1692986653839377428 176.521229 0.000000
1692986653852883529 176.504696 0.000000
1692986653898738421 176.631781 0.000000
1692986653960024084 176.632458 0.000000
1692986654228196706 176.527965 0.000000
1692986654365476725 176.680044 0.000000
1692986654578935710 176.546141 0.000000
1692986654645454538 176.507773 0.000000
1692986654755525398 176.568488 0.000000
1692986654763483000 176.570227 0.000000
1692986654782774297 176.630418 0.000000
1692986654824976832 176.537486 0.000000
1692986654910333037 176.437294 0.000000
1692986655288643182 176.562354 0.000000
1692986655294138718 176.487220 0.000000
1692986655410078894 176.570127 0.000000
1692986655728066744 176.558420 0.000000
1692986655730456767 176.563393 0.000000
1692986655796925594 176.651221 0.000000
1692986656061854319 176.537512 0.000000
1692986656081395669 176.477147 0.000000
1692986656089439968 176.564259 0.000000
1692986656314042901 176.540088 0.000000
1692986656346511228 176.647769 0.000000
1692986656796361043 176.524586 0.000000
1692986656912638044 176.680704 0.000000
1692986656965244229 176.644536 0.000000
1692986657263039554 176.502195 0.000000
1692986657286028939 176.509883 0.000000
1692986657387398661 176.525258 0.000000
1692986657528023032 176.574347 0.000000
1692986657612808613 176.674962 0.000000
1692986657768483800 176.637985 0.000000
1692986657816090128 176.611058 0.000000
1692986657856837246 176.580947 0.000000
1692986657945081553 176.582261 0.000000
1692986657988108421 176.550732 0.000000
1692986658002283369 176.616651 0.000000
1692986658058467363 176.653391 0.000000
1692986658149930642 176.579289 0.000000
1692986658202487643 176.494532 0.000000
1692986658696365537 176.766044 0.000000
1692986658788153642 176.509858 0.000000
1692986658917760835 176.520377 0.000000
1692986659151287243 176.552327 0.000000
1692986659207344897 176.605821 0.000000
1692986659262320643 176.574974 0.000000
1692986659685328326 176.666848 0.000000
1692986659740733903 176.573130 0.000000
1692986659822246961 176.554952 0.000000
1692986659891069199 176.478081 0.000000
1692986660022190683 176.583484 0.000000
1692986660067653762 176.574602 0.000000
1692986660235847023 176.595387 0.000000
1692986660464141859 176.591697 0.000000
1692986660509669784 176.517515 0.000000
1692986660618290844 176.436917 0.000000
1692986660766077050 176.471571 0.000000
1692986660942548849 176.448038 0.000000
1692986661010661692 176.469784 0.000000
1692986661065648845 176.388540 0.000000
1692986661068838364 176.349219 0.000000
1692986661128369177 176.453250 0.000000
1692986661147818968 176.362369 0.000000
1692986661187087138 176.402603 0.000000
1692986661360348394 176.376006 0.000000
1692986661733230245 176.421131 0.000000
1692986661825765293 176.478214 0.000000
1692986662002216900 176.427737 0.000000
1692986662321708084 176.584952 0.000000
1692986662387754113 176.548799 0.000000
1692986662440253710 176.719927 0.000000
1692986662630695210 176.628053 0.000000
1692986662826843813 176.647368 0.000000
1692986663072490853 176.568305 0.000000
1692986663189508311 176.495369 0.000000
1692986663357201848 176.647618 0.000000
1692986663380130478 176.605810 0.000000
1692986663445485872 176.531042 0.000000
1692986663710425202 176.500385 0.000000
1692986663867985483 176.647518 0.000000
1692986664119630609 176.561265 0.000000
1692986664175400428 176.592392 0.000000
1692986664240680378 176.641594 0.000000
1692986664473227708 176.622228 0.000000
1692986664882753961 176.546418 0.000000
1692986664928972961 176.718228 0.000000
1692986664953010440 176.651552 0.000000
1692986665059245246 176.472881 0.000000
1692986665092081312 176.699342 0.000000
1692986665194239843 176.647649 0.000000
1692986665534338653 176.974037 0.000000
1692986665605065185 176.487521 0.000000
1692986665687556666 176.456493 0.000000
1692986665690262029 176.476615 0.000000
1692986665928950176 176.613734 0.000000
1692986665944604272 176.557478 0.000000
1692986665958216366 176.465023 0.000000
1692986666121205067 176.574904 0.000000
1692986666431900257 176.520226 0.000000
1692986666506282514 176.468305 0.000000
1692986666687456989 176.470000 0.000000
1692986666720881217 176.555133 0.000000
1692986666982538563 176.718814 0.000000
1692986667005292319 176.599281 0.000000
1692986667050426477 176.712885 0.000000
1692986667093610593 176.587919 0.000000
1692986667101305648 176.608166 0.000000
1692986667280719621 176.535097 0.000000
1692986667315678941 176.586565 0.000000
1692986667342743201 176.594014 0.000000
1692986667454612356 176.577816 0.000000
1692986667607614417 176.539892 0.000000
1692986667669005210 176.590830 0.000000
1692986667814191849 176.578918 0.000000
1692986667875086592 176.484483 0.000000
1692986667987659025 176.500591 0.000000
1692986668013091978 176.492944 0.000000
1692986668249940228 176.481255 0.000000
1692986668331186511 176.560485 0.000000
1692986668521248277 176.566870 0.000000
1692986668691383111 176.531754 0.000000
1692986668980520789 176.625692 0.000000
1692986669107211383 176.580232 0.000000
1692986669251247195 176.619874 0.000000
1692986669303525592 176.623081 0.000000
1692986669582102800 176.601305 0.000000
1692986669643226982 176.681081 0.000000
1692986669781700948 176.583149 0.000000
1692986669790660187 176.751926 0.000000
1692986669834005491 176.624163 0.000000
1692986669840604707 176.630834 0.000000
1692986670010643718 176.612867 0.000000
1692986670079793871 176.653987 0.000000
1692986670197432054 176.507267 0.000000
1692986670395633982 176.742754 0.000000
1692986670518653341 176.550041 0.000000
1692986670609786636 176.541762 0.000000
1692986670660635271 176.554701 0.000000
1692986671101096274 176.595768 0.000000
1692986671499480659 176.603420 0.000000
1692986671543074433 176.693936 0.000000
1692986671637684290 176.549921 0.000000
1692986672324112213 176.495440 0.000000
1692986672338695291 176.663200 0.000000
1692986672383109524 176.624103 0.000000
1692986672692404862 176.656213 0.000000
1692986672874867946 176.621382 0.000000
1692986673084225034 176.590190 0.000000
1692986673112092793 176.565366 0.000000
1692986673323793886 176.486182 0.000000
1692986673404921669 176.556240 0.000000
1692986673405059529 176.521484 0.000000
1692986673517358646 176.691490 0.000000
1692986673523714640 176.572929 0.000000
1692986673576531215 176.692052 0.000000
1692986673766066997 176.433207 0.000000
1692986673870884904 176.814411 0.000000
1692986673877234619 176.620656 0.000000
1692986674056414060 176.579415 0.000000
1692986674349587648 176.586436 0.000000
1692986674520327140 176.612772 0.000000
1692986674705529269 176.585804 0.000000
1692986674739418630 176.537131 0.000000
1692986674907399441 176.553339 0.000000
1692986674932168432 176.767382 0.000000
1692986675114985505 176.961629 0.000000
1692986675235534223 176.539246 0.000000
1692986675349236902 176.620525 0.000000
1692986675356667011 176.640295 0.000000
1692986675468664881 176.569060 0.000000
1692986676095556257 176.523003 0.000000
1692986676151971704 176.580462 0.000000
1692986676318126299 176.581915 0.000000
1692986676347896968 176.588886 0.000000
1692986676471816155 176.719089 0.000000
1692986676848633211 176.799155 0.000000
1692986677028537940 176.631059 0.000000
1692986677035909509 176.574200 0.000000
1692986677179895649 176.564845 0.000000
1692986677378999451 176.449511 0.000000
1692986677501617821 176.464923 0.000000
1692986677538557843 176.509001 0.000000
1692986677643956938 176.559728 0.000000
1692986677646955438 176.512875 0.000000
1692986677686483263 176.555479 0.000000
1692986677909186148 176.618460 0.000000
1692986678096697598 176.601608 0.000000
1692986678350688520 176.640511 0.000000
1692986678569891956 176.483672 0.000000
1692986678619039972 176.588200 0.000000
1692986678704337134 176.669765 0.000000
1692986678923009438 176.466256 0.000000
1692986679064302511 176.640888 0.000000
1692986679068771227 176.591658 0.000000
1692986679068807516 176.601175 0.000000
1692986679269215670 176.485772 0.000000
1692986679269269555 176.501924 0.000000
1692986679422090074 176.522592 0.000000
1692986679534131906 176.440240 0.000000
1692986679686996562 176.508174 0.000000
1692986679707104049 176.525529 0.000000
1692986679860058199 176.492517 0.000000
1692986680478374009 176.584602 0.000000
1692986680563616063 176.524738 0.000000
1692986680631938409 176.590439 0.000000
1692986680678983000 176.649327 0.000000
1692986680828706871 176.620606 0.000000
1692986680859482664 176.602744 0.000000
1692986681273193954 176.594840 0.000000
1692986681339110321 176.509933 0.000000
1692986681365970591 176.537687 0.000000
1692986681715088379 176.457300 0.000000
1692986681719281363 176.564043 0.000000
1692986681891691008 176.607856 0.000000
1692986681895907065 176.499715 0.000000
1692986681916943996 176.692092 0.000000
1692986681916955578 176.760110 0.000000
1692986681920055362 176.652835 0.000000
1692986682361705974 176.477486 0.000000
1692986682485109131 176.636778 0.000000
1692986682661797474 176.653858 0.000000
1692986682812085258 176.631100 0.000000
1692986682864002790 176.608231 0.000000
1692986683129211708 176.542133 0.000000
1692986683253752273 176.543506 0.000000
1692986683303499745 176.532255 0.000000
1692986683460688370 176.610216 0.000000
1692986683598799842 176.602678 0.000000
1692986683783891621 176.602051 0.000000
1692986683840151024 176.537928 0.000000
1692986684040387779 176.544806 0.000000
1692986684137203510 176.542674 0.000000
1692986684305379590 176.490096 0.000000
1692986684452255317 176.493009 0.000000
1692986684812463960 176.550978 0.000000
1692986684896001701 176.548954 0.000000
1692986684924134208 176.542204 0.000000
1692986685070053237 176.525289 0.000000
1692986685160808976 176.472327 0.000000
1692986685217411903 176.700692 0.000000
1692986685217463007 176.697970 0.000000
1692986685403556501 176.479267 0.000000
1692986685454189669 176.526617 0.000000
1692986685755614604 176.535809 0.000000
1692986685779374306 176.586486 0.000000
1692986685784426558 176.612662 0.000000
1692986686022941235 176.571577 0.000000
1692986686161440825 176.565094 0.000000
1692986686258343224 176.563022 0.000000
1692986686307218326 176.535096 0.000000
1692986686543825866 176.610809 0.000000
1692986686757161750 176.553313 0.000000
1692986686809118278 176.664884 0.000000
1692986687045538924 176.713943 0.000000
1692986687197887143 176.473472 0.000000
1692986687375293783 176.471247 0.000000
1692986687436906908 176.568819 0.000000
1692986687752806773 176.566926 0.000000
1692986687790179213 176.507451 0.000000
1692986688077166054 176.516970 0.000000
1692986688283136073 176.487050 0.000000
1692986688430403140 176.639740 0.000000
1692986688460121563 176.674896 0.000000
1692986688725255576 176.652675 0.000000
1692986688733590477 176.664270 0.000000
1692986688960705111 176.502025 0.000000
1692986689284108978 176.644830 0.000000
1692986689402472545 176.570439 0.000000
1692986689496422983 176.536324 0.000000
1692986689579268183 176.521770 0.000000
1692986689902697244 176.537031 0.000000
1692986689932752540 176.842186 0.000000
1692986690028040741 176.628068 0.000000
1692986690109363022 176.660363 0.000000
1692986690177363449 176.703724 0.000000
1692986690227314504 176.746503 0.000000
1692986690286118514 176.700784 0.000000
1692986690316761235 176.621467 0.000000
1692986690586427277 176.602629 0.000000
1692986690639591211 176.471700 0.000000
1692986690677709841 176.517410 0.000000
1692986690786890118 176.518718 0.000000
1692986690847201919 176.731012 0.000000
1692986690935565889 176.572358 0.000000
1692986690993131488 176.590726 0.000000
1692986691000001885 176.549911 0.000000
1692986691199504671 176.615233 0.000000
1692986691265008035 176.612161 0.000000
1692986691376174555 176.646094 0.000000
1692986691405428216 176.580257 0.000000
1692986691493759119 176.569848 0.000000
1692986691554594800 176.591562 0.000000
1692986691612109035 176.624399 0.000000
1692986691676736521 176.549890 0.000000
1692986691758864361 176.676952 0.000000
1692986691908022203 176.545477 0.000000
1692986691937346118 176.605250 0.000000
1692986692149147957 176.649568 0.000000
1692986692207160606 176.819423 0.000000
1692986692268565733 176.625622 0.000000
1692986692408862792 176.946399 0.000000
1692986692466317462 176.610336 0.000000
1692986692615024641 176.479467 0.000000
1692986692710545711 176.577360 0.000000
1692986692791440180 176.555699 0.000000
1692986692826006501 176.795660 0.000000
1692986692850976165 176.727003 0.000000
1692986692917500812 176.518748 0.000000
1692986692968201007 176.500848 0.000000
1692986693027673991 176.681948 0.000000
1692986693056741368 176.560956 0.000000
1692986693267974893 176.619870 0.000000
1692986693558240541 176.608105 0.000000
1692986693615975821 176.529479 0.000000
1692986693709636901 176.601797 0.000000
1692986693740079604 176.514283 0.000000
1692986693792563235 176.570885 0.000000
1692986693886171767 176.516242 0.000000
1692986694205730374 176.609615 0.000000
1692986694327871915 176.539602 0.000000
1692986694442289406 176.703413 0.000000
1692986694647771725 176.693851 0.000000
1692986694676618895 176.619624 0.000000
1692986694824425012 176.520612 0.000000
1692986695061078464 176.523846 0.000000
1692986695061198514 176.612281 0.000000
1692986695089509410 176.615689 0.000000
1692986695094586788 176.546418 0.000000
1692986695154155785 176.494522 0.000000
1692986695300055104 176.713948 0.000000
1692986695414449413 176.553820 0.000000
1692986695649120606 176.643870 0.000000
1692986695768114384 176.658984 0.000000
1692986696066863591 176.599240 0.000000
1692986696090975774 176.610698 0.000000
1692986696214484893 176.584748 0.000000
1692986696355923439 176.501408 0.000000
1692986696387198003 176.657548 0.000000
1692986696416198249 176.634092 0.000000
1692986696716201048 176.506492 0.000000
1692986696743518933 176.479767 0.000000
1692986696769612267 176.613366 0.000000
1692986697039142118 176.686609 0.000000
1692986697127634091 176.679287 0.000000
1692986697392567047 176.478720 0.000000
1692986697505433233 176.657155 0.000000
1692986697569191937 176.607845 0.000000
1692986697593639892 176.575385 0.000000
1692986697713705004 176.733804 0.000000
1692986697741669860 176.516022 0.000000
1692986697858833329 176.557534 0.000000
1692986697947347508 176.655080 0.000000
1692986697978934951 176.620215 0.000000
1692986698067077436 176.560791 0.000000
1692986698187740785 176.545470 0.000000
1692986698420634242 176.746990 0.000000
1692986698420675212 176.599642 0.000000
1692986698565988322 176.619946 0.000000
1692986698862572077 176.615724 0.000000
1692986698919672243 176.761815 0.000000
1692986699008144791 176.627933 0.000000
1692986699160185705 176.771657 0.000000
1692986699361683364 176.763784 0.000000
1692986699392956315 176.525825 0.000000
1692986699567914822 176.615218 0.000000
1692986699835204804 176.450936 0.000000
1692986699927154094 176.601556 0.000000
1692986700043721150 176.516909 0.000000
1692986700275413068 176.589959 0.000000
1692986700485725951 176.631696 0.000000
1692986700542125722 176.564114 0.000000
1692986700750685353 176.543346 0.000000
1692986700776473878 176.549059 0.000000
1692986700842858404 176.540499 0.000000
1692986701072472763 176.579239 0.000000
1692986701278728492 176.674842 0.000000
1692986701307010085 176.657688 0.000000
1692986701489824301 176.532972 0.000000
1692986701571974389 176.517235 0.000000
1692986701867818688 176.596703 0.000000
1692986702165490140 176.753640 0.000000
1692986702191217153 176.695790 0.000000
1692986702345458554 176.498742 0.000000
1692986702367787005 176.451528 0.000000
1692986702428124802 176.577366 0.000000
1692986702516599294 176.543941 0.000000
1692986702518861831 176.573391 0.000000
1692986702721336093 176.558772 0.000000
1692986702872211930 176.461429 0.000000
1692986702986559480 176.619774 0.000000
1692986703137229543 176.572168 0.000000
1692986703635914748 176.502817 0.000000
1692986703666351873 176.579655 0.000000
1692986703876479159 176.502019 0.000000
1692986704225494038 176.604142 0.000000
1692986704583107020 176.467419 0.000000
1692986704613269310 176.467869 0.000000
1692986705169849071 176.653993 0.000000
1692986705198843223 176.409427 0.000000
1692986705226997239 176.603741 0.000000
1692986705289991409 176.594610 0.000000
1692986705434905915 176.658263 0.000000
1692986705585133739 176.533958 0.000000
1692986705788832973 176.918221 0.000000
1692986705820156676 176.727710 0.000000
1692986705934066567 176.511559 0.000000
1692986705993533417 176.558726 0.000000
1692986706171541783 176.549220 0.000000
1692986706287623849 176.604046 0.000000
1692986706319009247 176.650515 0.000000
1692986706319074358 176.706827 0.000000
1692986706348294180 176.629671 0.000000
1692986706524432127 176.949406 0.000000
1692986706878101771 176.439419 0.000000
1692986706910737127 176.622339 0.000000
1692986707143384867 176.770078 0.000000
1692986707143410491 176.777446 0.000000
1692986707202964539 176.562946 0.000000
1692986707408997128 176.943001 0.000000
1692986707821983597 176.584677 0.000000
1692986707879738236 176.711247 0.000000
1692986708118165463 176.570238 0.000000
1692986708205293712 176.686464 0.000000
1692986708233979245 176.562746 0.000000
1692986708293741943 176.612603 0.000000
1692986708381698916 176.617935 0.000000
1692986708531520805 176.455381 0.000000
1692986708704972861 176.690342 0.000000
1692986708735248486 176.561513 0.000000
1692986708764183900 176.669378 0.000000
1692986708884872093 176.580091 0.000000
1692986709000209897 176.572213 0.000000
1692986709355432811 176.533584 0.000000
1692986709503095580 176.606247 0.000000
1692986709531133471 176.523099 0.000000
1692986709679056520 176.655638 0.000000
1692986709767252309 176.559990 0.000000
1692986709796249748 176.523520 0.000000
1692986710002541922 176.679037 0.000000
1692986710061534818 176.739798 0.000000
1692986710238360722 176.802410 0.000000
1692986710326508078 176.639610 0.000000
1692986710385938603 176.483106 0.000000
1692986710476581749 176.624425 0.000000
1692986710768716760 176.677925 0.000000
1692986710828047637 176.559810 0.000000
1692986710887058471 176.617003 0.000000
1692986711004480852 176.497710 0.000000
1692986711210827548 176.748658 0.000000
1692986711505830981 176.578187 0.000000
1692986711594270582 176.616290 0.000000
1692986711623436183 176.612832 0.000000
1692986711623491953 176.702527 0.000000
1692986712213076094 176.662548 0.000000
1692986712243644375 176.579601 0.000000
1692986712272546567 176.614265 0.000000
1692986712330896737 176.589908 0.000000
1692986712361260502 176.890174 0.000000
1692986712538109575 176.631220 0.000000
1692986712626338650 176.633039 0.000000
1692986712743291830 176.525384 0.000000
1692986713038929353 176.495083 0.000000
1692986713126914011 176.514644 0.000000
1692986713156880014 176.451613 0.000000
1692986713273584871 176.509853 0.000000
1692986713510724620 176.955160 0.000000
1692986713952981053 176.516403 0.000000
1692986714041445628 176.541111 0.000000
1692986714453218060 176.750051 0.000000
1692986714660164457 176.539170 0.000000
1692986714806855035 176.614872 0.000000
1692986715101891177 176.537527 0.000000
1692986715366460642 176.615731 0.000000
1692986715572570011 176.687852 0.000000
1692986715720932633 176.424338 0.000000
1692986715925928482 176.514806 0.000000
1692986716074747731 176.590867 0.000000
1692986716132835926 176.625848 0.000000
1692986716251345498 176.538444 0.000000
1692986716781137062 176.535938 0.000000
1692986716781711990 176.861381 0.000000
1692986716840588797 176.703524 0.000000
1692986716870621716 176.537823 0.000000
1692986717076354448 176.563934 0.000000
1692986717135179925 176.629858 0.000000
1692986717164248524 176.731032 0.000000
1692986717666042551 176.789309 0.000000
1692986717666496663 177.046668 0.000000
1692986717724668518 176.525594 0.000000
1692986717783507191 176.554412 0.000000
1692986718020268656 176.700302 0.000000
1692986718048651208 176.681749 0.000000
1692986718285213925 176.535643 0.000000
1692986718461844058 176.699299 0.000000
1692986718579782074 176.657811 0.000000
1692986718756616979 176.840898 0.000000
1692986718962764005 176.687622 0.000000
1692986718992735110 176.790933 0.000000
1692986719021599816 176.621142 0.000000
1692986719021810682 176.661070 0.000000
1692986719110314939 176.630218 0.000000
1692986719316158233 176.603797 0.000000
1692986719346256555 176.722979 0.000000
1692986719346392531 176.575891 0.000000
1692986719436682202 178.510774 0.000000
1692986719524775890 178.363297 0.000000
1692986719674709359 176.717977 0.000000
1692986719906001763 176.669956 0.000000
1692986719906106918 176.655051 0.000000
1692986720055731965 176.604644 0.000000
1692986720083118569 176.750458 0.000000
1692986720144181158 176.721606 0.000000
1692986720171489956 176.572689 0.000000
1692986720702447625 176.695094 0.000000
1692986720763686955 176.610974 0.000000
1692986720790993764 176.821809 0.000000
1692986721029168002 176.713437 0.000000
1692986721056428919 176.647848 0.000000
1692986721092190588 176.813244 0.000000
1692986721205954208 176.631977 0.000000
1692986721268945386 176.546037 0.000000
1692986721445636380 176.639781 0.000000
1692986721445635187 176.656273 0.000000
1692986721498803622 176.644903 0.000000
1692986721498849479 176.722093 0.000000
1692986721710692623 176.570755 0.000000
1692986721799311221 176.668212 0.000000
1692986722090453377 176.545731 0.000000
1692986722119213634 176.593908 0.000000
1692986722295160136 176.781811 0.000000
1692986722383199791 176.604183 0.000000
1692986722826007307 176.590105 0.000000
1692986722948559283 176.515411 0.000000
1692986723151321150 176.492668 0.000000
1692986723179891064 176.658148 0.000000
1692986723356832567 176.664739 0.000000
1692986723414917074 176.694086 0.000000
1692986723622101455 176.656089 0.000000
1692986723655905091 176.684455 0.000000
1692986723770232754 176.509918 0.000000
1692986724152749327 176.714444 0.000000
1692986724300454013 176.687241 0.000000
1692986724451782515 176.864679 0.000000
1692986724475973531 176.579029 0.000000
1692986724653989986 176.669550 0.000000
1692986724716364358 176.487024 0.000000
1692986725302364919 176.479943 0.000000
1692986725479104678 176.555161 0.000000
1692986725832437191 176.542765 0.000000
1692986725832473521 176.513411 0.000000
1692986725919908404 176.649443 0.000000
1692986725949264378 176.701118 0.000000
1692986726215357654 176.575210 0.000000
1692986726273588422 176.711522 0.000000
1692986726274616570 176.696627 0.000000
1692986726274736228 176.772765 0.000000
1692986726391341398 176.620981 0.000000
1692986726451841101 176.945317 0.000000
1692986726480462300 176.659280 0.000000
1692986726540291503 176.482309 0.000000
1692986726715651705 176.648546 0.000000
1692986726921890690 176.554547 0.000000
1692986726956221704 176.587840 0.000000
1692986727159410370 176.833477 0.000000
1692986727363898925 176.581164 0.000000
1692986727424405411 176.611089 0.000000
1692986727452964268 176.518734 0.000000
1692986727486434890 176.489816 0.000000
1692986727540615154 176.691647 0.000000
1692986728043017102 176.594891 0.000000
1692986728248862972 176.646481 0.000000
1692986728366588935 176.587137 0.000000
1692986728396768786 176.429406 0.000000
1692986728985317980 176.517997 0.000000
1692986729280453232 176.694174 0.000000
1692986729369050591 176.962348 0.000000
1692986729515722185 176.583048 0.000000
1692986729663052773 176.713118 0.000000
1692986729692289963 176.544563 0.000000
1692986729839073064 176.616260 0.000000
1692986730282641636 176.586055 0.000000
1692986730399362615 176.652946 0.000000
1692986730430640703 176.577425 0.000000
1692986730490828962 176.495689 0.000000
1692986730634749956 176.669826 0.000000
1692986730723324567 176.734566 0.000000
1692986730724262725 176.485722 0.000000
1692986730813603339 176.635867 0.000000
1692986730930649269 176.710881 0.000000
1692986731049710478 176.729353 0.000000
1692986731255229608 176.502573 0.000000
1692986731404283657 176.638565 0.000000
1692986731430800328 176.627150 0.000000
1692986731460418507 176.750954 0.000000
1692986731520171808 176.625202 0.000000
1692986731608746328 176.621974 0.000000
1692986731637377275 176.729715 0.000000
1692986731902234690 176.570619 0.000000
1692986731934543382 176.646266 0.000000
1692986732023025006 176.684635 0.000000
1692986732111434001 176.612182 0.000000
1692986732167426473 176.575576 0.000000
1692986732376517858 176.590862 0.000000
1692986732669063405 176.694262 0.000000
1692986732697956061 176.727901 0.000000
1692986732934247291 176.667345 0.000000
1692986733022506382 176.484901 0.000000
1692986733024523933 176.528728 0.000000
1692986733172316443 176.638247 0.000000
1692986733199220726 176.700363 0.000000
1692986733349182165 176.632319 0.000000
1692986733376462367 176.622345 0.000000
1692986733376468050 176.619438 0.000000
1692986733525762172 176.563613 0.000000
1692986733641440644 176.566962 0.000000
1692986733642914575 176.586206 0.000000
1692986733819466882 176.445373 0.000000
1692986733907706819 176.564886 0.000000
1692986734084536406 176.554999 0.000000
1692986734172289705 176.859021 0.000000
1692986734289653700 176.671961 0.000000
1692986734378012499 176.601290 0.000000
1692986734437499175 176.797312 0.000000
1692986734614572805 176.543887 0.000000
1692986734969934408 176.593042 0.000000
1692986735029012968 176.771873 0.000000
1692986735029021523 176.756392 0.000000
1692986735056502292 176.725615 0.000000
1692986735262501269 176.572349 0.000000
1692986735321552782 176.509688 0.000000
1692986735471048588 176.551566 0.000000
1692986735528047868 176.719045 0.000000
1692986735528137733 176.798094 0.000000
1692986735793244108 176.588207 0.000000
1692986735824687936 176.752894 0.000000
1692986735852019147 176.617198 0.000000
1692986735969549505 176.525224 0.000000
1692986735969623332 176.503849 0.000000
1692986735970107118 176.564039 0.000000
1692986736146095698 176.458248 0.000000
1692986736294079604 176.711768 0.000000
1692986736500450512 176.577370 0.000000
1692986736647639749 176.607958 0.000000
1692986737030828596 176.532180 0.000000
1692986737178357033 176.666528 0.000000
1692986737266913145 176.672331 0.000000
1692986737296061601 176.623247 0.000000
1692986737327631463 176.653639 0.000000
1692986737504230935 176.576558 0.000000
1692986737532191320 176.823203 0.000000
1692986737650115605 176.990732 0.000000
1692986737738542091 176.899861 0.000000
1692986737797528061 176.647834 0.000000
1692986737885971072 176.657775 0.000000
1692986738180706951 176.642718 0.000000
1692986738239371158 176.562090 0.000000
1692986738357538778 176.655983 0.000000
1692986738504645579 176.705462 0.000000
1692986738534495236 176.839466 0.000000
1692986738829603955 176.594375 0.000000
1692986739065035077 176.681919 0.000000
1692986739212336120 176.786493 0.000000
1692986739861221436 176.762992 0.000000
1692986740332982734 176.578137 0.000000
1692986740657512137 176.966221 0.000000
1692986740922538827 176.675494 0.000000
1692986741305601391 176.634724 0.000000
1692986741453188734 176.791188 0.000000
1692986741629838218 176.712766 0.000000
1692986741689131578 176.615143 0.000000
1692986741866001374 176.704426 0.000000
1692986741983802422 176.633891 0.000000
1692986742131046617 176.513653 0.000000
1692986742160687368 176.535789 0.000000
1692986742366615305 176.625052 0.000000
1692986742425458303 176.484124 0.000000
1692986742425710254 176.573015 0.000000
1692986742514081131 176.678641 0.000000
1692986742691161517 176.560857 0.000000
1692986742750022487 176.737092 0.000000
1692986742985427910 176.633852 0.000000
1692986743044548093 176.709092 0.000000
1692986743044590166 176.843811 0.000000
1692986743103563351 176.627778 0.000000
1692986743133033726 176.524026 0.000000
1692986743280758219 177.004569 0.000000
1692986743339056468 176.630023 0.000000
1692986743398333176 176.739423 0.000000
1692986743752022531 176.752127 0.000000
1692986743840137441 176.660710 0.000000
1692986743840218670 176.698848 0.000000
1692986743957986165 176.558501 0.000000
1692986744104991208 176.501599 0.000000
1692986744165364413 176.608529 0.000000
1692986744223236190 176.689938 0.000000
1692986744784865911 176.901656 0.000000
1692986744961487204 176.639590 0.000000
1692986745255140213 176.722859 0.000000
1692986745343786336 176.661778 0.000000
1692986745344023248 176.702242 0.000000
1692986745461259872 176.682280 0.000000
1692986745786020337 176.718975 0.000000
1692986745845589720 176.567854 0.000000
1692986745932543964 176.581861 0.000000
1692986746051173992 176.683422 0.000000
1692986746051496047 176.573060 0.000000
1692986746110719450 176.693009 0.000000
1692986746139946443 176.694719 0.000000
1692986746199442526 176.815890 0.000000
1692986746287679987 176.935849 0.000000
1692986746818222319 176.665264 0.000000
1692986746847901525 177.056547 0.000000
1692986747023811382 176.576483 0.000000
1692986747024308258 176.489110 0.000000
1692986747112379598 176.678038 0.000000
1692986747260129705 176.576423 0.000000
1692986747348332496 176.592070 0.000000
1692986747407356189 176.521701 0.000000
1692986747731896512 176.606309 0.000000
1692986747878656329 176.537072 0.000000
1692986748085197267 176.518483 0.000000
1692986748704508813 176.784157 0.000000
1692986748763432233 176.802820 0.000000
1692986748822213558 176.709799 0.000000
1692986748822270896 176.577862 0.000000
1692986749146809285 176.907860 0.000000
1692986749146827226 176.898799 0.000000
1692986749175818195 176.601075 0.000000
1692986749500912037 176.469430 0.000000
1692986749854487537 176.847749 0.000000
1692986750325609147 176.574719 0.000000
1692986750413937009 176.497384 0.000000
1692986750650403161 176.815495 0.000000
1692986750827093720 176.542850 0.000000
1692986750944208851 176.532050 0.000000
1692986751092493859 176.708091 0.000000
1692986751180633067 176.624962 0.000000
1692986751474136087 176.542354 0.000000
1692986751622573199 176.771888 0.000000
1692986751650818197 176.658480 0.000000
1692986751710831178 176.498337 0.000000
1692986751769987514 176.502637 0.000000
1692986751799029813 176.592631 0.000000
1692986751827639625 176.626054 0.000000
1692986751916109377 176.684018 0.000000
1692986752329703441 176.605130 0.000000
1692986752506641983 176.857057 0.000000
1692986752565783159 176.576428 0.000000
1692986752712539298 177.020396 0.000000
1692986752800781405 176.681858 0.000000
1692986752830762904 176.577742 0.000000
1692986753037702290 176.826425 0.000000
1692986753243306469 177.092274 0.000000
1692986753449543630 176.468442 0.000000
1692986753596900292 176.575307 0.000000
1692986753744671834 176.524753 0.000000
1692986753773574247 176.607577 0.000000
1692986753803207165 176.520839 0.000000
1692986754098689644 176.633792 0.000000
1692986754746648098 176.618010 0.000000
1692986754805457348 176.589965 0.000000
1692986754805982756 176.524242 0.000000
1692986754923958044 176.683619 0.000000
1692986755277279834 176.828816 0.000000
1692986755336177695 176.662875 0.000000
1692986755542746277 176.601397 0.000000
1692986755630803429 176.584126 0.000000
1692986755719504519 176.547566 0.000000
1692986755719925659 176.821027 0.000000
1692986755866734350 176.643099 0.000000
1692986755896545218 176.621784 0.000000
1692986756013562562 176.603721 0.000000
1692986756043835535 176.798400 0.000000
1692986756161529634 176.679558 0.000000
1692986757016870160 176.727385 0.000000
1692986757075070096 176.701946 0.000000
1692986757222802457 176.583355 0.000000
1692986757223518033 176.844758 0.000000
1692986757251840905 176.597411 0.000000
1692986757311843494 176.602569 0.000000
1692986757340160239 176.609074 0.000000
1692986757370452592 176.591008 0.000000
1692986757458886611 176.616803 0.000000
1692986757488664953 176.629893 0.000000
1692986757488757774 176.748003 0.000000
1692986757724221628 176.733579 0.000000
1692986757782316238 176.641434 0.000000
1692986757812721875 176.672728 0.000000
1692986757901132214 176.814067 0.000000
1692986758018607444 176.619527 0.000000
1692986758195428060 176.796270 0.000000
1692986758195708393 176.621322 0.000000
1692986758372316370 176.562953 0.000000
1692986758460870238 176.694974 0.000000
1692986758490177733 176.646482 0.000000
1692986758667051700 176.773553 0.000000
1692986758814470561 176.566234 0.000000
1692986758932542414 176.668743 0.000000
1692986758991456913 176.591498 0.000000
1692986759139427800 176.663626 0.000000
1692986759139474213 176.724408 0.000000
1692986759168439728 176.717773 0.000000
1692986759256579782 176.672155 0.000000
1692986759433852631 176.808644 0.000000
1692986759669852062 176.587489 0.000000
1692986759758463539 176.720669 0.000000
1692986759787701819 176.928928 0.000000
1692986759875789286 176.685548 0.000000
1692986759935092876 176.615128 0.000000
1692986759994115907 176.793845 0.000000
1692986760082408842 176.557599 0.000000
1692986760259150576 176.589629 0.000000
1692986760317904692 176.567021 0.000000
1692986760377076049 176.625242 0.000000
1692986760494830408 176.614422 0.000000
1692986760967015248 176.646111 0.000000
1692986761084841746 176.664684 0.000000
1692986761144137783 176.694272 0.000000
1692986761291368897 176.655221 0.000000
1692986761497880382 176.625799 0.000000
1692986761526925568 176.597457 0.000000
1692986761733569942 176.583891 0.000000
1692986761821556950 176.831853 0.000000
1692986761940034337 176.705799 0.000000
1692986761968998930 176.617348 0.000000
1692986762028518909 176.799668 0.000000
1692986762057559278 176.631907 0.000000
1692986762087122955 176.583380 0.000000
1692986762116866692 176.762191 0.000000
1692986762175340706 176.501379 0.000000
1692986762528905822 176.800511 0.000000
1692986762529010195 176.585325 0.000000
1692986762617258521 176.613319 0.000000
1692986762647245809 176.557865 0.000000
1692986762853200243 176.614587 0.000000
1692986762971516886 176.486249 0.000000
1692986763059387699 176.611529 0.000000
1692986763148134345 176.603150 0.000000
1692986763324867574 176.772726 0.000000
1692986763413407368 176.471374 0.000000
1692986763501427870 176.602634 0.000000
1692986763532090726 176.924644 0.000000
1692986763560756184 176.652094 0.000000
1692986763649648618 177.141142 0.000000
1692986764091570182 176.534200 0.000000
1692986764120434251 176.658594 0.000000
1692986764297246212 176.587794 0.000000
1692986764650960992 176.814538 0.000000
1692986764858257785 176.626444 0.000000
1692986764946552877 176.511943 0.000000
1692986765092931270 176.605389 0.000000
1692986765211698257 176.571783 0.000000
1692986765358522168 176.615946 0.000000
1692986765388226894 176.564802 0.000000
1692986765535175821 176.628910 0.000000
1692986765564823284 176.604603 0.000000
1692986765683824496 176.587399 0.000000
1692986765711910960 176.609632 0.000000
1692986765712097003 176.557149 0.000000
1692986765800274123 176.612959 0.000000
1692986766037506575 176.702387 0.000000
1692986766095421908 176.600545 0.000000
1692986766125731536 176.465581 0.000000
1692986766214225710 176.694377 0.000000
1692986766419701289 176.579456 0.000000
1692986766508011409 176.603717 0.000000
1692986766684859520 176.509021 0.000000
1692986766714413685 176.855037 0.000000
1692986766833133697 176.691763 0.000000
1692986766891024002 176.656485 0.000000
1692986766921399349 176.562125 0.000000
1692986766950096193 176.670667 0.000000
1692986766979488647 176.603441 0.000000
1692986767097981168 176.491838 0.000000
1692986767274457295 176.801387 0.000000
1692986767333295943 176.666738 0.000000
1692986767392246902 176.673525 0.000000
1692986767569235695 176.635611 0.000000
1692986767717114738 176.550072 0.000000
1692986768041094591 176.695175 0.000000
1692986768041094621 176.732817 0.000000
1692986768070769187 176.541748 0.000000
1692986768100182986 176.606203 0.000000
1692986768336265170 176.830029 0.000000
1692986768394600034 176.703976 0.000000
1692986768394649645 176.525179 0.000000
1692986768542357298 176.707083 0.000000
