1692986618995570702 144.619835 0.000000
1692986618995971321 144.477948 0.000000
1692986619212481581 144.647158 0.000000
1692986619574846728 144.735198 0.000000
1692986619575220775 144.696874 0.000000
1692986619647758930 144.915098 0.000000
1692986619647981348 144.724418 0.000000
1692986619720306110 144.593314 0.000000
1692986619937538292 144.437550 0.000000
1692986619937671112 144.593945 0.000000
1692986620010089647 144.739609 0.000000
1692986620010136632 144.811937 0.000000
1692986620155345078 145.034651 0.000000
1692986620444385679 144.634148 0.000000
1692986620589325059 144.529680 0.000000
1692986620589352317 144.582097 0.000000
1692986620734525827 144.559113 0.000000
1692986620735209125 144.577621 0.000000
1692986620806534693 144.803960 0.000000
1692986620806652367 144.699321 0.000000
1692986621024881934 144.799468 0.000000
1692986621096696662 144.516353 0.000000
1692986621097057197 144.567677 0.000000
1692986621241367766 144.650512 0.000000
1692986621386439921 144.471189 0.000000
1692986621531377330 144.952691 0.000000
1692986621676603886 144.492825 0.000000
1692986621820968980 144.670295 0.000000
1692986621966319308 144.624631 0.000000
1692986622038371669 144.856867 0.000000
1692986622038529061 144.575943 0.000000
1692986622473271980 144.549767 0.000000
1692986622473798913 144.701320 0.000000
1692986622545675876 144.373686 0.000000
1692986622617698379 144.650060 0.000000
1692986622762874545 144.511472 0.000000
1692986622763085777 144.476746 0.000000
1692986623052590720 144.650943 0.000000
1692986623053420795 144.815004 0.000000
1692986623270662269 144.619886 0.000000
1692986623414901351 144.637185 0.000000
1692986623631901647 144.469519 0.000000
1692986623776540813 144.576307 0.000000
1692986623848932500 144.502641 0.000000
1692986623850476334 144.802505 0.000000
1692986623995406602 144.712966 0.000000
1692986624067786508 144.641388 0.000000
1692986624138594684 144.631848 0.000000
1692986624212556672 144.568966 0.000000
1692986624356482911 144.589214 0.000000
1692986624428653353 144.881895 0.000000
1692986624574791732 144.548764 0.000000
1692986624574821056 144.529615 0.000000
1692986624645627935 144.643946 0.000000
1692986624645860111 144.577812 0.000000
1692986624864208856 144.589876 0.000000
1692986625008800910 144.669861 0.000000
1692986625080810483 144.651113 0.000000
1692986625081584371 144.584864 0.000000
1692986625153240705 144.616492 0.000000
1692986625154062000 144.655167 0.000000
1692986625443814349 144.713859 0.000000
1692986625588418467 144.589399 0.000000
1692986625660386834 144.650347 0.000000
1692986625733821197 144.655418 0.000000
1692986625950286562 144.688255 0.000000
1692986626022896844 144.763750 0.000000
1692986626167698553 144.816674 0.000000
1692986626168289906 144.739770 0.000000
1692986626240807462 144.578800 0.000000
1692986626457912222 144.648928 0.000000
1692986626530124392 144.916125 0.000000
1692986626602740813 144.723261 0.000000
1692986626820370677 144.702097 0.000000
1692986626892424062 144.566695 0.000000
1692986626892815815 144.560907 0.000000
1692986627037034593 144.600746 0.000000
1692986627110000892 144.721653 0.000000
1692986627182370138 144.498782 0.000000
1692986627472511279 144.699305 0.000000
1692986627544465753 144.505033 0.000000
1692986627545143382 144.493107 0.000000
1692986627689438891 144.517622 0.000000
1692986627761304427 144.672342 0.000000
1692986627761647286 144.501669 0.000000
1692986627978504184 144.804520 0.000000
1692986628051970702 144.756645 0.000000
1692986628124228613 144.546925 0.000000
1692986628196743564 144.483151 0.000000
1692986628268759080 144.818077 0.000000
1692986628268877837 144.673991 0.000000
1692986628413090202 144.606834 0.000000
1692986628630780085 144.651037 0.000000
1692986628703286977 144.618528 0.000000
1692986628847992466 144.665596 0.000000
1692986628920761654 144.531132 0.000000
1692986628992667680 144.650186 0.000000
1692986629066271153 144.656781 0.000000
1692986629282998714 144.726314 0.000000
1692986629427928275 144.917473 0.000000
1692986629789871064 144.553906 0.000000
1692986629863410271 145.001270 0.000000
1692986630008391814 144.535692 0.000000
1692986630296677510 144.575161 0.000000
1692986630442453144 144.632444 0.000000
1692986630587037922 144.464773 0.000000
1692986630659496200 144.562807 0.000000
1692986630659531527 144.574585 0.000000
1692986630660043932 144.462514 0.000000
1692986630731549238 144.731410 0.000000
1692986630732269322 144.491217 0.000000
1692986630876569261 144.547629 0.000000
1692986630949243187 144.523390 0.000000
1692986631093342854 144.613008 0.000000
1692986631310779513 144.665987 0.000000
1692986631384016065 144.771633 0.000000
1692986631673862238 144.748188 0.000000
1692986631745662954 144.664519 0.000000
1692986631963171931 144.812002 0.000000
1692986631963279091 144.692589 0.000000
1692986632180243945 144.730222 0.000000
1692986632252488229 144.413850 0.000000
1692986632325777539 144.564236 0.000000
1692986632398078897 144.545196 0.000000
1692986632469497327 144.516509 0.000000
1692986632831682329 144.603642 0.000000
1692986632832339787 144.511663 0.000000
1692986632832670277 144.554502 0.000000
1692986632977164760 144.501604 0.000000
1692986633267255633 144.704232 0.000000
1692986633411849883 144.548623 0.000000
1692986633556718478 144.974491 0.000000
1692986633702113038 144.777251 0.000000
1692986633846815997 144.953273 0.000000
1692986633847128079 144.860351 0.000000
1692986633991962860 145.033964 0.000000
1692986634064045924 144.685123 0.000000
1692986634064123169 144.719618 0.000000
1692986634136537951 144.554458 0.000000
1692986634209599495 144.653453 0.000000
1692986634209969016 144.706307 0.000000
1692986634353728856 144.759400 0.000000
1692986634354262530 144.530352 0.000000
1692986634499113499 144.671155 0.000000
1692986634643573902 144.707343 0.000000
1692986634716091378 144.542390 0.000000
1692986634934018310 144.494738 0.000000
1692986635005772622 144.721823 0.000000
1692986635078774192 144.512706 0.000000
1692986635223146379 144.565238 0.000000
1692986635368172075 144.586362 0.000000
1692986635440975848 144.847350 0.000000
1692986635441372132 144.768897 0.000000
1692986635512955481 144.614377 0.000000
1692986635513284157 144.755230 0.000000
1692986635586111871 144.725270 0.000000
1692986635731952316 145.879961 0.000000
1692986635950808859 144.515151 0.000000
1692986636023275677 144.541257 0.000000
1692986636095371941 144.543025 0.000000
1692986636237007857 144.626290 0.000000
1692986636237089968 144.688379 0.000000
1692986636311852286 144.404252 0.000000
1692986636312154490 144.455571 0.000000
1692986636381768464 144.745122 0.000000
1692986636457373041 144.472311 0.000000
1692986636529062361 144.719392 0.000000
1692986636529572425 144.464899 0.000000
1692986636746388603 144.491797 0.000000
1692986636963034218 144.613134 0.000000
1692986637036346336 144.508140 0.000000
1692986637180408847 144.564190 0.000000
1692986637323548036 144.663708 0.000000
1692986637543808180 144.664363 0.000000
1692986637758018254 144.676611 0.000000
1692986637758548311 144.454096 0.000000
1692986637759305484 144.568154 0.000000
1692986637831662782 144.666276 0.000000
1692986638049957370 144.531317 0.000000
1692986638192937794 144.610113 0.000000
1692986638193050497 144.726303 0.000000
1692986638338166593 144.833176 0.000000
1692986638556365609 144.931952 0.000000
1692986638628109381 144.648893 0.000000
1692986638628238998 144.566205 0.000000
1692986638846520692 144.624762 0.000000
1692986638918620435 144.560131 0.000000
1692986638991285429 144.504596 0.000000
1692986639281039648 145.144959 0.000000
1692986639281168313 145.165847 0.000000
1692986639352973354 144.467916 0.000000
1692986639425212526 144.566330 0.000000
1692986639426359374 144.672893 0.000000
1692986639714619331 144.614362 0.000000
1692986639860021684 144.570825 0.000000
1692986639860650745 144.616046 0.000000
1692986639932080336 144.643164 0.000000
1692986639932618736 144.601583 0.000000
1692986640004562642 144.620514 0.000000
1692986640149690238 145.043221 0.000000
1692986640222920521 144.989161 0.000000
1692986640294774751 144.654822 0.000000
1692986640511742382 144.580237 0.000000
1692986640584167673 144.622316 0.000000
1692986640584208057 144.609030 0.000000
1692986640584453840 144.587349 0.000000
1692986640585085873 144.514720 0.000000
1692986640656790610 144.689883 0.000000
1692986640657178113 144.553971 0.000000
1692986640657268098 144.410753 0.000000
1692986640801684102 144.687999 0.000000
1692986641091459190 144.685663 0.000000
1692986641309666044 144.874974 0.000000
1692986641380828136 144.642116 0.000000
1692986641381331825 144.495414 0.000000
1692986641381528207 144.763058 0.000000
1692986641381686186 144.469459 0.000000
1692986641526132857 144.740877 0.000000
1692986641598196711 144.528493 0.000000
1692986641598666136 144.614197 0.000000
1692986641815542032 144.952636 0.000000
1692986641815643068 144.865493 0.000000
1692986641815682725 144.434999 0.000000
1692986641960685121 144.671701 0.000000
1692986642105007984 144.655272 0.000000
1692986642249719166 144.686310 0.000000
1692986642323150979 144.585655 0.000000
1692986642540540022 144.903852 0.000000
1692986642540876847 145.100485 0.000000
1692986642685040909 145.156767 0.000000
1692986642685451857 144.868374 0.000000
1692986642830400633 144.512404 0.000000
1692986643119027144 144.576433 0.000000
1692986643409092533 144.640979 0.000000
1692986643482109233 144.538581 0.000000
1692986643554596434 144.643430 0.000000
1692986643626312642 144.574976 0.000000
1692986643627322857 145.081281 0.000000
1692986643627352331 145.149460 0.000000
1692986643771317975 144.783075 0.000000
1692986643771350877 144.855413 0.000000
1692986643771527198 144.656670 0.000000
1692986643844595192 144.629147 0.000000
1692986644061072400 144.674361 0.000000
1692986644061203966 144.787711 0.000000
1692986644061612904 144.577581 0.000000
1692986644496565527 144.493581 0.000000
1692986644641261630 144.717893 0.000000
1692986644641761856 144.628851 0.000000
1692986644785984114 144.701249 0.000000
1692986644858481258 144.607106 0.000000
1692986644930724429 144.665476 0.000000
1692986645003841533 144.633421 0.000000
1692986645004077829 144.692264 0.000000
1692986645004129830 144.707955 0.000000
1692986645221575941 144.747735 0.000000
1692986645293957334 144.497960 0.000000
1692986645437530365 144.486409 0.000000
1692986645510659091 144.460940 0.000000
1692986645510923587 144.416662 0.000000
1692986645582489736 144.663632 0.000000
1692986645655012975 144.674076 0.000000
1692986645800461592 144.534962 0.000000
1692986645872841132 144.613069 0.000000
1692986645872870951 144.621969 0.000000
1692986645872913280 144.512891 0.000000
1692986645944909080 144.791576 0.000000
1692986646162486217 144.826251 0.000000
1692986646234835766 144.745903 0.000000
1692986646379561237 144.778455 0.000000
1692986646379851023 144.545688 0.000000
1692986646452446811 144.549009 0.000000
1692986646524757891 144.533935 0.000000
1692986646597640097 144.613455 0.000000
1692986646742143351 144.688981 0.000000
1692986646814512776 144.762357 0.000000
1692986646886863895 144.676392 0.000000
1692986646887038256 144.609511 0.000000
1692986646959350991 144.783286 0.000000
1692986646960180860 144.509959 0.000000
1692986647611688015 144.437209 0.000000
1692986647683478145 144.576988 0.000000
1692986647684697798 144.928057 0.000000
1692986647828645271 144.544028 0.000000
1692986647901127245 144.597809 0.000000
1692986647973561021 144.487321 0.000000
1692986648118261589 144.518925 0.000000
1692986648190509492 144.899016 0.000000
1692986648263208571 144.927462 0.000000
1692986648335618656 144.671560 0.000000
1692986648336048145 144.743903 0.000000
1692986648480089374 144.766522 0.000000
1692986648552579712 144.674757 0.000000
1692986648552951363 144.495830 0.000000
1692986648697576079 144.524142 0.000000
1692986648988426092 145.059590 0.000000
1692986649278403888 144.672478 0.000000
1692986649423153921 144.627878 0.000000
1692986649567173080 144.671459 0.000000
1692986649639918122 144.651093 0.000000
1692986649711794194 144.613430 0.000000
1692986649712048100 144.657007 0.000000
1692986649784558360 144.817611 0.000000
1692986650147334872 144.619460 0.000000
1692986650364054088 144.611601 0.000000
1692986650581933143 144.516083 0.000000
1692986650799169796 144.539754 0.000000
1692986651016522293 144.636815 0.000000
1692986651161541915 144.615169 0.000000
1692986651161684081 144.785210 0.000000
1692986651304931591 144.678209 0.000000
1692986651305646193 144.769664 0.000000
1692986651306023532 144.442156 0.000000
1692986651378850831 144.826953 0.000000
1692986651740493003 144.464819 0.000000
1692986651741334815 144.669421 0.000000
1692986651957745814 144.491100 0.000000
1692986651958710036 144.519812 0.000000
1692986652609485451 144.669320 0.000000
1692986652972645296 144.607171 0.000000
1692986653117217054 144.785686 0.000000
1692986653189942459 144.915403 0.000000
1692986653261207101 144.635461 0.000000
1692986653406694943 144.729324 0.000000
1692986653407401525 144.878668 0.000000
1692986653479486353 144.710165 0.000000
1692986653552123889 144.605682 0.000000
1692986653552229891 144.628991 0.000000
1692986653842008657 144.768015 0.000000
1692986653987318604 144.992474 0.000000
1692986654058267045 144.625222 0.000000
1692986654204455055 144.568765 0.000000
1692986654348524877 144.532757 0.000000
1692986654420266190 144.657251 0.000000
1692986654421885063 144.716936 0.000000
1692986654566397402 144.583400 0.000000
1692986654638038311 144.761380 0.000000
1692986654782864656 144.818087 0.000000
1692986654928832233 144.798020 0.000000
1692986655000528134 144.866971 0.000000
1692986655001104487 144.607586 0.000000
1692986655145720453 144.888180 0.000000
1692986655363556383 144.796366 0.000000
1692986655435171656 144.737955 0.000000
1692986655579841282 144.641792 0.000000
1692986655652748581 144.574600 0.000000
1692986655652908193 144.653038 0.000000
1692986655797880425 144.505463 0.000000
1692986656160304350 144.485622 0.000000
1692986656450310666 144.886757 0.000000
1692986656522310361 144.659131 0.000000
1692986656522648003 144.621293 0.000000
1692986656594993458 144.605086 0.000000
1692986656739951932 144.814874 0.000000
1692986656739983811 144.799965 0.000000
1692986657102478636 144.576690 0.000000
1692986657102521341 144.598560 0.000000
1692986657102747889 144.724909 0.000000
1692986657174222384 144.580047 0.000000
1692986657175237014 144.735293 0.000000
1692986657246762774 144.816634 0.000000
1692986657319262584 144.659326 0.000000
1692986657391758771 144.711453 0.000000
1692986657463827165 144.588021 0.000000
1692986657536966791 144.455056 0.000000
1692986657681609059 144.640157 0.000000
1692986657753566930 144.721197 0.000000
1692986657971054437 144.583565 0.000000
1692986657971420095 144.895512 0.000000
1692986657971957723 144.809291 0.000000
1692986658044514496 144.791805 0.000000
1692986658261058709 144.712280 0.000000
1692986658334253820 144.699150 0.000000
1692986658406602332 144.713848 0.000000
1692986658406835836 144.680396 0.000000
1692986658478229569 144.633125 0.000000
1692986658551928033 144.726539 0.000000
1692986658623029739 144.680452 0.000000
1692986658840548760 144.592552 0.000000
1692986658840886161 144.677810 0.000000
1692986658841219588 144.554041 0.000000
1692986658841404434 144.447202 0.000000
1692986658985276276 144.712466 0.000000
1692986658986083662 144.731050 0.000000
1692986658986310932 145.104650 0.000000
1692986658986359540 144.726459 0.000000
1692986659130624568 144.678185 0.000000
1692986659493224621 144.490380 0.000000
1692986659565437039 144.566069 0.000000
1692986659565957332 144.597187 0.000000
1692986659637847471 144.595754 0.000000
1692986659928431103 144.726689 0.000000
1692986660072974835 144.527796 0.000000
1692986660145999157 144.578709 0.000000
1692986660363100911 144.645120 0.000000
1692986660724970454 144.743032 0.000000
1692986661160517998 144.596605 0.000000
1692986661521711495 144.561274 0.000000
1692986661521857856 144.610017 0.000000
1692986661523064343 144.785485 0.000000
1692986661594484562 144.539349 0.000000
1692986661667349949 144.554243 0.000000
1692986661668010549 144.653198 0.000000
1692986661738834303 144.790192 0.000000
1692986661884748133 144.495053 0.000000
1692986661956206496 144.623959 0.000000
1692986661956327458 144.671606 0.000000
1692986662028660389 144.567448 0.000000
1692986662029070199 144.574489 0.000000
1692986662101523250 144.601727 0.000000
1692986662318249659 144.624771 0.000000
1692986662318830773 144.688475 0.000000
1692986662825428904 144.628550 0.000000
1692986662825925652 144.870490 0.000000
1692986662898464513 144.720193 0.000000
1692986663332471216 144.652095 0.000000
1692986663405441602 144.811797 0.000000
1692986663478409960 144.612618 0.000000
1692986663549960106 144.496979 0.000000
1692986663694968828 144.637767 0.000000
1692986663767215653 144.454545 0.000000
1692986663767565118 144.514452 0.000000
1692986663839611140 144.610878 0.000000
1692986663839693181 144.501248 0.000000
1692986663912875051 144.392655 0.000000
1692986663985014987 144.426329 0.000000
1692986663985445595 144.494889 0.000000
1692986664129721288 144.720465 0.000000
1692986664274885557 144.543297 0.000000
1692986664275315835 144.543492 0.000000
1692986664346618355 144.583800 0.000000
1692986664347180074 144.748374 0.000000
1692986664492582793 144.600905 0.000000
1692986664853870475 144.653864 0.000000
1692986664926839303 144.671755 0.000000
1692986665071340146 144.591419 0.000000
1692986665143809360 144.617209 0.000000
1692986665144059387 144.515452 0.000000
1692986665144160092 144.473189 0.000000
1692986665216406135 144.847260 0.000000
1692986665290025776 145.269188 0.000000
1692986665362243017 144.764888 0.000000
1692986665433364615 144.583395 0.000000
1692986665433496392 144.475374 0.000000
1692986665434332892 144.929922 0.000000
1692986665506863509 144.579146 0.000000
1692986665578366836 144.781943 0.000000
1692986665940481530 144.581957 0.000000
1692986665940828529 144.654285 0.000000
1692986666014438566 144.435885 0.000000
1692986666085676661 144.745588 0.000000
1692986666158270882 144.538344 0.000000
1692986666302562365 144.568367 0.000000
1692986666592526779 144.674277 0.000000
1692986666737806507 144.662184 0.000000
1692986666810310928 144.824718 0.000000
1692986666954237663 144.641967 0.000000
1692986666954449512 144.587430 0.000000
1692986666955657888 145.055130 0.000000
1692986667172043151 144.466087 0.000000
1692986667172504466 144.469710 0.000000
1692986667461278135 144.698113 0.000000
1692986667606396226 144.817862 0.000000
1692986667606719194 144.702984 0.000000
1692986667679293503 144.497616 0.000000
1692986667751981647 145.069824 0.000000
1692986667823578678 144.613249 0.000000
1692986667823721175 144.676040 0.000000
1692986667824192279 144.888645 0.000000
1692986667824407149 144.477112 0.000000
1692986667896918931 144.625458 0.000000
1692986667968973889 144.557299 0.000000
1692986668114125804 144.586432 0.000000
1692986668185966549 144.786749 0.000000
1692986668186186170 144.646307 0.000000
1692986668258464890 145.010205 0.000000
1692986668476259809 144.425015 0.000000
1692986668837945007 144.640964 0.000000
1692986668839036620 144.833578 0.000000
1692986669127768798 144.612874 0.000000
1692986669127772462 144.536992 0.000000
1692986669200733492 144.693456 0.000000
1692986669345224587 144.526768 0.000000
1692986669562767538 144.417483 0.000000
1692986669707631307 145.140268 0.000000
1692986669852807629 144.686851 0.000000
1692986669852860392 144.592867 0.000000
1692986669925322003 144.760793 0.000000
1692986669925478723 144.729065 0.000000
1692986670070196682 144.707715 0.000000
1692986670286300509 144.573612 0.000000
1692986670359994247 144.506360 0.000000
1692986670431447543 144.605296 0.000000
1692986670432807938 144.555701 0.000000
1692986670504220515 144.419242 0.000000
1692986670576124972 144.516444 0.000000
1692986670577790779 144.600330 0.000000
1692986670720649089 144.591318 0.000000
1692986670938047569 144.535879 0.000000
1692986670938473221 144.519476 0.000000
1692986671011064193 144.611856 0.000000
1692986671083343825 144.655242 0.000000
1692986671229009623 144.569959 0.000000
1692986671373389920 144.591419 0.000000
1692986671663314967 144.661021 0.000000
1692986672169665611 144.635629 0.000000
1692986672169703254 144.707178 0.000000
1692986672169904307 144.582648 0.000000
1692986672242649319 144.547234 0.000000
1692986672243091242 144.618818 0.000000
1692986672387923078 144.728704 0.000000
1692986672677041240 144.698633 0.000000
1692986672677946179 144.792517 0.000000
1692986672678111098 144.644437 0.000000
1692986672749236254 144.653729 0.000000
1692986672749967158 144.574775 0.000000
1692986672821722568 144.655939 0.000000
1692986672822409399 144.448310 0.000000
1692986672966832009 144.769423 0.000000
1692986672967289440 144.559889 0.000000
1692986673039747708 144.980321 0.000000
1692986673329071294 144.647745 0.000000
1692986673329638009 144.735419 0.000000
1692986673330015259 144.550293 0.000000
1692986673401882449 144.481171 0.000000
1692986673402415672 144.485687 0.000000
1692986673546699584 144.635451 0.000000
1692986673981005695 144.722795 0.000000
1692986674271441869 144.545307 0.000000
1692986674343954944 144.549029 0.000000
1692986674415553975 144.487606 0.000000
1692986674416426614 144.448716 0.000000
1692986674488698317 144.646963 0.000000
1692986674560543852 144.625276 0.000000
1692986674560977202 144.641476 0.000000
1692986674561090010 144.678948 0.000000
1692986674633485307 144.632054 0.000000
1692986674705232782 144.686590 0.000000
1692986674778056167 144.658354 0.000000
1692986674923087030 144.963627 0.000000
1692986674994859531 144.749307 0.000000
1692986675140191623 144.509776 0.000000
1692986675284917266 144.626431 0.000000
1692986675647151174 144.711022 0.000000
1692986675648059992 145.123253 0.000000
1692986675719495327 144.632335 0.000000
1692986675791735040 144.677679 0.000000
1692986675792509660 144.511312 0.000000
1692986675864244939 144.579586 0.000000
1692986675864880811 144.555104 0.000000
1692986676008841314 144.588582 0.000000
1692986676008931234 144.663436 0.000000
1692986676154579591 144.546324 0.000000
1692986676155145124 144.816128 0.000000
1692986676372137106 144.625142 0.000000
1692986676516504999 144.754293 0.000000
1692986676517027316 144.822978 0.000000
1692986676661275936 144.558111 0.000000
1692986676662571846 144.860405 0.000000
1692986676734097837 144.487827 0.000000
1692986676807542534 144.809012 0.000000
1692986676951219100 144.787771 0.000000
1692986677023629031 144.518769 0.000000
1692986677169709315 144.610303 0.000000
1692986677242244277 144.603953 0.000000
1692986677313173546 144.758608 0.000000
1692986677458293612 144.774305 0.000000
1692986677459584556 144.648712 0.000000
1692986677531997363 144.530312 0.000000
1692986677749028702 144.548634 0.000000
1692986677821493380 144.506852 0.000000
1692986677893259255 144.831944 0.000000
1692986677893282955 144.550629 0.000000
1692986678182797631 144.691697 0.000000
1692986678255470249 144.599132 0.000000
1692986678472997554 144.684656 0.000000
1692986678544734967 144.559684 0.000000
1692986678545367551 144.729721 0.000000
1692986678545759971 144.671425 0.000000
1692986678906782871 144.558432 0.000000
1692986678906992188 144.683779 0.000000
1692986678907698899 144.863203 0.000000
1692986678907948252 144.791494 0.000000
1692986678907954835 145.048329 0.000000
1692986678979897554 144.617700 0.000000
1692986679051619130 144.698033 0.000000
1692986679052091792 144.601208 0.000000
1692986679125349147 144.597774 0.000000
1692986679269297993 144.797319 0.000000
1692986679270065677 144.678547 0.000000
1692986679270101596 144.454664 0.000000
1692986679342291228 144.739243 0.000000
1692986679486901958 144.819711 0.000000
1692986679487086337 144.780991 0.000000
1692986679559483217 145.547432 0.000000
1692986679705047498 144.695125 0.000000
1692986679848782591 144.626555 0.000000
1692986680066625602 144.690464 0.000000
1692986680066660463 144.547135 0.000000
1692986680066687531 144.727635 0.000000
1692986680138535668 144.707640 0.000000
1692986680283172141 144.619067 0.000000
1692986680283820913 144.549671 0.000000
1692986680284377185 144.672708 0.000000
1692986680356878273 144.696173 0.000000
1692986680428675771 144.587545 0.000000
1692986680573508773 144.445449 0.000000
1692986680791119382 144.706301 0.000000
1692986680791150339 144.614346 0.000000
1692986680862880064 144.656311 0.000000
1692986680863108757 144.702934 0.000000
1692986681007857222 144.539222 0.000000
1692986681079758221 144.575692 0.000000
1692986681152155493 144.595519 0.000000
1692986681152997716 144.567208 0.000000
1692986681224767619 144.687919 0.000000
1692986681225155849 144.482129 0.000000
1692986681442070061 144.636354 0.000000
1692986681442222316 144.579236 0.000000
1692986681587203593 144.766155 0.000000
1692986681731885487 144.706823 0.000000
1692986681876024020 144.565653 0.000000
1692986681948722529 144.519351 0.000000
1692986681948843385 144.583967 0.000000
1692986682022437686 144.930097 0.000000
1692986682094251963 144.568605 0.000000
1692986682165893814 144.729486 0.000000
1692986682383606245 145.033950 0.000000
1692986682384159710 144.400318 0.000000
1692986682528077138 144.605021 0.000000
1692986682601328701 144.437004 0.000000
1692986682890572099 144.473939 0.000000
1692986682890710882 144.501604 0.000000
1692986683034993963 144.676988 0.000000
1692986683035745905 144.482320 0.000000
1692986683252960767 144.475433 0.000000
1692986683397494692 144.925176 0.000000
1692986683470737484 144.717934 0.000000
1692986683542479603 144.476280 0.000000
1692986683760259586 144.346183 0.000000
1692986683904396105 144.614496 0.000000
1692986683977616941 144.467355 0.000000
1692986684194777491 144.734552 0.000000
1692986684339293990 144.787968 0.000000
1692986684411714244 144.833453 0.000000
1692986684483952290 144.652646 0.000000
1692986684774319402 144.903246 0.000000
1692986684847176536 144.752384 0.000000
1692986684919161545 144.790697 0.000000
1692986684919689175 144.726638 0.000000
1692986684991441012 144.740079 0.000000
1692986684991616255 144.522864 0.000000
1692986684991657993 144.465385 0.000000
1692986685281559260 144.593724 0.000000
1692986685426447379 144.542094 0.000000
1692986685498792023 144.724258 0.000000
1692986685643512498 144.712656 0.000000
1692986685643741301 144.680697 0.000000
1692986685643941573 144.535198 0.000000
1692986685716057212 144.589018 0.000000
1692986685788141599 144.612453 0.000000
1692986685789344623 145.029274 0.000000
1692986685861709328 145.053706 0.000000
1692986685861711353 144.841932 0.000000
1692986685934352106 144.744962 0.000000
1692986686005476416 144.865061 0.000000
1692986686077742010 144.526824 0.000000
1692986686294880374 144.571112 0.000000
1692986686296312361 144.588346 0.000000
1692986686439742078 144.529971 0.000000
1692986686584978885 144.518684 0.000000
1692986686585912040 144.565187 0.000000
1692986686656870588 144.718860 0.000000
1692986686658162509 144.602990 0.000000
1692986686801922555 144.599914 0.000000
1692986687019988771 144.564085 0.000000
1692986687092223047 144.422285 0.000000
1692986687165165269 144.457532 0.000000
1692986687381866849 144.770010 0.000000
1692986687382574378 144.830861 0.000000
1692986687744690777 144.656145 0.000000
1692986687961778708 144.880247 0.000000
1692986687962075454 144.580604 0.000000
1692986688106539131 144.519316 0.000000
1692986688179454623 144.671224 0.000000
1692986688179664854 144.704567 0.000000
1692986688324405501 144.786758 0.000000
1692986688396575778 144.540615 0.000000
1692986688686914790 144.979753 0.000000
1692986688759396879 144.571688 0.000000
1692986688831327157 144.705600 0.000000
1692986688903747061 144.540520 0.000000
1692986688904039116 144.573878 0.000000
1692986689266523477 144.630916 0.000000
1692986689338536411 144.616375 0.000000
1692986689411666175 144.764897 0.000000
1692986689629020668 144.826968 0.000000
1692986689773608889 144.787440 0.000000
1692986689773746755 144.966679 0.000000
1692986689845870805 144.588041 0.000000
1692986689918251166 144.659281 0.000000
1692986689919098376 144.734512 0.000000
1692986689991048981 144.788918 0.000000
1692986690063278225 144.637502 0.000000
1692986690426345054 144.788412 0.000000
1692986690497888726 144.695817 0.000000
1692986690571187348 144.700468 0.000000
1692986690787572280 144.647279 0.000000
1692986690788457077 144.548113 0.000000
1692986690861205477 145.041673 0.000000
1692986690932069555 144.602705 0.000000
1692986691076669819 144.570545 0.000000
1692986691150923803 144.658485 0.000000
1692986691222313881 144.575015 0.000000
1692986691294456113 144.634870 0.000000
1692986691295457527 144.566661 0.000000
1692986691584498313 144.464883 0.000000
1692986691584798843 144.462654 0.000000
1692986691729411852 144.624256 0.000000
1692986691801703312 144.623413 0.000000
1692986691872932731 144.598530 0.000000
1692986691873707918 144.559890 0.000000
1692986691874311159 144.587129 0.000000
1692986692164241929 144.803238 0.000000
1692986692452489427 144.632424 0.000000
1692986693176333247 144.597884 0.000000
1692986693176994027 144.615044 0.000000
1692986693249129383 144.698007 0.000000
1692986693393690677 144.548062 0.000000
1692986693466731494 144.585626 0.000000
1692986693539075725 145.112955 0.000000
1692986693611579644 145.000832 0.000000
1692986693756914842 144.870559 0.000000
1692986693901329850 144.737239 0.000000
1692986693902004367 144.812816 0.000000
1692986693973879446 144.710208 0.000000
1692986694046380369 144.396374 0.000000
1692986694118946217 144.467219 0.000000
1692986694191744403 144.550528 0.000000
1692986694263670120 144.826647 0.000000
1692986694336127005 144.649760 0.000000
1692986694408745146 144.572961 0.000000
1692986694408875514 144.591609 0.000000
1692986694408905539 144.776676 0.000000
1692986694625636955 144.634995 0.000000
1692986694626529705 144.419498 0.000000
1692986694770421754 144.760864 0.000000
1692986694770515834 144.650963 0.000000
1692986694771183069 144.811818 0.000000
1692986694843874736 144.779051 0.000000
1692986695277987792 144.592436 0.000000
1692986695350819030 144.601403 0.000000
1692986695567830432 144.493135 0.000000
1692986695640526184 144.707449 0.000000
1692986695712365434 144.642613 0.000000
1692986695712366156 144.710325 0.000000
1692986695785059946 144.496958 0.000000
1692986696002884732 144.797288 0.000000
1692986696075419333 144.931973 0.000000
1692986696220134850 144.705049 0.000000
1692986696292865223 144.840213 0.000000
1692986696364952236 144.586502 0.000000
1692986696654143985 144.833718 0.000000
1692986696727318767 144.644623 0.000000
1692986696799396414 144.886005 0.000000
1692986697016858998 144.544574 0.000000
1692986697016897142 144.561789 0.000000
1692986697089201156 144.771564 0.000000
1692986697089325701 144.791541 0.000000
1692986697162058890 144.699812 0.000000
1692986697379121187 144.537037 0.000000
1692986697668751988 144.706297 0.000000
1692986697669238477 144.625188 0.000000
1692986697813531129 144.753817 0.000000
1692986697813951735 144.503915 0.000000
1692986697814154081 144.690113 0.000000
1692986697886338110 144.589365 0.000000
1692986697886463477 144.437115 0.000000
1692986697958714212 144.630907 0.000000
1692986698030636882 144.589028 0.000000
1692986698175715787 144.774090 0.000000
1692986698176383363 144.585285 0.000000
1692986698248804299 144.496126 0.000000
1692986698321076258 144.684626 0.000000
1692986698393511312 144.931601 0.000000
1692986698465982586 144.941304 0.000000
1692986698828992196 144.569884 0.000000
1692986698901939650 144.652281 0.000000
1692986699045767784 144.779091 0.000000
1692986699046605862 144.627221 0.000000
1692986699047058176 144.641691 0.000000
1692986699263263070 144.671907 0.000000
1692986699407966580 144.662820 0.000000
1692986699481001382 144.788833 0.000000
1692986699698121543 144.707148 0.000000
1692986699842729721 144.517692 0.000000
1692986699843236748 144.684345 0.000000
1692986699915034180 144.580017 0.000000
1692986700205660733 145.036361 0.000000
1692986700350809100 144.793535 0.000000
1692986700495775828 144.778724 0.000000
1692986700568243809 144.740180 0.000000
1692986700712088012 144.554623 0.000000
1692986700929408209 144.729089 0.000000
1692986701002085638 144.837352 0.000000
1692986701002645227 144.506009 0.000000
1692986701146629772 144.689668 0.000000
1692986701220189287 144.868946 0.000000
1692986701509303614 144.483467 0.000000
1692986701872199974 144.510827 0.000000
1692986702088741623 144.766898 0.000000
1692986702161011383 144.873636 0.000000
1692986702234025697 144.597593 0.000000
1692986702524063968 144.837763 0.000000
1692986702595681712 144.556326 0.000000
1692986702668653808 144.571883 0.000000
1692986702668976836 144.598946 0.000000
1692986702813805919 144.577917 0.000000
1692986702958140138 144.741879 0.000000
1692986702958206964 144.755617 0.000000
1692986703103449460 144.655548 0.000000
1692986703393317409 144.706197 0.000000
1692986703465908497 144.631166 0.000000
1692986703538079055 144.498382 0.000000
1692986703610129819 144.718357 0.000000
1692986703972495468 144.750058 0.000000
1692986704190845104 144.546684 0.000000
1692986704263033614 144.495344 0.000000
1692986704698215952 144.619594 0.000000
1692986704916112894 144.825514 0.000000
1692986704987175174 144.687158 0.000000
1692986705060121700 144.859242 0.000000
1692986705205531270 144.459856 0.000000
1692986705494619999 144.659818 0.000000
1692986705566866538 144.630750 0.000000
1692986705856947635 144.575537 0.000000
1692986705928693146 144.787515 0.000000
1692986705929148874 144.567523 0.000000
1692986706001431503 144.799779 0.000000
1692986706073887044 144.723236 0.000000
1692986706074742242 145.048544 0.000000
1692986706146404681 144.691302 0.000000
1692986706218694773 144.849220 0.000000
1692986706292221676 144.664720 0.000000
1692986706363627492 144.659613 0.000000
1692986706581679495 144.462924 0.000000
1692986706725519362 144.518845 0.000000
1692986706726169908 144.441961 0.000000
1692986707015622925 144.663512 0.000000
1692986707160318843 144.743553 0.000000
1692986707233264913 144.716254 0.000000
1692986707667852024 144.785175 0.000000
1692986707668433083 144.512961 0.000000
1692986707668655050 144.757130 0.000000
1692986707741328149 144.637552 0.000000
1692986707885322431 144.520830 0.000000
1692986707885362289 144.965631 0.000000
1692986707886208848 144.733591 0.000000
1692986708102580474 144.651218 0.000000
1692986708174787171 144.607221 0.000000
1692986708320494666 144.567548 0.000000
1692986708609445819 144.676737 0.000000
1692986708610750339 145.041141 0.000000
1692986708826648518 144.531329 0.000000
1692986709044371905 144.413495 0.000000
1692986709116821848 144.631538 0.000000
1692986709334286398 144.563153 0.000000
1692986709551722400 144.933370 0.000000
1692986709552144133 144.546614 0.000000
1692986709696973075 144.789645 0.000000
1692986709697242207 144.792002 0.000000
1692986709769463373 144.494332 0.000000
1692986709986891387 144.636530 0.000000
1692986710203915093 144.524300 0.000000
1692986710276227863 144.851069 0.000000
1692986710711365216 144.609832 0.000000
1692986710712113400 144.723046 0.000000
1692986710783303628 144.536335 0.000000
1692986711002041635 144.564516 0.000000
1692986711145068792 144.642458 0.000000
1692986711145547969 144.398413 0.000000
1692986711289932140 144.691071 0.000000
1692986711363581640 144.501194 0.000000
1692986711580163632 144.873145 0.000000
1692986711653416151 144.473007 0.000000
1692986711653814254 144.698934 0.000000
1692986711726123324 144.461426 0.000000
1692986711797274862 144.599583 0.000000
1692986711869395093 144.588842 0.000000
1692986712232330796 144.568796 0.000000
1692986712304426249 144.568045 0.000000
1692986712376807307 144.488795 0.000000
1692986712449365673 145.120627 0.000000
1692986712521822088 144.624722 0.000000
1692986712956010038 144.699510 0.000000
1692986713029033724 144.700483 0.000000
1692986713173343747 144.681915 0.000000
1692986713462743008 144.587459 0.000000
1692986713463481264 144.675104 0.000000
1692986713680923516 144.689202 0.000000
1692986713752742480 144.536020 0.000000
1692986713825287696 144.583215 0.000000
1692986714187258340 144.508386 0.000000
1692986714187874415 144.757316 0.000000
1692986714477674106 144.503108 0.000000
1692986714549801458 144.458168 0.000000
1692986714622115470 145.088628 0.000000
1692986714622535955 144.466242 0.000000
1692986714766688786 144.743112 0.000000
1692986714839241595 144.652166 0.000000
1692986714984904972 144.540379 0.000000
1692986715129571962 144.629743 0.000000
1692986715202277792 144.417683 0.000000
1692986715273868639 144.759491 0.000000
1692986715273904182 144.805603 0.000000
1692986715346393548 144.495255 0.000000
1692986715781708705 144.484680 0.000000
1692986716071223967 144.645334 0.000000
1692986716144573052 144.634975 0.000000
1692986716216148779 144.572239 0.000000
1692986716289095991 144.433050 0.000000
1692986716361201372 144.890401 0.000000
1692986716796086167 144.665627 0.000000
1692986716796606505 144.673214 0.000000
1692986716797409651 144.710817 0.000000
1692986716870019789 144.787245 0.000000
1692986717158052491 144.684837 0.000000
1692986717158365330 144.779919 0.000000
1692986717230813279 144.828812 0.000000
1692986717231148104 144.627513 0.000000
1692986717303774064 144.667195 0.000000
1692986717739085217 144.631894 0.000000
1692986717811202611 144.682642 0.000000
1692986717882890689 144.558682 0.000000
1692986718172466212 144.674683 0.000000
1692986718318304788 144.656851 0.000000
1692986718535502825 144.750215 0.000000
1692986718607765157 144.603357 0.000000
1692986718752902483 144.559865 0.000000
1692986718898452356 144.590416 0.000000
1692986718969917274 144.704782 0.000000
1692986719042119846 144.700293 0.000000
1692986719260269026 144.511953 0.000000
1692986719550012981 144.708266 0.000000
1692986719622758394 144.706261 0.000000
1692986719766907803 144.619790 0.000000
1692986719912631125 144.721968 0.000000
1692986720058477283 145.050935 0.000000
1692986720131136725 145.029013 0.000000
1692986720493166933 144.657092 0.000000
1692986720637812593 144.546409 0.000000
1692986720710251450 144.677168 0.000000
1692986720711166638 144.615700 0.000000
1692986720783756885 144.547511 0.000000
1692986720855583105 144.683639 0.000000
1692986720856167527 144.622932 0.000000
1692986720927357274 144.696293 0.000000
1692986720927859710 144.629012 0.000000
1692986721144763011 144.602459 0.000000
1692986721216904982 144.645124 0.000000
1692986721435138914 144.552456 0.000000
1692986721724964991 144.685924 0.000000
1692986721797678140 144.588431 0.000000
1692986721868829130 144.596701 0.000000
1692986721869398672 144.418446 0.000000
1692986722014205217 144.625643 0.000000
1692986722086929796 144.845922 0.000000
1692986722158732812 144.511438 0.000000
1692986722159500697 144.622917 0.000000
1692986722303504526 144.507457 0.000000
1692986722375798742 144.577320 0.000000
1692986722448585852 144.533173 0.000000
1692986722520833504 144.628485 0.000000
1692986722738231859 144.663221 0.000000
1692986722738340262 144.557174 0.000000
1692986722883160458 144.780710 0.000000
1692986722883412145 145.048980 0.000000
1692986723027882427 144.697417 0.000000
1692986723027884787 144.655875 0.000000
1692986723028398871 144.666354 0.000000
1692986723173067113 144.634028 0.000000
1692986723245937081 144.646583 0.000000
1692986723607098990 144.613295 0.000000
1692986723608110558 144.632625 0.000000
1692986723680365548 144.768537 0.000000
1692986723896764027 144.434658 0.000000
1692986723970704551 144.671885 0.000000
1692986724259145253 144.708341 0.000000
1692986724260734011 144.656215 0.000000
1692986724620933171 144.607731 0.000000
1692986724765536492 144.574174 0.000000
1692986724767009861 145.051490 0.000000
1692986724767359356 144.570054 0.000000
1692986724839801221 144.512825 0.000000
1692986724911741788 144.661603 0.000000
1692986724984554282 144.672864 0.000000
1692986724984602303 144.699516 0.000000
1692986725054894068 144.505484 0.000000
1692986725636252548 144.739699 0.000000
1692986725925313531 144.354041 0.000000
1692986725998484721 144.489155 0.000000
1692986726068852127 144.661908 0.000000
1692986726070646053 144.406659 0.000000
1692986726142367333 144.722720 0.000000
1692986726213678192 144.645360 0.000000
1692986726214741852 144.740682 0.000000
1692986726288055995 144.808690 0.000000
1692986726359260300 144.475578 0.000000
1692986726360532921 144.912923 0.000000
1692986726505014299 144.491867 0.000000
1692986726649166479 144.431746 0.000000
1692986726721580183 144.591208 0.000000
1692986726722384217 144.552553 0.000000
1692986726793863458 144.666128 0.000000
1692986726939974038 144.693546 0.000000
1692986727229922064 144.630975 0.000000
1692986727302124753 144.641623 0.000000
1692986727373736211 144.803838 0.000000
1692986727518906139 145.070260 0.000000
1692986727591488531 144.630570 0.000000
1692986727664366142 144.717312 0.000000
1692986727808848812 144.747939 0.000000
1692986727881682410 144.777933 0.000000
1692986727954485357 144.639331 0.000000
1692986728026380117 144.874548 0.000000
1692986728026566080 145.127142 0.000000
1692986728027338816 145.009188 0.000000
1692986728172129700 144.592662 0.000000
1692986728243679297 144.748379 0.000000
1692986728316511891 144.554879 0.000000
1692986728461575966 144.609185 0.000000
1692986728677923673 144.578479 0.000000
1692986728750701481 144.524087 0.000000
1692986728822637506 144.690695 0.000000
1692986729040424763 144.569147 0.000000
1692986729258440376 144.524011 0.000000
1692986729329643865 144.699651 0.000000
1692986729329961561 144.513808 0.000000
1692986729474414416 144.739258 0.000000
1692986729546880012 144.582778 0.000000
1692986729547231175 144.634047 0.000000
1692986729619655565 144.729401 0.000000
1692986729692086173 144.957312 0.000000
1692986729765229042 144.557690 0.000000
1692986729836708691 144.678324 0.000000
1692986729909848657 144.586076 0.000000
1692986729982167661 144.720294 0.000000
1692986730054519546 144.636624 0.000000
1692986730200125409 144.871587 0.000000
1692986730272675121 144.762704 0.000000
1692986730489362333 144.684897 0.000000
1692986730779816438 144.645540 0.000000
1692986730923800412 144.628024 0.000000
1692986731069320535 144.605592 0.000000
1692986731286273316 144.518955 0.000000
1692986731286746710 144.561665 0.000000
1692986731793028769 144.651454 0.000000
1692986731866195905 144.766968 0.000000
1692986732010746047 144.847721 0.000000
1692986732227273683 144.551416 0.000000
1692986732227315947 144.507403 0.000000
1692986732373462440 144.635522 0.000000
1692986732444516716 144.774164 0.000000
1692986732662302042 144.573431 0.000000
1692986732952961848 144.542605 0.000000
1692986733097172439 144.783050 0.000000
1692986733169972474 144.601472 0.000000
1692986733241747725 144.550639 0.000000
1692986733242234565 144.560722 0.000000
1692986733386359030 144.586788 0.000000
1692986733531738040 144.542801 0.000000
1692986733893318109 144.679264 0.000000
1692986734038232219 144.725166 0.000000
1692986734183908612 144.566235 0.000000
1692986734835872798 144.731757 0.000000
1692986735052446696 144.684862 0.000000
1692986735196863990 144.541663 0.000000
1692986735197658061 144.443805 0.000000
1692986735269704358 144.582272 0.000000
1692986735414771601 144.599943 0.000000
1692986735486474514 144.482304 0.000000
1692986735632346027 144.767971 0.000000
1692986735849466900 144.769575 0.000000
1692986736066541405 144.652650 0.000000
1692986736355718554 144.713663 0.000000
1692986736356154560 144.570023 0.000000
1692986736427844357 144.687122 0.000000
1692986736428671199 144.517246 0.000000
1692986736501132746 144.566551 0.000000
1692986736574051863 145.112448 0.000000
1692986736645316173 144.638810 0.000000
1692986736645369227 144.474316 0.000000
1692986736790045739 144.784334 0.000000
1692986736935816587 144.559330 0.000000
1692986737007733463 144.436241 0.000000
1692986737080161987 144.723993 0.000000
1692986737152526833 144.777177 0.000000
1692986737152830381 144.957402 0.000000
1692986737153102450 144.631442 0.000000
1692986737297515823 145.018043 0.000000
1692986737297573192 145.003785 0.000000
1692986737297865453 144.825604 0.000000
1692986737370320800 144.592592 0.000000
1692986737442072782 144.539372 0.000000
1692986737659485635 144.463656 0.000000
1692986737659628714 144.530506 0.000000
1692986737660039130 144.411064 0.000000
1692986737731811154 144.617920 0.000000
1692986737877561950 144.530186 0.000000
1692986737949214526 144.638072 0.000000
1692986737949537799 144.662014 0.000000
1692986738021378248 144.645595 0.000000
1692986738022112038 144.829238 0.000000
1692986738022197437 144.745092 0.000000
1692986738093849592 144.619264 0.000000
1692986738239243631 144.669236 0.000000
1692986738239379338 144.704242 0.000000
1692986738455962863 144.561981 0.000000
1692986738601741779 144.630726 0.000000
1692986738818795055 144.519672 0.000000
1692986738891187626 144.608208 0.000000
1692986738962821306 144.593428 0.000000
1692986738962860618 144.378903 0.000000
1692986739107534138 144.683238 0.000000
1692986739108481577 144.752475 0.000000
1692986739108556777 144.646126 0.000000
1692986739253707184 144.742636 0.000000
1692986739398237144 144.755923 0.000000
1692986739543087341 144.834997 0.000000
1692986739543200546 144.780290 0.000000
1692986739615613888 144.416747 0.000000
1692986739687419160 144.430650 0.000000
1692986739759141137 144.584283 0.000000
1692986739760235548 144.563889 0.000000
1692986739904892379 144.531449 0.000000
1692986740049419784 144.537974 0.000000
1692986740121353705 144.483753 0.000000
1692986740194326077 144.577291 0.000000
1692986740338095184 144.597142 0.000000
1692986740338993237 144.565959 0.000000
1692986740410551879 144.603977 0.000000
1692986740482708354 144.503189 0.000000
1692986740483300985 144.651815 0.000000
1692986740555906572 144.453948 0.000000
1692986740628482715 144.578539 0.000000
1692986740628540600 144.361248 0.000000
1692986740772360310 144.580297 0.000000
1692986740846063064 144.624446 0.000000
1692986740917226539 144.567193 0.000000
1692986740917561340 144.440943 0.000000
1692986741062012155 144.691311 0.000000
1692986741062667463 144.521140 0.000000
1692986741063044461 144.559484 0.000000
1692986741207912525 144.493747 0.000000
1692986741424913418 144.432579 0.000000
1692986741425087369 144.585881 0.000000
1692986741497548334 144.564376 0.000000
1692986741642015168 144.624872 0.000000
1692986741931451335 144.765024 0.000000
1692986741931486252 144.820042 0.000000
1692986742003683236 144.726735 0.000000
1692986742004475252 144.464583 0.000000
1692986742220859203 144.637706 0.000000
1692986742293314294 144.555320 0.000000
1692986742438530939 144.429647 0.000000
1692986742583106647 144.658876 0.000000
1692986742583327572 144.622211 0.000000
1692986742655324781 144.648677 0.000000
1692986742727786728 144.651860 0.000000
1692986743018539079 145.014958 0.000000
1692986743163304989 144.713388 0.000000
1692986743163390979 144.793700 0.000000
1692986743163428872 144.790888 0.000000
1692986743307876832 144.752143 0.000000
1692986743380387031 144.530447 0.000000
1692986743525248149 144.850763 0.000000
1692986743525678552 144.763029 0.000000
1692986743669816785 144.613566 0.000000
1692986743815502053 144.720730 0.000000
1692986744104662554 144.652867 0.000000
1692986744177744445 144.786865 0.000000
1692986744394256961 144.577055 0.000000
1692986744394761858 144.555661 0.000000
1692986744467860683 144.409228 0.000000
1692986744540229238 144.497535 0.000000
1692986744611596067 144.476175 0.000000
1692986744684545305 144.479483 0.000000
1692986744901190669 144.765750 0.000000
1692986744901868575 144.541768 0.000000
1692986744973874193 144.614708 0.000000
1692986745410374212 145.224349 0.000000
1692986745480902032 144.600851 0.000000
1692986745481395622 144.508681 0.000000
1692986745627302537 144.526312 0.000000
1692986745771221674 144.955819 0.000000
1692986745843691609 144.640598 0.000000
1692986745989009070 144.476000 0.000000
1692986746061093848 144.494288 0.000000
1692986746133259870 144.660811 0.000000
1692986746134055620 144.774981 0.000000
1692986746278882503 144.591685 0.000000
1692986746350417013 144.670168 0.000000
1692986746350893489 144.514946 0.000000
1692986746351103583 144.492955 0.000000
1692986746351591566 144.653208 0.000000
1692986746424045098 144.560216 0.000000
1692986746568115122 144.707544 0.000000
1692986746568602894 145.004447 0.000000
1692986746857288848 144.683844 0.000000
1692986747292160853 144.580333 0.000000
1692986747292332373 144.717192 0.000000
1692986747655153740 144.558973 0.000000
1692986747871853512 144.746190 0.000000
1692986747872074918 144.565729 0.000000
1692986747873278367 144.522719 0.000000
1692986748018112998 144.669947 0.000000
1692986748090298055 144.547777 0.000000
1692986748234513498 144.883290 0.000000
1692986748596603810 144.524629 0.000000
1692986748597397034 144.426876 0.000000
1692986748669048843 144.713723 0.000000
1692986748741198126 144.732247 0.000000
1692986748958701366 144.940267 0.000000
1692986748958713684 144.646778 0.000000
1692986749030795074 144.586062 0.000000
1692986749030997431 144.486399 0.000000
1692986749031433447 144.563659 0.000000
1692986749104247088 144.684671 0.000000
1692986749249090550 144.756519 0.000000
1692986749392939248 144.588602 0.000000
1692986749539123404 144.654271 0.000000
1692986749611207204 144.547477 0.000000
1692986749829030609 144.580559 0.000000
1692986749901161650 144.642262 0.000000
1692986749973668271 144.645235 0.000000
1692986750045866794 144.886912 0.000000
1692986750190995455 144.635131 0.000000
1692986750263889369 144.775137 0.000000
1692986750479931337 144.493016 0.000000
1692986750552331871 144.622967 0.000000
1692986750553323277 144.532571 0.000000
1692986750698280007 144.822107 0.000000
1692986750769097531 144.614437 0.000000
1692986750770828129 144.980059 0.000000
1692986750841709658 144.524763 0.000000
1692986751059400986 144.618166 0.000000
1692986751060442313 144.527670 0.000000
1692986751277322239 144.448576 0.000000
1692986751420769903 144.566766 0.000000
1692986751421619288 144.705430 0.000000
1692986751566869221 144.806099 0.000000
1692986751710406478 144.646187 0.000000
1692986751855198961 144.579656 0.000000
1692986752001551675 144.634860 0.000000
1692986752363409791 144.540940 0.000000
1692986752363513914 144.550493 0.000000
1692986752363594973 144.649965 0.000000
1692986752435259727 144.423433 0.000000
1692986752652881969 144.590622 0.000000
1692986752797914861 144.525565 0.000000
1692986752869622325 144.516940 0.000000
1692986753014054347 144.675024 0.000000
1692986753159510331 144.747712 0.000000
1692986753521060520 144.497120 0.000000
1692986753521277396 144.569428 0.000000
1692986753593630203 144.860245 0.000000
1692986753593764446 144.862420 0.000000
1692986753738148487 144.607086 0.000000
1692986753738617676 144.564933 0.000000
1692986753811359614 144.662585 0.000000
1692986753811449845 144.607706 0.000000
1692986753883336626 144.711939 0.000000
1692986754027657289 144.528523 0.000000
1692986754028126493 144.593354 0.000000
1692986754101201128 144.612794 0.000000
1692986754172594840 144.462133 0.000000
1692986754245725495 144.509268 0.000000
1692986754317447207 144.746040 0.000000
1692986754317627166 144.691417 0.000000
1692986754390211834 144.712527 0.000000
1692986754390796552 144.552257 0.000000
1692986754607568658 144.703260 0.000000
1692986754824407528 144.585240 0.000000
1692986754896586886 144.573873 0.000000
1692986754897445507 144.600204 0.000000
1692986754969590005 144.437325 0.000000
1692986755114039187 144.600871 0.000000
1692986755114118993 144.822954 0.000000
1692986755258922677 144.774686 0.000000
1692986755258990590 144.744525 0.000000
1692986755259470855 144.519657 0.000000
1692986755331157379 144.665625 0.000000
1692986755403510222 144.569618 0.000000
1692986755838710447 144.527535 0.000000
1692986755910904585 144.696229 0.000000
1692986755984575624 145.368541 0.000000
1692986756057042974 144.562381 0.000000
1692986756057305055 144.711278 0.000000
1692986756128817374 144.479212 0.000000
1692986756201175388 144.538851 0.000000
1692986756274052227 144.551140 0.000000
1692986756490552979 144.685423 0.000000
1692986756491467511 144.753396 0.000000
1692986756636269636 144.754569 0.000000
1692986756926103757 144.703496 0.000000
1692986756998086492 144.527600 0.000000
1692986757071128566 144.671742 0.000000
1692986757143079327 144.565970 0.000000
1692986757360143237 144.600870 0.000000
1692986757433367942 144.651850 0.000000
1692986757504409428 144.517001 0.000000
1692986757505470781 144.489952 0.000000
1692986757505525945 144.523916 0.000000
1692986757576949908 144.684606 0.000000
1692986757577951191 144.542995 0.000000
1692986757649395963 144.583130 0.000000
1692986757866542345 144.663998 0.000000
1692986757866882413 144.576649 0.000000
1692986758083879011 144.812765 0.000000
1692986758301476024 144.425787 0.000000
1692986758374236301 144.495885 0.000000
1692986758446380603 144.685859 0.000000
1692986758518391453 144.694339 0.000000
1692986758519010251 144.764788 0.000000
1692986758663606611 144.501445 0.000000
1692986758735455494 144.628185 0.000000
1692986758735708078 144.582744 0.000000
1692986758881444786 144.471354 0.000000
1692986758953094254 144.509048 0.000000
1692986759170281978 144.560847 0.000000
1692986759532493915 144.613005 0.000000
1692986759533069672 144.512630 0.000000
1692986759823338892 144.875972 0.000000
1692986759894877351 144.689216 0.000000
1692986760040779630 144.509739 0.000000
1692986760257044127 144.524568 0.000000
1692986760257733705 144.726594 0.000000
1692986760474634801 144.570285 0.000000
1692986760620268003 144.691186 0.000000
1692986760691891861 144.851830 0.000000
1692986760836741627 144.564221 0.000000
1692986760837008479 144.715223 0.000000
1692986760837129737 144.623569 0.000000
1692986760909158910 144.606144 0.000000
1692986760909240731 144.738532 0.000000
1692986760981738937 144.449954 0.000000
1692986761199147661 144.639210 0.000000
1692986761344411187 144.790498 0.000000
1692986761489002240 144.630585 0.000000
1692986761489130459 144.479548 0.000000
1692986761489302845 144.633182 0.000000
1692986761633816608 144.735886 0.000000
1692986761851302833 144.441870 0.000000
1692986762141738135 144.694704 0.000000
1692986762213736762 144.460694 0.000000
1692986762359246887 144.877842 0.000000
1692986762503995142 144.611045 0.000000
1692986762648074827 144.775463 0.000000
1692986762648111718 144.861303 0.000000
1692986762720535266 144.590387 0.000000
1692986762792801151 144.574119 0.000000
1692986762793358956 144.637150 0.000000
1692986762938133126 144.547441 0.000000
1692986763010302541 144.605496 0.000000
1692986763807246822 144.783767 0.000000
1692986763807358257 144.617078 0.000000
1692986763952756517 145.004016 0.000000
1692986764024558014 144.706548 0.000000
1692986764097551339 144.620241 0.000000
1692986764314169075 144.571107 0.000000
1692986764532561477 144.698488 0.000000
1692986764893678972 144.666413 0.000000
1692986764966382517 144.619665 0.000000
1692986764966496543 144.668332 0.000000
1692986765038535755 144.626992 0.000000
1692986765183921926 144.773765 0.000000
1692986765255991118 144.708702 0.000000
1692986765401441469 144.725020 0.000000
1692986765690907261 144.492589 0.000000
1692986765763418994 144.558512 0.000000
1692986765763648213 144.429656 0.000000
1692986765907117446 144.661237 0.000000
1692986765980510474 144.773333 0.000000
1692986766196870063 144.827309 0.000000
1692986766343167813 144.708973 0.000000
1692986766343224225 144.674638 0.000000
1692986766343281679 144.569553 0.000000
1692986766415092769 144.491712 0.000000
1692986766488249199 144.815627 0.000000
1692986766558607017 144.652846 0.000000
1692986766560392202 144.634720 0.000000
1692986767065525456 144.636319 0.000000
1692986767210100396 144.543652 0.000000
1692986767211989664 144.491320 0.000000
1692986767284272218 144.485737 0.000000
1692986767284532088 144.522813 0.000000
1692986767354932856 144.546695 0.000000
1692986767428900969 144.523730 0.000000
1692986767571985788 144.543015 0.000000
1692986767573835853 144.537577 0.000000
1692986767645891252 144.488337 0.000000
1692986767646441299 144.600273 0.000000
1692986767718322905 144.531645 0.000000
1692986767863785554 144.984239 0.000000
1692986768008543545 144.695686 0.000000
1692986768153090191 144.538132 0.000000
1692986768153775853 144.689022 0.000000
