1692986619070537198 144.638093 0.000000
1692986619142833620 144.688089 0.000000
1692986619361031663 144.886065 0.000000
1692986619505646703 144.608856 0.000000
1692986619794363505 144.552440 0.000000
1692986619867065304 144.604064 0.000000
1692986619939047470 144.653544 0.000000
1692986619940168616 144.653745 0.000000
1692986619940211185 144.717373 0.000000
1692986620156661756 144.653514 0.000000
1692986620229898053 144.495502 0.000000
1692986620232349702 144.528073 0.000000
1692986620447224134 144.803799 0.000000
1692986620592177876 144.768005 0.000000
1692986620737483211 144.674289 0.000000
1692986620954336387 144.662931 0.000000
1692986620954840549 144.649851 0.000000
1692986621027511959 144.599675 0.000000
1692986621172909703 144.637928 0.000000
1692986621316737242 144.640665 0.000000
1692986621534351463 144.731966 0.000000
1692986621679903697 144.538242 0.000000
1692986621824874058 144.552870 0.000000
1692986621896940661 144.702693 0.000000
1692986621896973176 144.637331 0.000000
1692986622331696714 144.766610 0.000000
1692986622404090367 144.535032 0.000000
1692986622548332014 144.733931 0.000000
1692986622548648715 144.595251 0.000000
1692986622693050068 144.695938 0.000000
1692986622765875741 144.604185 0.000000
1692986623055528885 144.711550 0.000000
1692986623056055990 144.518807 0.000000
1692986623200529701 144.926474 0.000000
1692986623200964978 144.880352 0.000000
1692986623201135590 144.800320 0.000000
1692986623345343127 144.724855 0.000000
1692986623346045656 144.891022 0.000000
1692986623780523788 144.492366 0.000000
1692986623780606962 144.500715 0.000000
1692986624069752993 144.477558 0.000000
1692986624214672986 144.502880 0.000000
1692986624214753939 144.421320 0.000000
1692986624358744692 144.656570 0.000000
1692986624431937037 144.546942 0.000000
1692986624576282922 144.837643 0.000000
1692986624576560783 144.698004 0.000000
1692986624721964621 144.547322 0.000000
1692986624794220925 144.578701 0.000000
1692986624794344117 144.721413 0.000000
1692986624865442173 144.557367 0.000000
1692986625082576231 144.710291 0.000000
1692986625083195686 144.481881 0.000000
1692986625083690908 144.659773 0.000000
1692986625155129962 144.843968 0.000000
1692986625300659127 144.837372 0.000000
1692986625372554381 144.696412 0.000000
1692986625373221246 144.655258 0.000000
1692986625444516520 144.548776 0.000000
1692986625589537886 144.798101 0.000000
1692986625734414308 144.500940 0.000000
1692986625734503285 144.612879 0.000000
1692986625734772561 144.463282 0.000000
1692986625880227965 144.519494 0.000000
1692986626023856802 144.748054 0.000000
1692986626097219372 144.811372 0.000000
1692986626097629486 144.863552 0.000000
1692986626242668798 144.620158 0.000000
1692986626314768532 144.660656 0.000000
1692986626386795487 144.508512 0.000000
1692986626459113299 144.725326 0.000000
1692986626603770472 144.610380 0.000000
1692986627039080222 144.770537 0.000000
1692986627183794247 144.606611 0.000000
1692986627256804885 144.737279 0.000000
1692986627328413408 144.745820 0.000000
1692986627836565398 144.629784 0.000000
1692986627908859590 144.562147 0.000000
1692986628197574543 144.594552 0.000000
1692986628632752703 144.825675 0.000000
1692986628851159225 144.576420 0.000000
1692986628923392415 144.433143 0.000000
1692986628995033042 144.867011 0.000000
1692986628995105476 144.821125 0.000000
1692986629138968106 144.656972 0.000000
1692986629139963200 144.851675 0.000000
1692986629357189619 144.489458 0.000000
1692986629430573368 144.875897 0.000000
1692986629646668984 144.503847 0.000000
1692986629719105461 144.543253 0.000000
1692986629719379634 144.468686 0.000000
1692986629792231090 144.589586 0.000000
1692986629864016730 144.904247 0.000000
1692986629864808225 144.541268 0.000000
1692986629937199958 144.679009 0.000000
1692986630008999410 144.911971 0.000000
1692986630081461081 144.717518 0.000000
1692986630226380841 144.673357 0.000000
1692986630299869443 144.842705 0.000000
1692986630588712057 144.818187 0.000000
1692986630589003785 144.390267 0.000000
1692986630804852286 144.584049 0.000000
1692986631168080184 144.486822 0.000000
1692986631384140347 144.594709 0.000000
1692986631456751420 144.534794 0.000000
1692986631675406896 144.481860 0.000000
1692986631746606167 144.761281 0.000000
1692986632036667405 144.751357 0.000000
1692986632181423593 144.703742 0.000000
1692986632182284665 144.700910 0.000000
1692986632761523661 144.487309 0.000000
1692986632907077529 144.610249 0.000000
1692986632979589558 144.503298 0.000000
1692986633052054425 144.546405 0.000000
1692986633413913866 144.643893 0.000000
1692986633486155581 144.557858 0.000000
1692986633631377863 144.796757 0.000000
1692986633776715804 144.603770 0.000000
1692986633922024140 144.883660 0.000000
1692986633993651421 144.750615 0.000000
1692986634138372333 144.665078 0.000000
1692986634284381799 144.550706 0.000000
1692986634428829871 144.489799 0.000000
1692986634573761037 144.719087 0.000000
1692986634645409176 144.612359 0.000000
1692986634718389062 144.708462 0.000000
1692986634791491914 144.968903 0.000000
1692986634934922124 144.600967 0.000000
1692986635008959809 144.899801 0.000000
1692986635009040391 144.868529 0.000000
1692986635080548430 144.625419 0.000000
1692986635080548460 144.689217 0.000000
1692986635081376380 144.633173 0.000000
1692986635225199038 144.631278 0.000000
1692986635297725886 144.534913 0.000000
1692986635515944041 144.735481 0.000000
1692986635660193806 144.476096 0.000000
1692986635732182407 144.664169 0.000000
1692986635803956004 144.730659 0.000000
1692986635804700054 144.487409 0.000000
1692986635879414517 144.576665 0.000000
1692986636166711278 144.563857 0.000000
1692986636313352668 144.554013 0.000000
1692986636314326858 144.577260 0.000000
1692986636384045272 144.607943 0.000000
1692986636457069962 144.529351 0.000000
1692986636458989356 144.655952 0.000000
1692986636601139749 144.635698 0.000000
1692986636745934046 144.613526 0.000000
1692986637035819044 144.660716 0.000000
1692986637035937188 144.699968 0.000000
1692986637108548066 144.484572 0.000000
1692986637325438785 144.480231 0.000000
1692986637398101408 144.681135 0.000000
1692986637400135864 144.712986 0.000000
1692986637471414554 144.989577 0.000000
1692986637615222608 144.553441 0.000000
1692986637689406768 144.464971 0.000000
1692986637832478336 144.685119 0.000000
1692986637904810124 144.710743 0.000000
1692986637904842013 144.767796 0.000000
1692986638049641713 144.810900 0.000000
1692986638195959356 144.604526 0.000000
1692986638484990028 144.989210 0.000000
1692986638702561489 145.232921 0.000000
1692986638774945314 145.054631 0.000000
1692986638774992455 144.586694 0.000000
1692986638919868962 144.870422 0.000000
1692986638992079008 144.582554 0.000000
1692986639065095202 144.590533 0.000000
1692986639137483403 144.522265 0.000000
1692986639282428059 145.000131 0.000000
1692986639500011683 144.838655 0.000000
1692986639790395155 144.611882 0.000000
1692986639935324331 145.034686 0.000000
1692986640008339087 144.881449 0.000000
1692986640081022108 144.747864 0.000000
1692986640226026834 144.742317 0.000000
1692986640442182734 144.754108 0.000000
1692986640515962280 144.607624 0.000000
1692986640587424387 144.539310 0.000000
1692986640587803618 144.549800 0.000000
1692986640588417911 144.714607 0.000000
1692986640805511045 144.702012 0.000000
1692986641094384316 144.663572 0.000000
1692986641239401722 145.000441 0.000000
1692986641383919666 144.597449 0.000000
1692986641601767566 144.586199 0.000000
1692986641673998665 144.691273 0.000000
1692986641892024403 144.643046 0.000000
1692986641964068518 144.607703 0.000000
1692986642036915875 144.501110 0.000000
1692986642180923017 144.850843 0.000000
1692986642325583854 144.727061 0.000000
1692986642326956149 145.011647 0.000000
1692986642471121940 144.923918 0.000000
1692986642543709864 144.553086 0.000000
1692986642616015929 144.598141 0.000000
1692986642904925539 144.766332 0.000000
1692986642978455684 144.582460 0.000000
1692986643340565519 144.471788 0.000000
1692986643340648425 144.588318 0.000000
1692986643340817389 144.449829 0.000000
1692986643557593514 144.839131 0.000000
1692986643701836761 144.711284 0.000000
1692986643774454820 144.892204 0.000000
1692986643847186559 144.749302 0.000000
1692986643918931568 144.740010 0.000000
1692986643919090172 144.619049 0.000000
1692986643991990443 144.531477 0.000000
1692986644065202343 144.685504 0.000000
1692986644137465528 144.670724 0.000000
1692986644137492911 144.571418 0.000000
1692986644209957769 144.613882 0.000000
1692986644282016810 144.517063 0.000000
1692986644353604775 144.786875 0.000000
1692986644498757309 144.876918 0.000000
1692986644860477807 144.684447 0.000000
1692986644861625495 144.578911 0.000000
1692986645079025232 144.527662 0.000000
1692986645150877040 144.815541 0.000000
1692986645150909736 144.805633 0.000000
1692986645223852320 144.632571 0.000000
1692986645657441000 144.649300 0.000000
1692986645658261778 144.652382 0.000000
1692986645730094978 144.561566 0.000000
1692986645802978018 144.594984 0.000000
1692986645875474279 144.610605 0.000000
1692986645947331014 144.765474 0.000000
1692986646019037861 144.663218 0.000000
1692986646236365981 144.608905 0.000000
1692986646309096853 144.659934 0.000000
1692986646309290172 144.666488 0.000000
1692986646453534902 144.737144 0.000000
1692986646526463869 144.694379 0.000000
1692986646527345393 144.639743 0.000000
1692986646527405463 144.578374 0.000000
1692986646599914042 144.726053 0.000000
1692986646671315769 144.835978 0.000000
1692986646816250648 144.928023 0.000000
1692986646816329011 144.623716 0.000000
1692986647251662265 144.858376 0.000000
1692986647395640486 144.585327 0.000000
1692986647541074314 145.082431 0.000000
1692986647612921732 144.874804 0.000000
1692986647758765689 144.942347 0.000000
1692986648119990841 144.868780 0.000000
1692986648120218390 144.514577 0.000000
1692986648120453431 144.512657 0.000000
1692986648192725657 144.768717 0.000000
1692986648482296855 144.691038 0.000000
1692986648554957759 144.862806 0.000000
1692986648627442077 144.645847 0.000000
1692986648627828957 144.448057 0.000000
1692986648772088255 144.602427 0.000000
1692986648772601218 144.824082 0.000000
1692986648772631674 144.796462 0.000000
1692986648772785211 144.660567 0.000000
1692986649062156314 144.498570 0.000000
1692986649206850402 144.872990 0.000000
1692986649207356303 144.532147 0.000000
1692986649496427505 144.516186 0.000000
1692986649497508377 144.862611 0.000000
1692986649641628582 144.461152 0.000000
1692986649786058026 144.669788 0.000000
1692986650003760962 144.407332 0.000000
1692986650148877414 145.214278 0.000000
1692986650148933549 145.184880 0.000000
1692986650149137423 145.202887 0.000000
1692986650220401490 144.619745 0.000000
1692986650293970856 144.642835 0.000000
1692986650366386574 144.630546 0.000000
1692986650582373112 144.536051 0.000000
1692986650656071507 144.547177 0.000000
1692986650799567767 144.752250 0.000000
1692986650801520136 144.736077 0.000000
1692986650946055886 144.596351 0.000000
1692986651017144315 144.538001 0.000000
1692986651017655784 144.538682 0.000000
1692986651018634735 144.654928 0.000000
1692986651162343824 144.530419 0.000000
1692986651163040915 144.548085 0.000000
1692986651307856957 144.496785 0.000000
1692986651451531932 144.729171 0.000000
1692986651813865215 144.551498 0.000000
1692986651815224690 144.785076 0.000000
1692986651887390343 144.682106 0.000000
1692986651887459408 144.693597 0.000000
1692986652103783264 144.554043 0.000000
1692986652104777295 144.659097 0.000000
1692986652249277859 144.476548 0.000000
1692986652538452701 144.669164 0.000000
1692986652610622664 144.833042 0.000000
1692986652683317461 144.824202 0.000000
1692986653045678995 144.658566 0.000000
1692986653336200773 144.667211 0.000000
1692986653407744274 144.861177 0.000000
1692986653624834683 144.573287 0.000000
1692986653625625471 144.668313 0.000000
1692986653697368326 144.666134 0.000000
1692986653697400716 144.634916 0.000000
1692986653915128280 144.746802 0.000000
1692986654060387277 144.630039 0.000000
1692986654203709087 144.655951 0.000000
1692986654566038240 144.590499 0.000000
1692986654566067202 144.573684 0.000000
1692986654639675017 144.532001 0.000000
1692986654783300762 144.913589 0.000000
1692986654784282074 144.552715 0.000000
1692986655000935145 144.924133 0.000000
1692986655074243905 144.756183 0.000000
1692986655146563115 144.855519 0.000000
1692986655218971788 144.762604 0.000000
1692986655219417895 144.888672 0.000000
1692986655290833163 144.931561 0.000000
1692986655363526011 144.928704 0.000000
1692986655364290899 144.803333 0.000000
1692986655436105777 144.760954 0.000000
1692986655436551017 144.695537 0.000000
1692986655580712117 144.745523 0.000000
1692986655726640069 144.844583 0.000000
1692986655943399357 144.532112 0.000000
1692986655943432680 144.658030 0.000000
1692986655944145181 144.788734 0.000000
1692986656160361838 144.897532 0.000000
1692986656232509173 144.836631 0.000000
1692986656233277294 144.838996 0.000000
1692986656305857495 144.727156 0.000000
1692986656524134858 145.124971 0.000000
1692986656739247904 144.669882 0.000000
1692986656811824837 144.528328 0.000000
1692986656886265535 144.571339 0.000000
1692986657029528506 144.586774 0.000000
1692986657030806181 144.530744 0.000000
1692986657101107951 144.567710 0.000000
1692986657174256349 144.439232 0.000000
1692986657176080249 144.599785 0.000000
1692986657245770743 144.637237 0.000000
1692986657246013472 144.530399 0.000000
1692986657248710442 144.800011 0.000000
1692986657318815855 144.543213 0.000000
1692986657535726711 144.552706 0.000000
1692986657537755978 144.748792 0.000000
1692986657610438327 144.538703 0.000000
1692986657610529128 144.605904 0.000000
1692986657680256512 144.654818 0.000000
1692986657827009628 144.530499 0.000000
1692986657897524985 144.618398 0.000000
1692986657970124726 144.727863 0.000000
1692986657971865187 144.540072 0.000000
1692986657972749157 144.615863 0.000000
1692986657972990112 144.802131 0.000000
1692986658042447660 144.574034 0.000000
1692986658333642197 144.536187 0.000000
1692986658551934665 144.529086 0.000000
1692986658696677642 144.792938 0.000000
1692986658768911433 144.693798 0.000000
1692986659202386027 144.912977 0.000000
1692986659275047743 144.946782 0.000000
1692986659276028228 144.652808 0.000000
1692986659492287348 144.835713 0.000000
1692986659492717713 144.577002 0.000000
1692986659636858070 144.635258 0.000000
1692986659637561255 144.677045 0.000000
1692986659637662450 144.628141 0.000000
1692986659709702842 144.516707 0.000000
1692986659854345491 144.625589 0.000000
1692986659927823084 144.766432 0.000000
1692986660143954557 144.607848 0.000000
1692986660216909630 144.622758 0.000000
1692986660216983943 144.700634 0.000000
1692986660289394405 144.465574 0.000000
1692986660362749708 144.911394 0.000000
1692986660506969895 144.518832 0.000000
1692986660652242039 144.492691 0.000000
1692986660723306506 144.539840 0.000000
1692986660796214249 144.558202 0.000000
1692986661230605709 144.660240 0.000000
1692986661230679240 144.597469 0.000000
1692986661303360307 144.712853 0.000000
1692986661375298320 144.928159 0.000000
1692986661375658443 144.725773 0.000000
1692986661520154731 144.652211 0.000000
1692986661593002099 144.581236 0.000000
1692986661737983972 144.534728 0.000000
1692986661883296047 144.743564 0.000000
1692986661955681046 144.717499 0.000000
1692986662027302142 144.796608 0.000000
1692986662028168647 144.576316 0.000000
1692986662028248984 144.607919 0.000000
1692986662244125650 144.664976 0.000000
1692986662244389874 144.529571 0.000000
1692986662244893169 144.487128 0.000000
1692986662317803243 144.525402 0.000000
1692986662390244636 144.520591 0.000000
1692986662462469757 144.629478 0.000000
1692986662606626211 144.596702 0.000000
1692986662679366220 144.815151 0.000000
1692986662824072106 144.699246 0.000000
1692986662968725735 144.643566 0.000000
1692986663114265846 144.483965 0.000000
1692986663186038901 144.704433 0.000000
1692986663186386880 144.585000 0.000000
1692986663475550877 144.574731 0.000000
1692986663548585004 144.598507 0.000000
1692986663620940237 144.673922 0.000000
1692986663693141438 144.548200 0.000000
1692986663693813054 144.718216 0.000000
1692986663766031590 144.757707 0.000000
1692986663910643061 144.630636 0.000000
1692986663910854603 144.518751 0.000000
1692986663982452041 144.645767 0.000000
1692986663983506011 144.591691 0.000000
1692986664054946402 144.569149 0.000000
1692986664199612035 144.570210 0.000000
1692986664200141776 144.607678 0.000000
1692986664417243726 144.642254 0.000000
1692986664490346858 144.507551 0.000000
1692986664562334913 144.690785 0.000000
1692986664707193981 144.545794 0.000000
1692986665214091435 144.754043 0.000000
1692986665214602754 144.627403 0.000000
1692986665214808081 144.740852 0.000000
1692986665359789293 144.598326 0.000000
1692986665431401479 144.736293 0.000000
1692986665577004436 144.819530 0.000000
1692986665722074820 145.318656 0.000000
1692986665794654725 144.607829 0.000000
1692986665938734556 144.494334 0.000000
1692986666010687609 144.609803 0.000000
1692986666011596131 144.638856 0.000000
1692986666084485888 144.488256 0.000000
1692986666227893100 144.688892 0.000000
1692986666229332146 144.686576 0.000000
1692986666590414004 144.604851 0.000000
1692986666807938366 144.876924 0.000000
1692986666953066604 144.735299 0.000000
1692986667097592031 144.673371 0.000000
1692986667097883659 144.801283 0.000000
1692986667098209978 144.536914 0.000000
1692986667170336269 144.897176 0.000000
1692986667170613368 144.782965 0.000000
1692986667459823527 144.616644 0.000000
1692986667460157649 144.739785 0.000000
1692986667677989992 144.848127 0.000000
1692986667967199243 145.088525 0.000000
1692986668039364249 144.903300 0.000000
1692986668401724064 144.489478 0.000000
1692986668401905947 144.613136 0.000000
1692986668402723849 144.582956 0.000000
1692986668547714577 144.853369 0.000000
1692986668765104406 144.814258 0.000000
1692986669054094579 144.784775 0.000000
1692986669127536268 144.782986 0.000000
1692986669271406697 144.734016 0.000000
1692986669271778035 144.866840 0.000000
1692986669344725885 144.848637 0.000000
1692986669489627303 144.713489 0.000000
1692986669562337165 144.852986 0.000000
1692986669779791910 144.857134 0.000000
1692986669923432660 144.715864 0.000000
1692986669923807146 144.568712 0.000000
1692986669995903763 144.603909 0.000000
1692986670069204395 144.548070 0.000000
1692986670141271514 144.510267 0.000000
1692986670357992312 144.512045 0.000000
1692986670503708918 144.615842 0.000000
1692986670503907570 144.607804 0.000000
1692986670576041509 144.704388 0.000000
1692986670721409800 144.857534 0.000000
1692986670793183963 144.654061 0.000000
1692986670864452355 144.553407 0.000000
1692986670865746268 144.663644 0.000000
1692986670865878771 144.649115 0.000000
1692986670866102030 144.578471 0.000000
1692986671010618325 144.686972 0.000000
1692986671155725660 144.766252 0.000000
1692986671228150530 144.580200 0.000000
1692986671300471770 144.648693 0.000000
1692986671444795528 144.577062 0.000000
1692986671518049245 144.786870 0.000000
1692986671880323145 144.721764 0.000000
1692986671952487710 144.656236 0.000000
1692986672096379739 144.746391 0.000000
1692986672096470861 144.545142 0.000000
1692986672096502133 144.804305 0.000000
1692986672314424075 144.848493 0.000000
1692986673184180089 144.563945 0.000000
1692986673184187075 144.835258 0.000000
1692986673185003387 144.713715 0.000000
1692986673255952208 144.547891 0.000000
1692986673256584438 144.525698 0.000000
1692986673328383261 144.502232 0.000000
1692986673545604984 144.768387 0.000000
1692986673908316787 144.656271 0.000000
1692986673981017138 144.481590 0.000000
1692986674125765813 144.612158 0.000000
1692986674198161656 144.661784 0.000000
1692986674198329888 144.677240 0.000000
1692986674198658025 144.506519 0.000000
1692986674270202990 144.665052 0.000000
1692986674559802685 144.604068 0.000000
1692986674559888905 144.648849 0.000000
1692986674705089101 144.538758 0.000000
1692986674778077676 144.745984 0.000000
1692986674850297265 144.602872 0.000000
1692986674850708406 144.632030 0.000000
1692986674923152365 144.713680 0.000000
1692986675139311638 144.649199 0.000000
1692986675212038857 144.652879 0.000000
1692986675212558460 144.605152 0.000000
1692986675284690089 144.493724 0.000000
1692986675357663915 144.595414 0.000000
1692986675357779895 144.660761 0.000000
1692986675501784997 144.661167 0.000000
1692986675502489365 144.694485 0.000000
1692986675575845520 145.338688 0.000000
1692986675646760821 144.500514 0.000000
1692986675718832285 144.814278 0.000000
1692986675720618286 144.684166 0.000000
1692986675791856137 144.554965 0.000000
1692986676010017350 144.678708 0.000000
1692986676515952432 144.774024 0.000000
1692986676516902641 144.609617 0.000000
1692986676660988436 144.963025 0.000000
1692986676733252643 144.753717 0.000000
1692986676806066096 144.786222 0.000000
1692986676806320808 144.479124 0.000000
1692986676878388038 144.789205 0.000000
1692986676878648067 144.838977 0.000000
1692986677023108563 144.952640 0.000000
1692986677168277446 144.611457 0.000000
1692986677169147974 144.732248 0.000000
1692986677240735789 144.483094 0.000000
1692986677241290088 144.530168 0.000000
1692986677386118494 144.574947 0.000000
1692986677457860852 144.676217 0.000000
1692986677531379917 144.697387 0.000000
1692986677602944547 144.790544 0.000000
1692986677603447396 144.516833 0.000000
1692986677603798959 144.635949 0.000000
1692986677676080340 144.610544 0.000000
1692986677748098024 144.657844 0.000000
1692986677893295594 144.632597 0.000000
1692986677965414818 144.640444 0.000000
1692986678255306883 144.944020 0.000000
1692986678472181393 144.543569 0.000000
1692986678544266093 144.543704 0.000000
1692986678545003638 144.748741 0.000000
1692986678833706297 144.474438 0.000000
1692986679052269920 144.636039 0.000000
1692986679269521999 144.560739 0.000000
1692986679269548671 144.606175 0.000000
1692986679487080875 145.131685 0.000000
1692986679630357510 144.688286 0.000000
1692986679704142091 144.785496 0.000000
1692986679775125876 144.586729 0.000000
1692986679775251197 144.594667 0.000000
1692986679776552753 144.596026 0.000000
1692986679848827866 144.670039 0.000000
1692986679993612655 144.613857 0.000000
1692986679993699412 144.525777 0.000000
1692986680064982242 144.900027 0.000000
1692986680209840333 144.695417 0.000000
1692986680427692463 144.992908 0.000000
1692986680499404334 144.732984 0.000000
1692986680499711192 144.579336 0.000000
1692986680862179244 145.015376 0.000000
1692986681007194770 144.579151 0.000000
1692986681007481642 144.736081 0.000000
1692986681007770002 144.811095 0.000000
1692986681224597093 144.965350 0.000000
1692986681369762167 144.672148 0.000000
1692986681442308519 144.863667 0.000000
1692986681514931209 144.692575 0.000000
1692986681730937437 144.716249 0.000000
1692986681876009716 144.638956 0.000000
1692986681948696891 144.531486 0.000000
1692986681948950235 144.434476 0.000000
1692986682094296210 144.501627 0.000000
1692986682237533577 144.620813 0.000000
1692986682383128519 144.452352 0.000000
1692986682527288091 144.723192 0.000000
1692986682671937120 144.587200 0.000000
1692986682673391005 144.786177 0.000000
1692986682817956470 144.556339 0.000000
1692986683034571864 144.806685 0.000000
1692986683179388592 144.642955 0.000000
1692986683324090450 144.613452 0.000000
1692986683396284789 144.484581 0.000000
1692986683614170737 144.649837 0.000000
1692986683830830252 144.538673 0.000000
1692986683903392082 144.653435 0.000000
1692986683903555687 144.501932 0.000000
1692986684048596412 144.608039 0.000000
1692986684120257977 144.622407 0.000000
1692986684120932435 144.603462 0.000000
1692986684556239034 144.678478 0.000000
1692986684773246358 144.674493 0.000000
1692986684845518654 144.514992 0.000000
1692986685062742141 144.680672 0.000000
1692986685135523921 144.749753 0.000000
1692986685207067113 144.776240 0.000000
1692986685425001166 144.717714 0.000000
1692986685860475980 144.747539 0.000000
1692986686004919522 144.426958 0.000000
1692986686076127363 144.569895 0.000000
1692986686150385395 144.562959 0.000000
1692986686150535308 144.693478 0.000000
1692986686438307174 144.567239 0.000000
1692986686729746886 144.578124 0.000000
1692986686874739379 144.690857 0.000000
1692986687018556890 144.761340 0.000000
1692986687163427730 144.854767 0.000000
1692986687308947298 145.206406 0.000000
1692986687381887070 144.642388 0.000000
1692986687454374676 144.986353 0.000000
1692986687526781520 144.539926 0.000000
1692986687527234198 144.845887 0.000000
1692986687599733696 145.049842 0.000000
1692986687670449398 144.734508 0.000000
1692986687743638174 144.558649 0.000000
1692986687888487089 144.443748 0.000000
1692986687960610664 144.526811 0.000000
1692986688106339989 144.694337 0.000000
1692986688178296746 144.894320 0.000000
1692986688178684944 145.049832 0.000000
1692986688395256891 144.796883 0.000000
1692986688540387195 144.944777 0.000000
1692986688685258681 144.783596 0.000000
1692986688830902923 144.761961 0.000000
1692986688903168614 144.416604 0.000000
1692986689410047475 144.439336 0.000000
1692986689627205936 144.574652 0.000000
1692986689699058917 144.623755 0.000000
1692986689988596976 144.521525 0.000000
1692986690278492316 144.919469 0.000000
1692986690351977000 144.723743 0.000000
1692986690352105248 144.568131 0.000000
1692986690423025470 144.540046 0.000000
1692986690497118398 144.697312 0.000000
1692986690714211483 144.761475 0.000000
1692986690930279248 144.701547 0.000000
1692986691003399846 144.538001 0.000000
1692986691077522558 144.533820 0.000000
1692986691222074970 144.526053 0.000000
1692986691292668662 144.640555 0.000000
1692986691365734311 144.705285 0.000000
1692986691438572041 144.449270 0.000000
1692986692017122888 144.696670 0.000000
1692986692018129303 144.650854 0.000000
1692986692089458787 144.480459 0.000000
1692986692089921222 144.733641 0.000000
1692986692233720952 144.512859 0.000000
1692986692235159807 144.566934 0.000000
1692986692379461939 144.619568 0.000000
1692986692379934728 144.574377 0.000000
1692986692451555910 144.599083 0.000000
1692986692524366111 144.681425 0.000000
1692986692595568611 144.614620 0.000000
1692986692813282056 144.532228 0.000000
1692986692813787982 144.552089 0.000000
1692986692959258612 144.762328 0.000000
1692986693031239786 144.510116 0.000000
1692986693175253277 144.565296 0.000000
1692986693320078978 144.774125 0.000000
1692986693393029259 144.546962 0.000000
1692986693393942948 144.690881 0.000000
1692986693465187393 144.772480 0.000000
1692986693537743079 144.559489 0.000000
1692986693682735517 144.865508 0.000000
1692986693755290304 144.946190 0.000000
1692986693826955423 144.661293 0.000000
1692986694189594091 144.584759 0.000000
1692986694189882111 144.410327 0.000000
1692986694190739900 144.723788 0.000000
1692986694479410880 144.732413 0.000000
1692986694552132826 144.719247 0.000000
1692986694624677130 144.628938 0.000000
1692986694696954717 144.815406 0.000000
1692986694697276135 144.467508 0.000000
1692986695058807202 144.699832 0.000000
1692986695493562844 144.766597 0.000000
1692986695493562859 144.709179 0.000000
1692986695493868846 144.744917 0.000000
1692986695566132692 144.862355 0.000000
1692986695928518823 144.609327 0.000000
1692986695929229891 144.529457 0.000000
1692986695929330384 144.608581 0.000000
1692986695929365596 144.620333 0.000000
1692986696000920961 144.548352 0.000000
1692986696580603211 144.711324 0.000000
1692986696652848830 144.853369 0.000000
1692986696652914462 144.670264 0.000000
1692986696653206140 144.618030 0.000000
1692986696943527975 144.898981 0.000000
1692986696943719134 144.902834 0.000000
1692986697015986794 144.633489 0.000000
1692986697087815979 144.736342 0.000000
1692986697160547352 144.569609 0.000000
1692986697233437590 144.632025 0.000000
1692986697957939357 144.623225 0.000000
1692986698030122726 144.695623 0.000000
1692986698247392546 144.740212 0.000000
1692986698248551926 144.606752 0.000000
1692986698320696605 144.778229 0.000000
1692986698393506551 144.786037 0.000000
1692986698464708212 144.714251 0.000000
1692986698465178365 144.572781 0.000000
1692986698538055277 144.509485 0.000000
1692986698538097415 144.802977 0.000000
1692986698682857437 144.792182 0.000000
1692986698827924027 144.585276 0.000000
1692986699044250128 144.636585 0.000000
1692986699045011518 144.500919 0.000000
1692986699262078321 144.745244 0.000000
1692986699333997907 144.738122 0.000000
1692986699479202387 144.796176 0.000000
1692986699624123349 144.685189 0.000000
1692986699696364617 144.668449 0.000000
1692986699986670744 144.987462 0.000000
1692986700058463891 144.707129 0.000000
1692986700130607638 144.612093 0.000000
1692986700204224860 144.552289 0.000000
1692986700276089934 144.573404 0.000000
1692986700348423728 144.469222 0.000000
1692986700566135270 144.777177 0.000000
1692986700566199414 144.602777 0.000000
1692986700638606368 144.801850 0.000000
1692986700711176225 144.689753 0.000000
1692986701000488917 144.508744 0.000000
1692986701144936277 144.774856 0.000000
1692986701290561176 144.718055 0.000000
1692986701434816760 144.584739 0.000000
1692986701580212581 144.830031 0.000000
1692986701652718630 144.915469 0.000000
1692986701870079542 144.515940 0.000000
1692986702159389106 144.728123 0.000000
1692986702160654979 144.675164 0.000000
1692986702160684989 144.614268 0.000000
1692986702304347736 144.540207 0.000000
1692986702522808463 144.733225 0.000000
1692986702594709156 144.633934 0.000000
1692986703173654775 144.705359 0.000000
1692986703174399802 144.638565 0.000000
1692986703390968066 144.781773 0.000000
1692986703391656131 144.650111 0.000000
1692986703392200922 144.609316 0.000000
1692986703680931446 144.762373 0.000000
1692986703753692709 144.893196 0.000000
1692986703971595984 144.968083 0.000000
1692986704116498690 144.525296 0.000000
1692986704333966716 145.143894 0.000000
1692986704334239300 144.912146 0.000000
1692986704406356981 144.620813 0.000000
1692986704624527615 144.782180 0.000000
1692986704768832594 144.805443 0.000000
1692986704841824333 144.892686 0.000000
1692986705059446492 144.995158 0.000000
1692986705059568851 144.907043 0.000000
1692986705203363214 144.654001 0.000000
1692986705204412508 144.656016 0.000000
1692986705276087510 144.483029 0.000000
1692986705348281394 144.522811 0.000000
1692986705566296050 144.492606 0.000000
1692986705637301195 144.658457 0.000000
1692986705855115761 144.557130 0.000000
1692986705856080093 144.627038 0.000000
1692986705927201454 144.547298 0.000000
1692986705927764563 144.521794 0.000000
1692986706071615541 144.602315 0.000000
1692986706073039512 144.507364 0.000000
1692986706290242577 144.459664 0.000000
1692986706362143269 144.622588 0.000000
1692986706362423299 144.473057 0.000000
1692986706652383758 144.620448 0.000000
1692986706724907122 144.663227 0.000000
1692986706797437673 144.665577 0.000000
1692986706941284984 144.541557 0.000000
1692986707014873013 144.668684 0.000000
1692986707087264060 144.611021 0.000000
1692986707231006211 144.574451 0.000000
1692986707231800718 144.471502 0.000000
1692986707520822574 144.641316 0.000000
1692986707522256567 144.912045 0.000000
1692986707594436629 145.054222 0.000000
1692986707665425591 144.736728 0.000000
1692986707955387428 144.870695 0.000000
1692986707956350181 144.620243 0.000000
1692986708100351820 144.967424 0.000000
1692986708100808191 144.924374 0.000000
1692986708101051326 144.677585 0.000000
1692986708101629340 144.770867 0.000000
1692986708172417997 144.656326 0.000000
1692986708245239785 144.457319 0.000000
1692986708245547861 144.481596 0.000000
1692986708246146548 144.544341 0.000000
1692986708389963503 144.712962 0.000000
1692986708462544250 144.528498 0.000000
1692986708753005863 144.698930 0.000000
1692986708897658567 145.117865 0.000000
1692986709042002847 144.557271 0.000000
1692986709115506640 144.665352 0.000000
1692986709187304854 144.631989 0.000000
1692986709187853279 144.740110 0.000000
1692986709331346462 144.785036 0.000000
1692986709331985031 144.512527 0.000000
1692986709404057312 144.574987 0.000000
1692986709476554410 144.580129 0.000000
1692986709620983293 144.643041 0.000000
1692986709694560156 144.668073 0.000000
1692986710055553910 144.560994 0.000000
1692986710056295328 144.656807 0.000000
1692986710056354791 144.529371 0.000000
1692986710056773605 144.540787 0.000000
1692986710127992507 144.689558 0.000000
1692986710201262968 144.480733 0.000000
1692986710345300982 144.689643 0.000000
1692986710417640709 144.594137 0.000000
1692986710418236249 144.472980 0.000000
1692986710418485378 144.647170 0.000000
1692986710491197566 144.581296 0.000000
1692986710635788866 144.582395 0.000000
1692986710852758062 144.532694 0.000000
1692986711070018561 144.689683 0.000000
1692986711070567717 144.792858 0.000000
1692986711214566691 144.587516 0.000000
1692986711287582879 144.622685 0.000000
1692986711287657769 144.579951 0.000000
1692986711432007874 144.920217 0.000000
1692986711504428209 144.630721 0.000000
1692986711649953109 144.798783 0.000000
1692986712083974319 144.623153 0.000000
1692986712084589900 144.554243 0.000000
1692986712156630182 144.737588 0.000000
1692986712374230394 144.445155 0.000000
1692986712663454847 144.735165 0.000000
1692986712663588407 144.682433 0.000000
1692986712808350925 144.844343 0.000000
1692986712881154601 144.528619 0.000000
1692986712881433575 144.544526 0.000000
1692986712953908953 144.612911 0.000000
1692986712953944701 144.484076 0.000000
1692986713170564675 144.668343 0.000000
1692986713170932379 144.542742 0.000000
1692986713243089393 144.613497 0.000000
1692986713460379214 144.695772 0.000000
1692986713460821011 144.856140 0.000000
1692986713605711006 144.588679 0.000000
1692986713605919821 144.738778 0.000000
1692986713822277455 144.613250 0.000000
1692986713895614858 144.533967 0.000000
1692986713967522545 144.701291 0.000000
1692986714039845378 144.675441 0.000000
1692986714256931011 144.733155 0.000000
1692986714257803268 144.609498 0.000000
1692986714401812094 144.532868 0.000000
1692986714473970770 144.597700 0.000000
1692986714475208047 144.614825 0.000000
1692986714546782456 144.518647 0.000000
1692986714547136644 144.676393 0.000000
1692986714764129770 144.663367 0.000000
1692986714836736268 144.773714 0.000000
1692986714836779774 144.656346 0.000000
1692986715270746553 144.609397 0.000000
1692986715272335998 144.826608 0.000000
1692986715417536032 144.612294 0.000000
1692986715560815674 144.678343 0.000000
1692986715850819668 144.799269 0.000000
1692986715851437425 144.529868 0.000000
1692986715923636505 144.597825 0.000000
1692986715996270110 144.816784 0.000000
1692986716213679415 144.591947 0.000000
1692986716286337602 144.473752 0.000000
1692986716431029521 144.705480 0.000000
1692986716431052429 144.938431 0.000000
1692986716721078886 144.514426 0.000000
1692986716865465370 144.449681 0.000000
1692986716866033651 144.703040 0.000000
1692986716937785452 144.742768 0.000000
1692986716938543384 144.594753 0.000000
1692986716938936954 144.913279 0.000000
1692986717010458564 144.508778 0.000000
1692986717010904807 144.723998 0.000000
1692986717083300584 144.628341 0.000000
1692986717083712737 144.766307 0.000000
1692986717155250350 144.745463 0.000000
1692986717227491715 144.591741 0.000000
1692986717228353082 144.631779 0.000000
1692986717517448374 144.590503 0.000000
1692986717662019041 144.554770 0.000000
1692986717662050880 144.597890 0.000000
1692986717806692106 144.648543 0.000000
1692986717806699889 144.640248 0.000000
1692986718024220527 144.504023 0.000000
1692986718025157260 144.534664 0.000000
1692986718241482529 144.533440 0.000000
1692986718313662741 144.665348 0.000000
1692986718385670937 144.658990 0.000000
1692986718675517300 144.544427 0.000000
1692986718748054868 144.566111 0.000000
1692986718748125382 144.488005 0.000000
1692986718820548287 144.700032 0.000000
1692986718820780226 144.580249 0.000000
1692986718892935074 144.771484 0.000000
1692986718965129544 144.608175 0.000000
1692986718967370404 146.054021 0.000000
1692986718967382201 146.086922 0.000000
1692986719110841745 145.085007 0.000000
1692986719327908698 144.496190 0.000000
1692986719401115582 144.491858 0.000000
1692986719401918789 144.529341 0.000000
1692986719545029026 144.652076 0.000000
1692986719546528848 144.473812 0.000000
1692986719835603837 144.527887 0.000000
1692986719908574056 144.598913 0.000000
1692986719979418367 144.555026 0.000000
1692986720127712264 146.728167 0.000000
1692986720196115981 144.600125 0.000000
1692986720419938339 147.869004 0.000000
1692986720637002877 144.605028 0.000000
1692986720637874674 144.886466 0.000000
1692986720709657897 144.509755 0.000000
1692986720709957248 144.557400 0.000000
1692986720854967197 144.521939 0.000000
1692986721000070677 144.826792 0.000000
1692986721000219237 144.957636 0.000000
1692986721288882696 145.083780 0.000000
1692986721289258834 144.558504 0.000000
1692986721361323423 144.504117 0.000000
1692986721433897440 144.671416 0.000000
1692986721506426573 144.760764 0.000000
1692986721868239747 144.696244 0.000000
1692986721869280812 144.616830 0.000000
1692986721941191687 144.667177 0.000000
1692986722085814333 144.613333 0.000000
1692986722086091990 144.847385 0.000000
1692986722303858495 144.647184 0.000000
1692986722520734054 144.636736 0.000000
1692986722594372581 144.861197 0.000000
1692986722594416618 145.037533 0.000000
1692986722666597987 144.571646 0.000000
1692986722739202735 144.560584 0.000000
1692986722882755036 144.536147 0.000000
1692986722955298381 144.669688 0.000000
1692986722956343240 144.520486 0.000000
1692986723245777260 144.487820 0.000000
1692986723317156750 144.673471 0.000000
1692986723317879044 144.573499 0.000000
1692986723462014840 144.671822 0.000000
1692986723535234513 144.562839 0.000000
1692986723607360905 144.611252 0.000000
1692986723678964280 144.683880 0.000000
1692986723679631035 144.680307 0.000000
1692986723679836628 144.578676 0.000000
1692986723824886519 145.219284 0.000000
1692986724041182756 144.512697 0.000000
1692986724258947286 144.542217 0.000000
1692986724331427841 144.508061 0.000000
1692986724402984458 144.733139 0.000000
1692986724404775757 144.673124 0.000000
1692986724692593159 144.620141 0.000000
1692986724695039115 145.204520 0.000000
1692986724910060463 144.760610 0.000000
1692986725054707863 144.674233 0.000000
1692986725127338958 144.703140 0.000000
1692986725272117123 144.769409 0.000000
1692986725272162047 144.838349 0.000000
1692986725272655138 144.613042 0.000000
1692986725417234036 144.633989 0.000000
1692986725561909881 144.811487 0.000000
1692986725562189867 144.649837 0.000000
1692986725562225074 144.551954 0.000000
1692986725563160052 144.460878 0.000000
1692986725706927958 144.825754 0.000000
1692986725779434313 144.635172 0.000000
1692986725852033468 145.086230 0.000000
1692986725924708235 144.715424 0.000000
1692986725996938648 144.700003 0.000000
1692986726141407618 144.658621 0.000000
1692986726142224668 144.850457 0.000000
1692986726214902336 144.557382 0.000000
1692986726359771597 144.699301 0.000000
1692986726504627813 144.895752 0.000000
1692986726576521409 144.744496 0.000000
1692986726722653094 144.946199 0.000000
1692986726722802657 145.108817 0.000000
1692986726722832627 145.161881 0.000000
1692986727156675953 144.673826 0.000000
1692986727374265231 144.701330 0.000000
1692986727446558841 144.999032 0.000000
1692986727809356433 144.856616 0.000000
1692986727809449965 144.766242 0.000000
1692986727809720123 144.945238 0.000000
1692986727809962792 145.023309 0.000000
1692986727880779084 144.640835 0.000000
1692986728171390149 144.631889 0.000000
1692986728243474273 144.573800 0.000000
1692986728315205100 144.762790 0.000000
1692986728460384251 144.615255 0.000000
1692986728605492969 144.945274 0.000000
1692986728750074727 144.724815 0.000000
1692986728751253637 144.721357 0.000000
1692986728822721989 144.655479 0.000000
1692986728822759276 144.669426 0.000000
1692986728823339830 144.950239 0.000000
1692986728896722363 145.179568 0.000000
1692986729040459832 144.718711 0.000000
1692986729184931389 144.666234 0.000000
1692986729402971304 144.623153 0.000000
1692986729547151389 144.671867 0.000000
1692986729764529630 144.666329 0.000000
1692986729764537413 144.822743 0.000000
1692986729910746199 144.602236 0.000000
1692986729982109842 144.818278 0.000000
1692986730127328976 145.196687 0.000000
1692986730273231024 144.863403 0.000000
1692986730273354611 144.846979 0.000000
1692986730489719282 144.580294 0.000000
1692986730490442308 144.711460 0.000000
1692986730561934074 144.529588 0.000000
1692986730633863753 144.640214 0.000000
1692986731069031303 144.880111 0.000000
1692986731359247756 144.660219 0.000000
1692986731505419561 144.852233 0.000000
1692986731505462731 144.911479 0.000000
1692986731721379034 144.662175 0.000000
1692986731939203193 144.789265 0.000000
1692986732374082272 144.592823 0.000000
1692986732518777620 144.711169 0.000000
1692986732519035218 144.704294 0.000000
1692986732519232161 144.528775 0.000000
1692986732591418885 144.755747 0.000000
1692986732591511995 144.775243 0.000000
1692986732591547196 144.763550 0.000000
1692986732953868070 144.678031 0.000000
1692986732954256884 144.649389 0.000000
1692986733026588442 144.578645 0.000000
1692986733097600307 144.704623 0.000000
1692986733098771009 144.915583 0.000000
1692986733099041357 144.769890 0.000000
1692986733242940990 144.780160 0.000000
1692986733243029240 144.655875 0.000000
1692986733244038977 144.880914 0.000000
1692986733315453153 144.888791 0.000000
1692986733316159856 144.553867 0.000000
1692986733316444107 144.614163 0.000000
1692986733677629646 144.546711 0.000000
1692986733895440890 144.795371 0.000000
1692986734185500284 144.697156 0.000000
1692986734185903932 144.469076 0.000000
1692986734330451122 144.557681 0.000000
1692986734402206478 144.691983 0.000000
1692986734474989522 144.677110 0.000000
1692986734547410002 144.477697 0.000000
1692986734548090002 144.606742 0.000000
1692986734619931361 145.005993 0.000000
1692986734620341264 144.720119 0.000000
1692986734765026432 144.931977 0.000000
1692986735053720155 144.553081 0.000000
1692986735126183566 144.520301 0.000000
1692986735416686886 144.499321 0.000000
1692986735417277886 144.524525 0.000000
1692986735561724875 144.686757 0.000000
1692986735706425719 144.694384 0.000000
1692986735778703533 144.657409 0.000000
1692986735779156581 144.610159 0.000000
1692986735923448405 144.737028 0.000000
1692986735924046415 144.658731 0.000000
1692986736140506122 144.569295 0.000000
1692986736212669279 144.582951 0.000000
1692986736213071168 144.714687 0.000000
1692986736357925439 144.618994 0.000000
1692986736359004292 144.666925 0.000000
1692986736429939796 144.678187 0.000000
1692986736504005415 144.494916 0.000000
1692986736576493006 144.790658 0.000000
1692986736648656048 144.662119 0.000000
1692986736720511625 144.468149 0.000000
1692986736792530898 144.557677 0.000000
1692986736864895568 144.785567 0.000000
1692986736936960081 144.679169 0.000000
1692986736938323094 144.509639 0.000000
1692986737083336120 144.666405 0.000000
1692986737228287752 144.582975 0.000000
1692986737300545965 144.661498 0.000000
1692986737372852275 144.958874 0.000000
1692986737372906185 144.601573 0.000000
1692986737445239353 144.685249 0.000000
1692986737517606614 144.685243 0.000000
1692986737662857713 144.683940 0.000000
1692986737807646743 144.943704 0.000000
1692986737952938180 144.639466 0.000000
1692986737952977040 144.702208 0.000000
1692986738025301482 144.757095 0.000000
1692986738025574406 144.758088 0.000000
1692986738097689512 144.699698 0.000000
1692986738169525163 144.523242 0.000000
1692986738169576507 144.529442 0.000000
1692986738169752411 144.666194 0.000000
1692986738242694399 144.651931 0.000000
1692986738386452637 144.507991 0.000000
1692986738459008126 144.491629 0.000000
1692986738530759285 144.511144 0.000000
1692986738603651392 144.540767 0.000000
1692986738605095519 144.950429 0.000000
1692986738676614308 144.446543 0.000000
1692986738748122898 144.448843 0.000000
1692986738748224143 144.476468 0.000000
1692986738749486824 144.456466 0.000000
1692986738820730238 144.535691 0.000000
1692986738965759912 144.516150 0.000000
1692986739037713545 144.802931 0.000000
1692986739039026231 144.530117 0.000000
1692986739472654876 144.520822 0.000000
1692986739472825027 144.524976 0.000000
1692986739617402198 144.721587 0.000000
1692986739618425347 144.471762 0.000000
1692986739980808936 144.489563 0.000000
1692986740050634970 144.623885 0.000000
1692986740125338288 144.502168 0.000000
1692986740341856646 144.566296 0.000000
1692986740414375249 144.550756 0.000000
1692986740632125150 144.550013 0.000000
1692986740704363141 144.536748 0.000000
1692986740704569601 144.500539 0.000000
1692986740778136672 144.512813 0.000000
1692986740848815974 144.685044 0.000000
1692986740849261174 144.416830 0.000000
1692986740993605450 144.530533 0.000000
1692986740993715075 144.616408 0.000000
1692986741138187779 144.482844 0.000000
1692986741211112341 144.466575 0.000000
1692986741212359059 144.609747 0.000000
1692986741427647965 144.524796 0.000000
1692986741718404995 144.482091 0.000000
1692986741718485567 144.484762 0.000000
1692986741718854951 144.565189 0.000000
1692986742008350237 144.500193 0.000000
1692986742151870568 144.636741 0.000000
1692986742225587286 144.520607 0.000000
1692986742297713693 144.454517 0.000000
1692986742441380294 144.488827 0.000000
1692986742442249424 144.521092 0.000000
1692986742731299762 144.794035 0.000000
1692986742803147215 144.656763 0.000000
1692986742948122843 144.561836 0.000000
1692986742949423085 145.073531 0.000000
1692986743021056932 144.902508 0.000000
1692986743021397268 144.653614 0.000000
1692986743165241507 144.779367 0.000000
1692986743311142832 144.557371 0.000000
1692986743455931316 144.750426 0.000000
1692986743528295324 144.494996 0.000000
1692986743672061065 144.623259 0.000000
1692986743672461937 144.581873 0.000000
1692986743817120724 144.608605 0.000000
1692986743817855683 144.522496 0.000000
1692986743962079889 144.563991 0.000000
1692986743962160496 144.621479 0.000000
1692986743962268081 144.514802 0.000000
1692986744107300813 144.683099 0.000000
1692986744107428214 144.787807 0.000000
1692986744179807970 144.997951 0.000000
1692986744251594882 144.628837 0.000000
1692986744251932096 144.901596 0.000000
1692986744470419446 144.753658 0.000000
1692986744541490895 144.600637 0.000000
1692986744542450561 144.541134 0.000000
1692986744759803430 144.400477 0.000000
1692986744831060315 144.634105 0.000000
1692986744831226100 144.772867 0.000000
1692986745194092903 144.749277 0.000000
1692986745338723719 144.494726 0.000000
1692986745483622109 144.861298 0.000000
1692986745628697258 144.699791 0.000000
1692986745700759982 144.611156 0.000000
1692986745845945684 144.616734 0.000000
1692986745919194740 144.874002 0.000000
1692986745990344496 144.673867 0.000000
1692986745991205046 144.487072 0.000000
1692986746063731323 144.587527 0.000000
1692986746279699677 144.645575 0.000000
1692986746280991821 144.622582 0.000000
1692986746353489200 144.503231 0.000000
1692986746786656560 144.738398 0.000000
1692986746787991173 144.458617 0.000000
1692986747075970767 144.737104 0.000000
1692986747076504633 144.553934 0.000000
1692986747148917826 144.539104 0.000000
1692986747221157525 144.605382 0.000000
1692986747367652866 144.791681 0.000000
1692986747440020169 144.574612 0.000000
1692986747512287217 144.610996 0.000000
1692986747512320008 144.621024 0.000000
1692986747584437389 144.498651 0.000000
1692986747584918322 144.688927 0.000000
1692986747801239346 144.718577 0.000000
1692986747873302020 144.642379 0.000000
1692986747945930899 144.731345 0.000000
1692986748019255260 144.541679 0.000000
1692986748162939512 144.802953 0.000000
1692986748163779971 144.494921 0.000000
1692986748236040900 144.834425 0.000000
1692986748454046085 144.614809 0.000000
1692986748598179229 144.710943 0.000000
1692986748742313693 144.633744 0.000000
1692986748816156795 144.559211 0.000000
1692986749032049308 144.557671 0.000000
1692986749032240222 144.526273 0.000000
1692986749032527570 144.553642 0.000000
1692986749104270546 144.532078 0.000000
1692986749249195000 144.683353 0.000000
1692986749249438430 144.613817 0.000000
1692986749249619557 144.470619 0.000000
1692986749395258813 144.459028 0.000000
1692986749466772756 144.744697 0.000000
1692986749612176509 144.656336 0.000000
1692986749973695809 144.622883 0.000000
1692986750118506270 144.559657 0.000000
1692986750119171731 144.478253 0.000000
1692986750335565910 144.603723 0.000000
1692986750408649999 144.716522 0.000000
1692986750625273832 144.603117 0.000000
1692986750770312823 144.490010 0.000000
1692986750843646391 144.698424 0.000000
1692986750914996593 144.631854 0.000000
1692986751423444256 144.718492 0.000000
1692986751423472352 144.662020 0.000000
1692986751494772758 144.656922 0.000000
1692986751639865453 144.686837 0.000000
1692986751712071726 144.712126 0.000000
1692986751785107010 144.590869 0.000000
1692986751857472573 144.460245 0.000000
1692986752002694298 145.048352 0.000000
1692986752219835935 144.547081 0.000000
1692986752220290351 144.693387 0.000000
1692986752292304201 144.565780 0.000000
1692986752364501132 144.545374 0.000000
1692986752365253702 144.750571 0.000000
1692986752581844372 144.633734 0.000000
1692986752582119492 144.686420 0.000000
1692986752654052905 144.718620 0.000000
1692986752799201070 144.790809 0.000000
1692986753089511341 144.623736 0.000000
1692986753161849164 145.217911 0.000000
1692986753162058651 144.809552 0.000000
1692986753162088130 144.741694 0.000000
1692986753307603638 144.720866 0.000000
1692986753307634666 144.773461 0.000000
1692986753452315248 144.652923 0.000000
1692986753452334352 144.639357 0.000000
1692986753524241178 144.551948 0.000000
1692986753524670301 144.749011 0.000000
1692986753669715556 144.845852 0.000000
1692986753742237513 144.658732 0.000000
1692986753958121772 144.624696 0.000000
1692986754030640059 144.670094 0.000000
1692986754031917464 144.745554 0.000000
1692986754321317314 144.699111 0.000000
1692986754537953556 144.921452 0.000000
1692986754610427896 144.709529 0.000000
1692986754755350582 144.915675 0.000000
1692986754827899335 144.776931 0.000000
1692986755117969744 144.649189 0.000000
1692986755262581867 144.958163 0.000000
1692986755263142731 144.521367 0.000000
1692986755408308632 144.781357 0.000000
1692986755770038828 144.413577 0.000000
1692986755770764470 145.038680 0.000000
1692986755987394899 144.798984 0.000000
1692986756132136558 144.768671 0.000000
1692986756349562581 144.685184 0.000000
1692986756349774589 144.617476 0.000000
1692986756350515015 144.642295 0.000000
1692986756422820389 144.478623 0.000000
1692986756566792633 144.660224 0.000000
1692986756567411246 144.603036 0.000000
1692986756928773733 144.604395 0.000000
1692986756929600991 144.789601 0.000000
1692986757001810411 144.612465 0.000000
1692986757073820045 144.755843 0.000000
1692986757146799189 144.507409 0.000000
1692986757509159901 144.648373 0.000000
1692986757654335825 144.664145 0.000000
1692986757798717968 144.686922 0.000000
1692986757871557758 144.799810 0.000000
1692986757943932964 144.643963 0.000000
1692986757944202942 144.769801 0.000000
1692986758522935001 144.642547 0.000000
1692986758595822205 144.716993 0.000000
1692986758668035819 144.675190 0.000000
1692986758669315734 144.664842 0.000000
1692986758885647428 144.776520 0.000000
1692986758886267319 144.559497 0.000000
1692986759175184462 144.590778 0.000000
1692986759319990968 144.651550 0.000000
1692986759536917790 144.579126 0.000000
1692986759537157778 144.587401 0.000000
1692986759610136907 144.511765 0.000000
1692986759754598846 144.675730 0.000000
1692986759827236200 144.575228 0.000000
1692986759900196511 144.482938 0.000000
1692986760044704532 144.489904 0.000000
1692986760188782870 144.609191 0.000000
1692986760189088956 144.678734 0.000000
1692986760189502312 144.781001 0.000000
1692986760478849930 144.512747 0.000000
1692986760478928859 144.538126 0.000000
1692986760479509038 144.590164 0.000000
1692986760769149312 144.579748 0.000000
1692986760913485740 144.674784 0.000000
1692986761275713116 144.746436 0.000000
1692986761276256975 144.434130 0.000000
1692986761493452643 144.849380 0.000000
1692986761783368723 144.508026 0.000000
1692986761926901297 144.535997 0.000000
1692986762071919589 144.714611 0.000000
1692986762217734645 144.967826 0.000000
1692986762218122426 144.512337 0.000000
1692986762289030560 144.602507 0.000000
1692986762289228701 144.708302 0.000000
1692986762578564949 144.605789 0.000000
1692986762579428208 144.468431 0.000000
1692986762652167476 144.485441 0.000000
1692986762652390983 144.456801 0.000000
1692986762723636840 144.530480 0.000000
1692986762795728330 144.709440 0.000000
1692986762795831370 144.798802 0.000000
1692986762797356511 144.683185 0.000000
1692986763012776510 144.548415 0.000000
1692986763158942929 144.428618 0.000000
1692986763229812618 144.650923 0.000000
1692986763230504115 144.559373 0.000000
1692986763375249322 144.730007 0.000000
1692986763375330461 144.707399 0.000000
1692986763446965816 144.708211 0.000000
1692986763448815737 145.146426 0.000000
1692986763591617868 144.625976 0.000000
1692986763593280513 144.521824 0.000000
1692986763738472850 144.593294 0.000000
1692986763882300299 144.602281 0.000000
1692986764027032968 144.595489 0.000000
1692986764099479764 144.528202 0.000000
1692986764171617647 144.554840 0.000000
1692986764171993130 144.512957 0.000000
1692986764244938792 144.505135 0.000000
1692986764245117056 144.459825 0.000000
1692986764388767052 144.708933 0.000000
1692986764606116578 144.692085 0.000000
1692986764750871959 144.730589 0.000000
1692986764824217244 144.857659 0.000000
1692986765185790064 144.699031 0.000000
1692986765331447442 144.720681 0.000000
1692986765403433553 144.849885 0.000000
1692986765403883844 144.808665 0.000000
1692986765476415633 144.727817 0.000000
1692986765983333025 144.560528 0.000000
1692986765983378876 144.734152 0.000000
1692986766127464390 144.636946 0.000000
1692986766272362990 144.677877 0.000000
1692986766344794516 144.694479 0.000000
1692986766418084542 144.717518 0.000000
1692986766562920015 144.663182 0.000000
1692986766851584952 144.750726 0.000000
1692986766852140493 144.532208 0.000000
1692986767141214320 144.721938 0.000000
1692986767214259523 144.793435 0.000000
1692986767287465674 144.980806 0.000000
1692986767359372846 144.974355 0.000000
1692986767431121033 144.630521 0.000000
1692986767431710303 144.776675 0.000000
1692986767432111511 144.559761 0.000000
1692986767721229927 144.669481 0.000000
1692986767865812101 144.650227 0.000000
1692986767866109663 144.906278 0.000000
1692986767938737079 144.655925 0.000000
1692986768010671338 144.554745 0.000000
1692986768083582504 144.725040 0.000000
1692986768156066197 144.462967 0.000000
