1692986619140189395 144.827845 0.000000
1692986620300628254 144.706893 0.000000
1692986621169681162 144.586467 0.000000
1692986621749067084 144.530030 0.000000
1692986622256401841 144.830852 0.000000
1692986622690316570 144.675400 0.000000
1692986622907614490 144.722164 0.000000
1692986623270249868 144.480491 0.000000
1692986624067821133 144.558627 0.000000
1692986624356035683 144.648873 0.000000
1692986624428656605 144.803508 0.000000
1692986624718189032 144.508375 0.000000
1692986625009271632 144.836359 0.000000
1692986625661497573 144.645650 0.000000
1692986626457456861 144.725952 0.000000
1692986626965165194 144.629924 0.000000
1692986627326799113 144.910087 0.000000
1692986627472762685 144.770230 0.000000
1692986627544907111 144.653508 0.000000
1692986628486133218 144.601768 0.000000
1692986629282796568 144.802696 0.000000
1692986629934700025 144.807136 0.000000
1692986630297395979 144.600525 0.000000
1692986630297780962 144.932809 0.000000
1692986630803572864 144.689506 0.000000
1692986631166088347 144.954956 0.000000
1692986631455761101 144.648677 0.000000
1692986631963768211 144.593037 0.000000
1692986632180883190 144.475995 0.000000
1692986633121466267 144.767649 0.000000
1692986635223891917 144.666243 0.000000
1692986635512886856 144.606378 0.000000
1692986635874910809 144.614939 0.000000
1692986636021042021 144.616737 0.000000
1692986637470494057 144.492563 0.000000
1692986637615097494 144.587850 0.000000
1692986637831683870 144.542711 0.000000
1692986638339632394 144.746370 0.000000
1692986638701882744 144.964077 0.000000
1692986638772871063 144.664588 0.000000
1692986638917844150 144.516799 0.000000
1692986639569988906 144.499855 0.000000
1692986639714666095 144.616267 0.000000
1692986640005246234 144.527273 0.000000
1692986640149387763 144.798010 0.000000
1692986640729018356 144.779392 0.000000
1692986640729064303 144.845862 0.000000
1692986641018964617 144.634243 0.000000
1692986641525473024 144.509197 0.000000
1692986641525783122 144.637431 0.000000
1692986641670590654 144.495845 0.000000
1692986641887773982 144.755686 0.000000
1692986642323080159 144.603406 0.000000
1692986643698705673 144.736556 0.000000
1692986643988624280 144.894896 0.000000
1692986643989128019 144.526608 0.000000
1692986644641731054 144.527089 0.000000
1692986644858779367 144.462945 0.000000
1692986644931218863 144.740533 0.000000
1692986645583457767 144.631582 0.000000
1692986645728212837 144.694123 0.000000
1692986645945217378 144.851214 0.000000
1692986647176609078 144.617048 0.000000
1692986647249362053 144.366118 0.000000
1692986647538474867 144.677720 0.000000
1692986647755594697 144.698869 0.000000
1692986647974117783 144.537208 0.000000
1692986648118399044 144.616006 0.000000
1692986648191179613 144.549672 0.000000
1692986648625593686 144.869026 0.000000
1692986648843226737 144.619429 0.000000
1692986648915660984 145.103757 0.000000
1692986648987357046 144.815460 0.000000
1692986649423184692 144.674146 0.000000
1692986650074347936 144.541242 0.000000
1692986650436199988 144.697817 0.000000
1692986650942920630 144.601472 0.000000
1692986651015417679 144.563279 0.000000
1692986651522725453 144.603080 0.000000
1692986652029503795 144.695095 0.000000
1692986652247015313 144.690775 0.000000
1692986652755292688 144.745518 0.000000
1692986653188970223 144.774616 0.000000
1692986653189648228 144.673475 0.000000
1692986653913876109 144.751512 0.000000
1692986653986064137 144.671174 0.000000
1692986654059902778 145.150201 0.000000
1692986654855527647 144.714481 0.000000
1692986654927939287 144.767203 0.000000
1692986655146115268 144.972131 0.000000
1692986655798256155 144.780384 0.000000
1692986656594843098 144.549025 0.000000
1692986656812653673 144.764197 0.000000
1692986656885190319 144.676943 0.000000
1692986657391583517 144.756949 0.000000
1692986657391702564 144.682746 0.000000
1692986658986194285 144.770291 0.000000
1692986659565025354 144.835177 0.000000
1692986661521520379 144.627222 0.000000
1692986662391095140 144.550735 0.000000
1692986663260424186 144.615705 0.000000
1692986663623034460 144.667180 0.000000
1692986664274479295 144.733394 0.000000
1692986664275471022 144.821971 0.000000
1692986665723133152 144.622817 0.000000
1692986666013454733 144.529369 0.000000
1692986666085391115 144.551375 0.000000
1692986666375982330 144.430940 0.000000
1692986666737231768 144.805653 0.000000
1692986666810244328 144.685933 0.000000
1692986667027873315 144.750088 0.000000
1692986667171707945 144.564661 0.000000
1692986667244518570 144.492002 0.000000
1692986667606636772 144.567959 0.000000
1692986668113556347 144.574835 0.000000
1692986668694005052 144.660285 0.000000
1692986669490798556 144.575938 0.000000
1692986669634687527 144.506270 0.000000
1692986669635303337 144.490032 0.000000
1692986669707073848 144.629628 0.000000
1692986670142823097 144.710508 0.000000
1692986670431453046 144.656105 0.000000
1692986671445904188 144.713401 0.000000
1692986671517991211 144.580367 0.000000
1692986671735619351 144.772275 0.000000
1692986671807928617 144.987306 0.000000
1692986671953339761 144.615875 0.000000
1692986672387790815 144.791034 0.000000
1692986673184398841 145.224194 0.000000
1692986673184677631 144.703896 0.000000
1692986673257492515 144.428308 0.000000
1692986674416132152 144.676387 0.000000
1692986674488838674 144.598600 0.000000
1692986674778094291 144.621493 0.000000
1692986674850570692 144.820566 0.000000
1692986675067440153 144.655253 0.000000
1692986675285421301 144.555538 0.000000
1692986675502364756 144.818112 0.000000
1692986675647649110 145.023135 0.000000
1692986675792200054 144.535944 0.000000
1692986676299363683 144.707148 0.000000
1692986677531963444 144.551225 0.000000
1692986677966066732 144.564275 0.000000
1692986678689662619 144.453112 0.000000
1692986678835075317 144.754488 0.000000
1692986678835430259 144.736507 0.000000
1692986679270056972 144.501453 0.000000
1692986679413862274 144.801889 0.000000
1692986680357031059 144.866479 0.000000
1692986681008336374 144.529254 0.000000
1692986681224416827 144.639070 0.000000
1692986681513878178 144.533253 0.000000
1692986681948407264 144.673020 0.000000
1692986683180079282 144.571843 0.000000
1692986683324780437 144.761800 0.000000
1692986683397868172 145.100551 0.000000
1692986683615896179 144.689316 0.000000
1692986683687338981 144.475152 0.000000
1692986684266873520 144.740767 0.000000
1692986686151779799 144.539432 0.000000
1692986686657944731 144.507734 0.000000
1692986686729411103 144.701962 0.000000
1692986686729489756 144.825900 0.000000
1692986687092095854 144.536979 0.000000
1692986689049598867 144.569282 0.000000
1692986689628179512 144.692715 0.000000
1692986691149867791 144.625023 0.000000
1692986692524654687 144.721527 0.000000
1692986692886798510 144.670563 0.000000
1692986693829121549 144.904102 0.000000
1692986694263573264 144.850383 0.000000
1692986694988157991 144.555645 0.000000
1692986695060294059 144.778119 0.000000
1692986695132955746 144.734392 0.000000
1692986695712437296 144.623238 0.000000
1692986695712682774 144.546910 0.000000
1692986696654134458 144.740411 0.000000
1692986697089402089 144.791976 0.000000
1692986697306967057 144.818833 0.000000
1692986697452040976 144.620096 0.000000
1692986697524409730 144.673465 0.000000
1692986697886753874 144.475880 0.000000
1692986698176033938 144.530197 0.000000
1692986698538385179 144.691802 0.000000
1692986699553443853 144.713162 0.000000
1692986699625891046 144.592967 0.000000
1692986699843381741 144.673139 0.000000
1692986699987576710 144.703159 0.000000
1692986700060202178 145.056863 0.000000
1692986700567769895 144.917259 0.000000
1692986700640562192 144.697431 0.000000
1692986700857803420 144.590100 0.000000
1692986701002075068 144.733239 0.000000
1692986701292880172 144.770145 0.000000
1692986702088821279 144.895116 0.000000
1692986702378580370 144.877029 0.000000
1692986704189997158 145.053145 0.000000
1692986704335323741 144.544750 0.000000
1692986704480203255 144.787566 0.000000
1692986704987879255 144.604885 0.000000
1692986705205375242 144.468898 0.000000
1692986705277049829 144.542309 0.000000
1692986705422770254 144.636003 0.000000
1692986705712188615 144.599869 0.000000
1692986705856493075 144.974226 0.000000
1692986706652952826 144.563845 0.000000
1692986707015963474 144.726924 0.000000
1692986707160262491 144.834781 0.000000
1692986707377930154 144.762948 0.000000
1692986707523808672 144.556502 0.000000
1692986707886071743 144.790413 0.000000
1692986708175791983 144.636740 0.000000
1692986708682802265 144.894816 0.000000
1692986708754305693 144.747368 0.000000
1692986709262250789 144.753272 0.000000
1692986709551853205 144.572570 0.000000
1692986709841366673 144.624702 0.000000
1692986709841895781 144.448064 0.000000
1692986710348975255 144.585395 0.000000
1692986710567094269 145.065849 0.000000
1692986710783130454 144.543879 0.000000
1692986710928459607 144.458443 0.000000
1692986711363615509 144.398780 0.000000
1692986711651900574 144.561396 0.000000
1692986711797156637 144.637291 0.000000
1692986712013942834 144.522238 0.000000
1692986712376433195 144.767579 0.000000
1692986712521527847 144.625358 0.000000
1692986713029006751 144.528010 0.000000
1692986713463623872 144.552498 0.000000
1692986713969603417 144.550229 0.000000
1692986714332969994 144.769043 0.000000
1692986714550262483 144.476968 0.000000
1692986714767336521 144.794026 0.000000
1692986714984077238 144.595523 0.000000
1692986714984936761 144.733280 0.000000
1692986715564668310 144.868860 0.000000
1692986715636698450 144.570590 0.000000
1692986716144942203 144.684060 0.000000
1692986716723422094 144.627964 0.000000
1692986716796697772 144.618302 0.000000
1692986717013350675 144.680566 0.000000
1692986717014341910 144.565358 0.000000
1692986717521064462 145.086302 0.000000
1692986717883649698 144.497589 0.000000
1692986718028329864 144.448235 0.000000
1692986718173122928 144.473208 0.000000
1692986719114845919 144.763741 0.000000
1692986719477169495 144.958590 0.000000
1692986719911944499 144.612699 0.000000
1692986719912149141 144.527711 0.000000
1692986720203713904 144.623499 0.000000
1692986720348478578 144.798903 0.000000
1692986721144687349 144.674427 0.000000
1692986721362997122 144.537391 0.000000
1692986721797585424 144.584213 0.000000
1692986723028426179 144.564020 0.000000
1692986723390770875 144.569766 0.000000
1692986723896625960 144.697586 0.000000
1692986724259760767 144.618187 0.000000
1692986724622731608 144.888712 0.000000
1692986724984321785 144.834776 0.000000
1692986725129099939 144.490619 0.000000
1692986726503509331 144.774515 0.000000
1692986726722330336 144.677254 0.000000
1692986727012349117 144.564366 0.000000
1692986727808840422 144.754444 0.000000
1692986728244410120 144.607237 0.000000
1692986730054596556 144.808791 0.000000
1692986730344447796 144.806575 0.000000
1692986730707525009 144.863744 0.000000
1692986730779207444 144.690559 0.000000
1692986731576778331 144.529144 0.000000
1692986731938571281 144.446931 0.000000
1692986732228246084 144.606304 0.000000
1692986732518376641 144.630620 0.000000
1692986732952895498 144.650722 0.000000
1692986733097219368 144.633477 0.000000
1692986733242860163 144.471741 0.000000
1692986734255823424 144.718640 0.000000
1692986734328635953 144.603577 0.000000
1692986735414421285 144.536581 0.000000
1692986735487218548 144.842249 0.000000
1692986736138586014 144.571242 0.000000
1692986736210696036 144.668188 0.000000
1692986736211573766 144.571328 0.000000
1692986736428165696 144.380101 0.000000
1692986736646285938 144.939229 0.000000
1692986736862506564 144.620782 0.000000
1692986737080233369 144.649674 0.000000
1692986738311981526 144.429611 0.000000
1692986739253393242 144.628570 0.000000
1692986740193429653 144.588477 0.000000
1692986740556286266 144.580253 0.000000
1692986740772735248 144.561163 0.000000
1692986741063402030 144.668744 0.000000
1692986741569225431 144.652948 0.000000
1692986744249717568 144.509167 0.000000
1692986744684815088 144.462624 0.000000
1692986745046722551 144.524002 0.000000
1692986745263850455 144.659011 0.000000
1692986745335910034 144.862105 0.000000
1692986747002537128 144.786118 0.000000
1692986747075972659 144.595418 0.000000
1692986747076438640 144.449483 0.000000
1692986747221387577 144.369005 0.000000
1692986748090261073 144.622832 0.000000
1692986748090457612 144.487542 0.000000
1692986748379548485 144.541928 0.000000
1692986749104414919 144.523305 0.000000
1692986749321387226 144.478536 0.000000
1692986749827966645 144.820758 0.000000
1692986749827968679 144.635176 0.000000
1692986749972988061 144.702428 0.000000
1692986750336035931 144.670548 0.000000
1692986750769948545 144.860375 0.000000
1692986751639318223 144.655363 0.000000
1692986752434790523 144.627704 0.000000
1692986752796843800 144.770135 0.000000
1692986753303597570 144.643761 0.000000
1692986753375814606 144.549271 0.000000
1692986753738600285 144.653183 0.000000
1692986754028566338 144.659212 0.000000
1692986755332037836 144.614177 0.000000
1692986755549117027 144.572730 0.000000
1692986755694165330 144.613245 0.000000
1692986756056860704 144.520333 0.000000
1692986756129485425 144.749222 0.000000
1692986757070309678 144.571352 0.000000
1692986757649368398 144.643922 0.000000
1692986757939214587 144.572320 0.000000
1692986758011810988 144.614698 0.000000
1692986758736727995 144.610213 0.000000
1692986760112101385 144.590217 0.000000
1692986760185099506 144.597949 0.000000
1692986762213251391 144.735600 0.000000
1692986762937653042 144.633100 0.000000
1692986763589856812 144.571402 0.000000
1692986763807409120 145.153198 0.000000
1692986764458954652 144.760543 0.000000
1692986764459745480 144.557064 0.000000
1692986764677078362 144.502757 0.000000
1692986765039095855 144.564752 0.000000
1692986765255511032 144.523528 0.000000
1692986765328102904 144.515285 0.000000
1692986765763560443 144.567283 0.000000
1692986765835378675 144.754113 0.000000
1692986766415743190 144.567067 0.000000
1692986766922686881 144.671585 0.000000
1692986767211832357 144.753466 0.000000
