1692986620015421998 80.260268 204.571693 203 16 0.000000
1692986620956129656 76.253154 206.227709 194 16 0.000000
1692986621970228081 76.276540 204.122214 207 16 0.000000
1692986622984059610 80.374771 206.148646 209 16 0.000000
1692986623998099158 81.600228 194.272499 197 16 0.000000
1692986625011440227 82.768259 192.432747 195 16 0.000000
1692986626025524680 79.026608 205.111121 208 16 0.000000
1692986626967171056 75.318864 213.455927 201 16 0.000000
1692986627981553010 75.809854 211.951712 215 16 0.000000
1692986628996111655 75.853374 208.957847 212 16 0.000000
1692986630009991286 78.719059 204.166261 207 16 0.000000
1692986631024371736 76.863996 208.008713 211 16 0.000000
1692986632037718483 74.730561 215.128764 218 16 0.000000
1692986633051534566 75.344118 198.260781 201 16 0.000000
1692986633994790594 75.535103 226.873755 214 16 0.000000
1692986635009238562 77.000755 203.066102 206 16 0.000000
1692986636025117100 77.203293 209.670741 213 16 0.000000
1692986637038336785 79.051665 203.312278 206 16 0.000000
1692986638051391475 76.113948 211.242293 214 16 0.000000
1692986639064415071 74.989982 198.415886 201 16 0.000000
1692986640008867671 75.604313 226.586311 214 16 0.000000
1692986641023154785 77.609536 206.056053 209 16 0.000000
1692986642037117584 78.350796 205.135726 208 16 0.000000
1692986643051423526 77.235740 207.038127 210 16 0.000000
1692986644065389167 79.999474 198.231572 201 16 0.000000
1692986645006825150 78.814387 203.943766 192 15 0.000000
1692986646020391202 78.310157 205.216028 208 16 0.000000
1692986647034609926 77.622591 206.069945 209 16 0.000000
1692986648049154233 77.337772 204.032487 207 16 0.000000
1692986649062809487 77.899765 208.157563 211 16 0.000000
1692986650077135516 75.914007 205.062272 208 16 0.000000
1692986651089650785 79.676377 196.540245 199 15 0.000000
1692986652032764372 76.289786 218.425440 206 16 0.000000
1692986653046413643 76.819222 210.131853 213 16 0.000000
1692986654060630362 76.160067 210.014284 213 16 0.000000
1692986655074520778 75.830915 210.081877 213 16 0.000000
1692986656089035371 79.158926 202.067078 205 16 0.000000
1692986657101993695 77.157933 197.441460 200 16 0.000000
1692986658045357900 78.869721 213.067259 201 16 0.000000
1692986659059059357 74.389463 216.039938 219 16 0.000000
1692986660072951126 76.923198 207.122707 210 16 0.000000
1692986661086350977 77.587826 205.249684 208 16 0.000000
1692986662100844541 79.874555 202.071267 205 16 0.000000
1692986663114938485 77.308002 204.123100 207 16 0.000000
1692986664056079121 79.551045 204.007769 192 16 0.000000
1692986665070273639 74.423090 214.948893 218 16 0.000000
1692986666084865466 81.140449 197.123616 200 16 0.000000
1692986667098431097 78.031718 203.242881 206 16 0.000000
1692986668113123573 74.810002 212.872375 216 16 0.000000
1692986669127536268 79.053027 205.044756 208 16 0.000000
1692986670069672217 76.125057 209.099334 197 16 0.000000
1692986671083555742 81.901334 195.288706 198 16 0.000000
1692986672097508207 76.502637 210.069017 213 16 0.000000
1692986673112828027 74.512638 211.755932 215 16 0.000000
1692986674126485060 77.989336 205.197614 208 16 0.000000
1692986675139716384 79.494493 192.453557 195 16 0.000000
1692986676082697969 78.467371 216.335120 204 16 0.000000
1692986677096954271 77.321681 205.076369 208 16 0.000000
1692986678110994846 77.213469 208.078460 211 16 0.000000
1692986679124995414 78.371931 203.155700 206 16 0.000000
1692986680138540001 80.638612 199.300560 202 16 0.000000
1692986681152903372 75.163409 210.969763 214 16 0.000000
1692986682094414865 79.967607 202.865289 191 16 0.000000
1692986683107757337 79.218847 198.353467 201 16 0.000000
1692986684121216420 77.117809 211.158014 214 16 0.000000
1692986685136225477 75.951606 205.909477 209 16 0.000000
1692986686150535308 76.786533 212.952699 216 16 0.000000
1692986687164834154 75.113831 212.954987 216 16 0.000000
1692986688106531514 77.322909 204.949074 193 16 0.000000
1692986689120786553 75.783512 212.964187 216 16 0.000000
1692986690135500087 77.650269 204.983930 208 16 0.000000
1692986691150424418 76.909897 207.897289 211 16 0.000000
1692986692163017828 78.345418 203.438037 206 16 0.000000
1692986693176655337 80.348986 197.309180 200 16 0.000000
1692986694118573670 79.687054 201.716012 190 16 0.000000
1692986695132535994 76.462055 212.039441 215 16 0.000000
1692986696146881904 77.297200 206.044111 209 16 0.000000
1692986697161438413 76.987168 205.015686 208 16 0.000000
1692986698176295091 74.791744 214.808655 218 16 0.000000
1692986699189682894 77.387117 201.304965 204 16 0.000000
1692986700132225483 77.835315 213.252969 201 16 0.000000
1692986701145919288 79.481152 202.230694 205 16 0.000000
1692986702160799445 76.561141 208.891659 212 16 0.000000
1692986703174832262 76.891483 208.080052 211 16 0.000000
1692986704189604644 76.216335 209.899288 213 16 0.000000
1692986705203737990 77.219815 196.226654 199 16 0.000000
1692986706145858919 77.664143 217.594154 205 16 0.000000
1692986707160039720 75.497558 210.021724 213 16 0.000000
1692986708174045039 76.947654 205.127130 208 16 0.000000
1692986709188118506 79.737566 205.113343 208 16 0.000000
1692986710201802322 78.365311 203.219186 206 16 0.000000
1692986711215669935 76.892295 207.127634 210 16 0.000000
1692986712157411141 77.629913 207.063256 195 16 0.000000
1692986713171554265 77.676810 204.113202 207 16 0.000000
1692986714185741793 76.149030 211.006328 214 16 0.000000
1692986715200368210 77.270667 206.972736 210 16 0.000000
1692986716214468339 75.499135 210.038403 213 16 0.000000
1692986717227491715 84.496779 177.685937 180 16 0.000000
1692986718170302647 78.678990 219.556247 207 16 0.000000
1692986719185053780 78.007380 205.961831 209 16 0.000000
1692986720200193847 80.783330 195.046945 198 16 0.000000
1692986721217802454 78.394845 205.383525 209 16 0.000000
1692986722231613588 79.127097 202.207278 205 16 0.000000
1692986723173935946 77.242899 207.996753 196 16 0.000000
1692986724187728726 76.152716 210.102118 213 16 0.000000
1692986725201863059 78.390294 202.142846 205 16 0.000000
1692986726215126072 77.910685 208.238134 211 16 0.000000
1692986727230121807 76.575855 208.867874 212 16 0.000000
1692986728244478913 78.434903 202.098451 205 16 0.000000
1692986729186790647 79.250834 203.754226 192 16 0.000000
1692986730201123481 76.996228 205.060898 208 16 0.000000
1692986731215413181 75.082512 215.914645 219 16 0.000000
1692986732230115705 75.883113 207.942717 211 16 0.000000
1692986733244366218 79.927350 200.147790 203 16 0.000000
1692986734258571692 74.759034 215.932571 219 16 0.000000
1692986735200306429 80.083085 200.693461 189 16 0.000000
1692986736214633224 77.622815 206.047993 209 16 0.000000
1692986737228439941 76.901835 207.140047 210 16 0.000000
1692986738242929936 82.322106 195.171986 198 16 0.000000
1692986739256849771 78.355697 204.158151 207 16 0.000000
1692986740271760038 77.255514 205.929536 209 16 0.000000
1692986741212359059 79.183641 203.062048 191 16 0.000000
1692986742225734383 77.260935 206.241492 209 16 0.000000
1692986743239123088 79.083410 202.291571 205 16 0.000000
1692986744252726898 80.645209 199.288918 202 16 0.000000
1692986745267068918 78.413500 203.087305 206 16 0.000000
1692986746281413892 78.370528 204.072596 207 16 0.000000
1692986747222857106 78.003090 206.066597 194 16 0.000000
1692986748236809161 79.534571 201.192942 204 16 0.000000
1692986749250785046 77.584282 206.119304 209 16 0.000000
1692986750264649311 75.115068 212.059943 215 16 0.000000
1692986751278793508 74.400524 215.945624 219 16 0.000000
1692986752292956954 79.998547 198.192904 201 16 0.000000
1692986753235298506 76.150943 210.114901 198 16 0.000000
1692986754249389208 77.565333 207.082052 210 16 0.000000
1692986755263527160 75.491589 212.002733 215 16 0.000000
1692986756278588759 75.541981 208.854320 212 16 0.000000
1692986757292253245 76.798257 212.101739 215 16 0.000000
1692986758307218435 76.935904 206.903648 210 16 0.000000
1692986759248657660 78.524226 201.818656 190 16 0.000000
1692986760262673077 80.579357 201.180373 204 16 0.000000
1692986761276733714 76.158418 210.046583 213 16 0.000000
1692986762290806429 77.228654 207.085765 210 16 0.000000
1692986763303973979 79.174035 199.374728 202 16 0.000000
1692986764318121458 77.921746 207.070474 210 16 0.000000
1692986765259102844 76.850066 208.293175 196 15 0.000000
1692986766273437087 76.887599 208.018217 211 16 0.000000
1692986767287550050 77.608556 206.091439 209 16 0.000000
1692986768301769035 76.918151 207.055876 210 16 0.000000
