1692986620262400031 92.475846 174.060008 172 16 0.000000
1692986621274699496 95.600308 168.922348 171 16 0.000000
1692986622271481511 89.341003 177.571416 177 16 0.000000
1692986623267589609 96.465359 167.652467 167 16 0.000000
1692986624278725359 92.634442 170.105741 172 16 0.000000
1692986625275946327 91.357928 178.496078 178 16 0.000000
1692986626272975940 96.201768 165.491571 165 16 0.000000
1692986627283806426 94.222454 169.167798 171 16 0.000000
1692986628281037207 92.687943 172.477639 172 16 0.000000
1692986629278978397 91.934379 174.358992 174 16 0.000000
1692986630289752181 90.406885 173.134665 175 16 0.000000
1692986631291456494 100.557204 161.724371 162 16 0.000000
1692986632279310942 93.989156 170.065561 168 16 0.000000
1692986633295983451 94.384268 169.179336 172 16 0.000000
1692986634292912450 96.698593 163.502131 163 16 0.000000
1692986635298492730 96.026536 168.062150 169 16 0.000000
1692986636302215743 91.878955 175.347190 176 16 0.000000
1692986637297362013 95.107388 166.809640 166 16 0.000000
1692986638290851712 97.708262 165.074689 164 16 0.000000
1692986639306882723 93.600136 171.254615 174 16 0.000000
1692986640301669937 94.766431 170.890807 170 16 0.000000
1692986641274032847 92.840557 170.718178 166 16 0.000000
1692986642313287684 96.621516 161.654270 168 16 0.000000
1692986643314358324 95.925595 171.816048 172 16 0.000000
1692986644303940047 88.405931 178.863449 177 16 0.000000
1692986645305231997 93.760239 169.780649 170 16 0.000000
1692986646311721996 97.373360 165.923172 167 16 0.000000
1692986647309609988 93.209481 171.361905 171 16 0.000000
1692986648310555727 91.242698 174.834682 175 16 0.000000
1692986649312275689 92.408846 173.701240 174 16 0.000000
1692986650318402778 92.784256 172.940337 174 16 0.000000
1692986651314855349 93.153340 172.612364 172 16 0.000000
1692986652316279869 95.703202 163.766715 164 16 0.000000
1692986653322635335 96.023991 167.932698 169 16 0.000000
1692986654322219886 94.868003 168.069840 168 16 0.000000
1692986655336095687 97.347374 161.755490 164 16 0.000000
1692986656327190207 95.471795 171.527525 170 16 0.000000
1692986657326577915 92.673689 171.104794 171 16 0.000000
1692986658342755609 96.386759 166.309479 169 16 0.000000
1692986659331804478 91.951863 174.915517 173 16 0.000000
1692986660333144606 95.007885 168.773851 169 16 0.000000
1692986661347534810 94.064944 166.602537 169 16 0.000000
1692986662334867429 92.565018 175.219561 173 16 0.000000
1692986663337822912 92.655939 171.493174 172 16 0.000000
1692986664354050813 92.305127 176.141603 179 16 0.000000
1692986665340118408 93.275253 171.387825 169 16 0.000000
1692986666343738789 95.605331 166.397573 167 16 0.000000
1692986667359021858 95.955107 164.486171 167 16 0.000000
1692986668359581202 96.609822 167.906079 168 16 0.000000
1692986669361514400 95.248909 166.677758 167 16 0.000000
1692986670364456333 97.006158 163.518949 164 16 0.000000
1692986671366368764 94.587718 170.673584 171 16 0.000000
1692986672368633931 92.644809 171.611278 172 16 0.000000
1692986673370853562 99.097456 161.641232 162 16 0.000000
1692986674356939662 96.272354 166.314071 164 16 0.000000
1692986675374419501 94.137248 171.010747 174 16 0.000000
1692986676360738698 97.408387 165.260913 163 16 0.000000
1692986677378059674 90.914965 171.037467 174 16 0.000000
1692986678361947767 96.725655 171.767484 169 16 0.000000
1692986679365140007 97.581264 162.481344 163 16 0.000000
1692986680366980616 93.931042 168.689484 169 16 0.000000
1692986681366057122 92.937591 174.160838 174 16 0.000000
1692986682370368652 92.420119 174.248745 175 16 0.000000
1692986683369537393 95.147214 165.137254 165 16 0.000000
1692986684370556631 95.491503 168.827920 169 16 0.000000
1692986685374563016 93.758156 168.325621 169 16 0.000000
1692986686376431415 92.965435 172.677394 173 16 0.000000
1692986687376925496 95.636491 169.916049 170 16 0.000000
1692986688380084615 93.950958 168.467766 169 16 0.000000
1692986689381662999 92.704596 170.730544 171 16 0.000000
1692986690381587930 95.312420 170.012740 170 16 0.000000
1692986691384769431 100.157684 159.492574 160 16 0.000000
1692986692387468209 94.160019 168.545160 169 16 0.000000
1692986693386823143 95.886658 169.109087 169 16 0.000000
1692986694388137874 96.975211 163.784666 164 15 0.000000
1692986695390741896 94.055433 170.555870 171 16 0.000000
1692986696393826825 92.464578 172.467951 173 16 0.000000
1692986697392802520 94.488624 169.173254 169 16 0.000000
1692986698395799737 95.378080 167.497977 168 16 0.000000
1692986699398800107 95.490021 169.491483 170 16 0.000000
1692986700400562506 95.089439 166.706175 167 16 0.000000
1692986701395521353 93.738105 171.866404 171 16 0.000000
1692986702402544501 95.171866 163.849263 165 16 0.000000
1692986703406444641 96.891805 169.339552 170 16 0.000000
1692986704407963923 92.085969 174.734560 175 16 0.000000
1692986705408579664 93.317174 166.897217 167 16 0.000000
1692986706407556237 98.548183 165.169052 165 16 0.000000
1692986707411041823 93.129507 174.392106 175 16 0.000000
1692986708414170482 93.826880 168.472913 169 16 0.000000
1692986709413963346 92.501336 172.035635 172 16 0.000000
1692986710416264163 98.622137 163.623556 164 16 0.000000
1692986711417644780 92.698492 170.764231 171 16 0.000000
1692986712420505444 94.296311 170.512217 171 16 0.000000
1692986713422409734 93.672149 172.671201 173 16 0.000000
1692986714424642218 92.419622 169.621310 170 16 0.000000
1692986715425785797 93.920972 169.805814 170 16 0.000000
1692986716428936914 94.282826 174.450272 175 16 0.000000
1692986717429946892 93.782646 169.828474 170 16 0.000000
1692986718432155885 93.331776 167.629735 168 16 0.000000
1692986719436745376 98.110276 162.255332 163 16 0.000000
1692986720439006962 94.895322 173.607359 174 16 0.000000
1692986721445845803 95.245918 160.899645 162 16 0.000000
1692986722444297326 97.469303 166.257420 166 16 0.000000
1692986723445659284 94.892257 172.764727 173 16 0.000000
1692986724451782515 92.705977 169.959284 171 16 0.000000
1692986725453450399 95.268523 166.721945 167 16 0.000000
1692986726452151499 100.108098 161.209386 161 16 0.000000
1692986727456781759 92.998782 172.202662 173 16 0.000000
1692986728458898510 93.169398 171.636691 172 16 0.000000
1692986729457727517 89.865629 179.209852 179 16 0.000000
1692986730461954950 98.391768 161.318016 162 16 0.000000
1692986731460708677 96.934996 162.202166 162 16 0.000000
1692986732465233678 96.804254 167.243223 168 16 0.000000
1692986733466349057 95.274750 170.809488 171 16 0.000000
1692986734466985276 94.842616 168.892524 169 16 0.000000
1692986735471127171 98.601535 158.344168 159 16 0.000000
1692986736472100494 95.401534 167.836627 168 16 0.000000
1692986737473180817 94.961208 170.815492 171 16 0.000000
1692986738476611111 98.237073 161.446162 162 16 0.000000
1692986739478102927 92.111864 174.739354 175 16 0.000000
1692986740480650400 89.912154 180.540079 181 16 0.000000
1692986741482830654 92.929087 169.630156 170 16 0.000000
1692986742484814445 96.843082 163.675303 164 16 0.000000
1692986743486829524 97.863529 167.662127 168 16 0.000000
1692986744488542189 92.528153 171.705949 172 16 0.000000
1692986745492125494 93.838503 168.396560 169 16 0.000000
1692986746494097328 94.263594 171.661536 172 16 0.000000
1692986747496499257 98.889128 162.609418 163 16 0.000000
1692986748498137670 91.678161 171.718655 172 16 0.000000
1692986749500939406 93.712578 172.516661 173 16 0.000000
1692986750502389916 92.149650 173.747977 174 16 0.000000
1692986751505043577 93.943098 168.552712 169 16 0.000000
1692986752506978320 94.806478 169.671731 170 16 0.000000
1692986753508701109 96.358478 163.717948 164 16 0.000000
1692986754510519251 94.759766 166.696905 167 16 0.000000
1692986755513279972 97.747915 163.548506 164 16 0.000000
1692986756515806813 97.203321 170.568998 171 16 0.000000
1692986757518294449 95.582643 164.590544 165 16 0.000000
1692986758520466107 95.381983 168.633797 169 16 0.000000
1692986759522359494 94.399337 167.682514 168 16 0.000000
1692986760524903020 98.482978 163.583923 164 16 0.000000
1692986761527300475 95.876783 166.600560 167 16 0.000000
1692986762529690423 99.243494 162.611381 163 16 0.000000
1692986763532174977 96.050703 165.588591 166 16 0.000000
1692986764533985080 92.129924 173.685612 174 16 0.000000
1692986765535532923 93.753316 170.735736 171 16 0.000000
1692986766537626586 95.410527 167.648999 168 16 0.000000
1692986767540590250 96.767002 165.509478 166 16 0.000000
1692986768542681573 93.635100 169.645218 170 16 0.000000
