1692972337170920769 144.563645 0.000000
1692972337171357584 144.510958 0.000000
1692972337278935582 144.650924 0.000000
1692972337315800615 144.580220 0.000000
1692972337423722100 144.676869 0.000000
1692972337496165477 144.573058 0.000000
1692972337606234131 144.765640 0.000000
1692972337653322546 144.731329 0.000000
1692972337678170670 144.422178 0.000000
1692972337750395759 144.591070 0.000000
1692972337858214817 144.476033 0.000000
1692972337895366149 144.939579 0.000000
1692972338040685973 144.594217 0.000000
1692972338258051761 145.191046 0.000000
1692972338377429732 144.657007 0.000000
1692972338377479503 144.673277 0.000000
1692972338475725876 145.140264 0.000000
1692972338510414075 144.552589 0.000000
1692972338620261480 144.509890 0.000000
1692972338620929768 144.689718 0.000000
1692972338667064220 144.620260 0.000000
1692972338727849275 144.804544 0.000000
1692972338982232325 144.700197 0.000000
1692972339029192300 144.589735 0.000000
1692972339054975120 144.539253 0.000000
1692972339055090669 144.594666 0.000000
1692972339089704054 144.625357 0.000000
1692972339127645352 144.547517 0.000000
1692972339272113268 144.476286 0.000000
1692972339318738720 144.664377 0.000000
1692972339344733975 144.562662 0.000000
1692972339379287862 144.549210 0.000000
1692972339417156396 144.810553 0.000000
1692972339451663940 144.700291 0.000000
1692972339535882596 144.530747 0.000000
1692972339680527218 144.623087 0.000000
1692972339707212671 144.665214 0.000000
1692972339886551290 144.609555 0.000000
1692972339970171256 144.476922 0.000000
1692972340249114526 144.690661 0.000000
1692972340358493235 144.650689 0.000000
1692972340359298787 144.664170 0.000000
1692972340393837769 144.607956 0.000000
1692972340503638319 144.871723 0.000000
1692972340720640819 144.775755 0.000000
1692972340793204824 144.534920 0.000000
1692972340793881035 144.910804 0.000000
1692972340866299947 144.466631 0.000000
1692972341118111847 144.549929 0.000000
1692972341336064458 144.630687 0.000000
1692972341491454080 144.682642 0.000000
1692972341590321464 144.861663 0.000000
1692972341590415828 144.558835 0.000000
1692972341708391744 144.516437 0.000000
1692972341735496099 144.671832 0.000000
1692972341997641184 144.627620 0.000000
1692972342025416114 144.770828 0.000000
1692972342059311114 144.667427 0.000000
1692972342169929266 144.554398 0.000000
1692972342170046313 144.595774 0.000000
1692972342203951697 144.614929 0.000000
1692972342314675905 144.699044 0.000000
1692972342432145098 144.620697 0.000000
1692972342459436603 144.637251 0.000000
1692972342493445523 144.512606 0.000000
1692972342576925055 144.616298 0.000000
1692972342638334563 144.873505 0.000000
1692972342721691045 144.648116 0.000000
1692972342856710136 144.580658 0.000000
1692972342893754930 144.585446 0.000000
1692972342927780027 144.600060 0.000000
1692972343073318502 144.518354 0.000000
1692972343083690152 144.686886 0.000000
1692972343217679439 144.719184 0.000000
1692972343290113865 144.760014 0.000000
1692972343545931699 144.831666 0.000000
1692972343579907706 144.907717 0.000000
1692972343619003671 144.841163 0.000000
1692972343652804086 144.748870 0.000000
1692972343764079084 144.961719 0.000000
1692972343807886471 144.599221 0.000000
1692972343836564694 144.825989 0.000000
1692972344014722343 144.587784 0.000000
1692972344015348994 144.602529 0.000000
1692972344087861702 144.550618 0.000000
1692972344304677501 144.508149 0.000000
1692972344387130020 144.570699 0.000000
1692972344488384723 144.486793 0.000000
1692972344749071904 144.679617 0.000000
1692972344777812942 144.598022 0.000000
1692972344821264572 144.537933 0.000000
1692972344850659204 144.699258 0.000000
1692972344956883596 144.508349 0.000000
1692972344995211421 144.501945 0.000000
1692972345140099185 144.482763 0.000000
1692972345211784655 144.439568 0.000000
1692972345211904734 144.452894 0.000000
1692972345463688794 144.520601 0.000000
1692972345472505686 144.600185 0.000000
1692972345718666741 144.477697 0.000000
1692972345826246059 144.635252 0.000000
1692972345863465153 144.633744 0.000000
1692972345935720186 144.705796 0.000000
1692972345935880604 144.636676 0.000000
1692972345970953625 144.591220 0.000000
1692972345979342848 144.587547 0.000000
1692972346080513429 144.640809 0.000000
1692972346153198311 144.725440 0.000000
1692972346188151017 144.538591 0.000000
1692972346188240480 144.654651 0.000000
1692972346260559396 144.623323 0.000000
1692972346269149431 144.671711 0.000000
1692972346333329225 144.918700 0.000000
1692972346341214668 144.539709 0.000000
1692972346341422851 144.508466 0.000000
1692972346442421954 144.577663 0.000000
1692972346586999622 144.505119 0.000000
1692972346630804352 144.627078 0.000000
1692972346660004642 144.581261 0.000000
1692972346767804933 144.669657 0.000000
1692972346804734513 144.713965 0.000000
1692972346920128885 144.539764 0.000000
1692972346985177362 144.618808 0.000000
1692972347093931068 144.640919 0.000000
1692972347094305172 144.448005 0.000000
1692972347137372108 144.562034 0.000000
1692972347166870691 144.557900 0.000000
1692972347239149614 144.547632 0.000000
1692972347274923077 144.763247 0.000000
1692972347275034014 144.825387 0.000000
1692972347282123497 144.735568 0.000000
1692972347347602730 144.731579 0.000000
1692972347384203686 144.859702 0.000000
1692972347419630951 144.572154 0.000000
1692972347492428608 144.509176 0.000000
1692972347564761551 144.509513 0.000000
1692972347601362172 144.918262 0.000000
1692972347673942279 144.692253 0.000000
1692972347746589307 144.658875 0.000000
1692972347891382564 144.591718 0.000000
1692972347933989922 144.672777 0.000000
1692972348078679292 144.545251 0.000000
1692972348108652299 144.866316 0.000000
1692972348108784603 144.730888 0.000000
1692972348216561625 144.596849 0.000000
1692972348288764009 144.517324 0.000000
1692972348326289458 144.628062 0.000000
1692972348398716028 144.748973 0.000000
1692972348440945817 144.988450 0.000000
1692972348585666926 144.518502 0.000000
1692972348657998049 144.537136 0.000000
1692972348658044056 144.454473 0.000000
1692972348688729111 144.692216 0.000000
1692972348795638900 144.547840 0.000000
1692972348868103554 144.604277 0.000000
1692972348905654813 144.512478 0.000000
1692972348940261651 144.609474 0.000000
1692972349050563256 144.507417 0.000000
1692972349122269181 144.580911 0.000000
1692972349195493980 144.512105 0.000000
1692972349237200980 144.621620 0.000000
1692972349267977226 144.529648 0.000000
1692972349339166110 144.512590 0.000000
1692972349374442388 144.579884 0.000000
1692972349374883297 144.480293 0.000000
1692972349381831562 144.613016 0.000000
1692972349454184866 144.554932 0.000000
1692972349519676677 144.478424 0.000000
1692972349671257278 144.716306 0.000000
1692972349701815748 144.556234 0.000000
1692972349774761173 144.499858 0.000000
1692972350135987934 144.655193 0.000000
1692972350136249952 144.566753 0.000000
1692972350178344407 144.558698 0.000000
1692972350250858394 144.627653 0.000000
1692972350281421164 144.877098 0.000000
1692972350425923502 144.495948 0.000000
1692972350540108725 144.566872 0.000000
1692972350678484868 144.591014 0.000000
1692972350684645383 144.520796 0.000000
1692972350715226344 144.499434 0.000000
1692972350902033801 144.511273 0.000000
1692972350931979838 144.576881 0.000000
1692972351004712093 144.557212 0.000000
1692972351040390293 144.842879 0.000000
1692972351263241484 144.477609 0.000000
1692972351402522333 144.751932 0.000000
1692972351402812162 144.669466 0.000000
1692972351872720256 144.530196 0.000000
1692972351873256321 144.533694 0.000000
1692972351945331899 144.668527 0.000000
1692972352017328313 144.582653 0.000000
1692972352017827282 144.593476 0.000000
1692972352416097367 144.515235 0.000000
1692972352416372391 144.644605 0.000000
1692972352451615316 144.643113 0.000000
1692972352452128072 144.500166 0.000000
1692972352452558417 144.581214 0.000000
1692972352524286641 144.641854 0.000000
1692972352668824113 144.602668 0.000000
1692972352778366918 144.477252 0.000000
1692972353141073358 144.869016 0.000000
1692972353175937506 144.643948 0.000000
1692972353285961032 144.710327 0.000000
1692972353320662402 144.698735 0.000000
1692972353321248700 144.454904 0.000000
1692972353358449929 144.695041 0.000000
1692972353503418566 144.875481 0.000000
1692972353538234553 144.734553 0.000000
1692972353538641944 144.636431 0.000000
1692972353720835120 144.861499 0.000000
1692972353724495781 144.593806 0.000000
1692972353900970229 144.712177 0.000000
1692972353973066453 144.949167 0.000000
1692972354013980870 144.532935 0.000000
1692972354118776824 145.157912 0.000000
1692972354300246902 144.705535 0.000000
1692972354335797807 144.589450 0.000000
1692972354373629169 145.412237 0.000000
1692972354520823617 144.495803 0.000000
1692972354552703126 144.559531 0.000000
1692972354593210727 144.517868 0.000000
1692972354665358997 144.516065 0.000000
1692972354737789973 144.522720 0.000000
1692972354809898370 144.524375 0.000000
1692972355097761929 144.764506 0.000000
1692972355099400451 144.466433 0.000000
1692972355171724464 144.549761 0.000000
1692972355277345393 144.707744 0.000000
1692972355315024021 144.681173 0.000000
1692972355461040004 144.466723 0.000000
1692972355639421460 144.659842 0.000000
1692972355677503039 144.709974 0.000000
1692972355822473518 144.583836 0.000000
1692972355822858438 144.537613 0.000000
1692972355929192028 144.731365 0.000000
1692972356001625565 144.652897 0.000000
1692972356039372130 144.522507 0.000000
1692972356219207864 144.866000 0.000000
1692972356363998529 144.527756 0.000000
1692972356619920407 144.727409 0.000000
1692972356653917164 144.704770 0.000000
1692972357126504228 144.622904 0.000000
1692972357126985937 144.600432 0.000000
1692972357161021575 144.515234 0.000000
1692972357305567229 144.628603 0.000000
1692972357306024226 144.646659 0.000000
1692972357344224250 144.720977 0.000000
1692972357633869783 144.631940 0.000000
1692972357812796793 144.875121 0.000000
1692972357813108903 144.563026 0.000000
1692972357813164778 144.515750 0.000000
1692972357885323009 144.786369 0.000000
1692972357922315522 144.631404 0.000000
1692972358140219445 144.491894 0.000000
1692972358247669547 144.678708 0.000000
1692972358392179263 144.537976 0.000000
1692972358647977388 144.686947 0.000000
1692972358865011269 144.702178 0.000000
1692972359009794300 144.536893 0.000000
1692972359044311425 144.643074 0.000000
1692972359044430807 144.739012 0.000000
1692972359044458076 144.618567 0.000000
1692972359081675892 144.476081 0.000000
1692972359154676053 144.519356 0.000000
1692972359227046125 144.517528 0.000000
1692972359371606697 144.609535 0.000000
1692972359406136067 144.629753 0.000000
1692972359444159750 144.596310 0.000000
1692972359444280435 144.482782 0.000000
1692972359516697066 144.713007 0.000000
1692972359623828762 144.650301 0.000000
1692972359661161380 144.726248 0.000000
1692972359913158691 144.671379 0.000000
1692972359913237895 144.550298 0.000000
1692972359913854468 144.586081 0.000000
1692972359951136272 144.711935 0.000000
1692972359985970946 144.849930 0.000000
1692972360023609524 144.606207 0.000000
1692972360095394547 144.644752 0.000000
1692972360167784395 144.778708 0.000000
1692972360275984758 144.905914 0.000000
1692972360348477519 144.709467 0.000000
1692972360385910555 144.667996 0.000000
1692972360421164101 144.974472 0.000000
1692972360457731055 144.873970 0.000000
1692972360457986097 144.566089 0.000000
1692972360530362659 144.466893 0.000000
1692972360747592035 144.759413 0.000000
1692972360820061769 144.549655 0.000000
1692972360855210406 144.712083 0.000000
1692972360927773592 144.687240 0.000000
1692972360927854645 144.698786 0.000000
1692972360965008598 144.853156 0.000000
1692972361037334346 144.814064 0.000000
1692972361072620984 144.755639 0.000000
1692972361144990073 144.623461 0.000000
1692972361362555444 144.687385 0.000000
1692972361472099789 144.620173 0.000000
1692972361544677568 144.643092 0.000000
1692972361580391564 144.997605 0.000000
1692972361652672247 144.680774 0.000000
1692972361762354562 144.799179 0.000000
1692972361869557287 144.633018 0.000000
1692972361906511946 144.466693 0.000000
1692972362051146457 144.604340 0.000000
1692972362086649207 144.739365 0.000000
1692972362269110453 144.726735 0.000000
1692972362413007204 144.568171 0.000000
1692972362413704234 144.655048 0.000000
1692972362485641734 144.679485 0.000000
1692972362883860293 144.609572 0.000000
1692972362884490051 144.638164 0.000000
1692972362956691820 144.579463 0.000000
1692972363029707070 145.176009 0.000000
1692972363066286646 144.617380 0.000000
1692972363247090960 144.820185 0.000000
1692972363356114203 144.830726 0.000000
1692972363390883528 144.584834 0.000000
1692972363646060525 144.674531 0.000000
1692972363718602660 144.490961 0.000000
1692972363791004599 144.788592 0.000000
1692972363826022352 144.498038 0.000000
1692972363970381546 144.910480 0.000000
1692972363971195588 144.873389 0.000000
1692972364008388690 144.616929 0.000000
1692972364081440639 145.146167 0.000000
1692972364153656230 144.722633 0.000000
1692972364260289393 144.681303 0.000000
1692972364370802686 144.529569 0.000000
1692972364477342774 144.594336 0.000000
1692972364767173791 144.528101 0.000000
1692972364839544327 144.639489 0.000000
1692972364839634276 144.754767 0.000000
1692972364984384674 144.739723 0.000000
1692972365022494750 144.507196 0.000000
1692972365022757621 144.503778 0.000000
1692972365129575924 144.735065 0.000000
1692972365274655159 144.898916 0.000000
1692972365491953841 144.703820 0.000000
1692972365529632588 144.837653 0.000000
1692972365564371388 144.921008 0.000000
1692972365709157527 144.778156 0.000000
1692972365746383114 144.539887 0.000000
1692972365926314122 144.622274 0.000000
1692972365999184141 144.710584 0.000000
1692972366180861254 144.449426 0.000000
1692972366289064284 144.678332 0.000000
1692972366361494712 144.566363 0.000000
1692972366542677572 144.700444 0.000000
1692972366578619741 144.729407 0.000000
1692972366616082003 144.424142 0.000000
1692972366795727526 144.521223 0.000000
1692972366796328467 144.549449 0.000000
1692972366832749183 144.722280 0.000000
1692972366868379870 144.718370 0.000000
1692972366940660385 145.197534 0.000000
1692972366940861773 144.940903 0.000000
1692972366977419849 144.719634 0.000000
1692972366977896000 144.580876 0.000000
1692972367050417905 144.682808 0.000000
1692972367085796456 144.721443 0.000000
1692972367122585909 144.673511 0.000000
1692972367123117399 144.744582 0.000000
1692972367158114277 144.625609 0.000000
1692972367194527466 144.649740 0.000000
1692972367195080846 144.639902 0.000000
1692972367267719393 144.627344 0.000000
1692972367375434228 144.719788 0.000000
1692972367412689663 144.715824 0.000000
1692972367520212010 144.546616 0.000000
1692972367592644653 144.502578 0.000000
1692972367665088708 144.539779 0.000000
1692972367701872949 144.592076 0.000000
1692972367774828738 144.515649 0.000000
1692972367882302847 144.628963 0.000000
1692972367919560835 144.745072 0.000000
1692972367992030834 144.748560 0.000000
1692972368172152144 144.957034 0.000000
1692972368208899770 144.588482 0.000000
1692972368209149425 144.673815 0.000000
1692972368209587753 144.823974 0.000000
1692972368244228028 144.652861 0.000000
1692972368281277470 144.726813 0.000000
1692972368316896177 144.714199 0.000000
1692972368389320536 144.536802 0.000000
1692972368426145872 144.673509 0.000000
1692972368426898786 144.779551 0.000000
1692972368679160796 144.597688 0.000000
1692972368716337524 144.570295 0.000000
1692972368751402079 144.732206 0.000000
1692972369113478889 144.835916 0.000000
1692972369113480383 144.837570 0.000000
1692972369186298927 144.783013 0.000000
1692972369258072878 144.578613 0.000000
1692972369258417729 144.624169 0.000000
1692972369403146236 144.539357 0.000000
1692972369548213208 144.785740 0.000000
1692972369585726367 144.790971 0.000000
1692972369657770832 144.517486 0.000000
1692972369692498825 144.660497 0.000000
1692972369730216775 144.471494 0.000000
1692972369764727112 144.588867 0.000000
1692972369802662086 144.506394 0.000000
1692972369874927285 144.492393 0.000000
1692972369947207467 144.696883 0.000000
1692972369981890551 144.675267 0.000000
1692972370489180723 144.691865 0.000000
1692972370489277027 144.750902 0.000000
1692972370744886410 144.703733 0.000000
1692972370779457463 144.878618 0.000000
1692972370890061172 144.747298 0.000000
1692972370924479676 144.656503 0.000000
1692972371069507656 144.696364 0.000000
1692972371106821181 144.705190 0.000000
1692972371107686431 144.835032 0.000000
1692972371179854612 144.988568 0.000000
1692972371358955817 144.572552 0.000000
1692972371359388026 144.523615 0.000000
1692972371504811105 144.652918 0.000000
1692972371542158538 144.799017 0.000000
1692972371686304504 144.571599 0.000000
1692972371938552264 144.640690 0.000000
1692972371976775337 144.619119 0.000000
1692972372121190753 144.532418 0.000000
1692972372156455347 144.507119 0.000000
1692972372228242672 144.539248 0.000000
1692972372301001255 144.522369 0.000000
1692972372410834642 144.797152 0.000000
1692972372411348426 144.984572 0.000000
1692972372735676411 144.547286 0.000000
1692972372807944509 144.598951 0.000000
1692972372845811299 144.726078 0.000000
1692972372880158231 144.654898 0.000000
1692972372880530927 144.659362 0.000000
1692972372918169877 144.731720 0.000000
1692972372918206943 144.540521 0.000000
1692972372990362575 144.541869 0.000000
1692972373025195701 144.829688 0.000000
1692972373062900284 144.682225 0.000000
1692972373352544412 144.615497 0.000000
1692972373497535644 144.972714 0.000000
1692972373497633096 144.753400 0.000000
1692972373533042466 144.744203 0.000000
1692972373750691461 144.540339 0.000000
1692972373860159227 144.785404 0.000000
1692972373860190460 144.737167 0.000000
1692972374005069912 144.529605 0.000000
1692972374039853649 144.634480 0.000000
1692972374076793921 144.602188 0.000000
1692972374112345385 144.705217 0.000000
1692972374112437369 144.760610 0.000000
1692972374113106649 144.643924 0.000000
1692972374185270709 144.589908 0.000000
1692972374294106206 144.939556 0.000000
1692972374329860527 144.584180 0.000000
1692972374439000697 144.705878 0.000000
1692972374583917571 144.781975 0.000000
1692972374656844618 145.000111 0.000000
1692972374874209006 144.557899 0.000000
1692972374909605751 144.564043 0.000000
1692972374982332749 144.583102 0.000000
1692972375199714680 144.813547 0.000000
1692972375199744369 144.662415 0.000000
1692972375199801572 144.744280 0.000000
1692972375344414253 144.674514 0.000000
1692972375488884558 144.560655 0.000000
1692972375489227264 144.560013 0.000000
1692972375599047372 144.641556 0.000000
1692972375743531900 144.641642 0.000000
1692972375779107691 144.947985 0.000000
1692972375851314490 144.749097 0.000000
1692972375888657833 144.681460 0.000000
1692972376323081498 144.568382 0.000000
1692972376357933542 144.639386 0.000000
1692972376396029408 144.591124 0.000000
1692972376467689827 144.591034 0.000000
1692972376575334846 144.614878 0.000000
1692972376612532200 144.713498 0.000000
1692972376684802450 144.635212 0.000000
1692972376720053347 144.638825 0.000000
1692972376793004053 144.836168 0.000000
1692972376830480781 144.607086 0.000000
1692972376864787039 144.711696 0.000000
1692972376974848190 144.867060 0.000000
1692972377046905641 144.649058 0.000000
1692972377082852118 144.583225 0.000000
1692972377119440356 144.670959 0.000000
1692972377192773386 144.842928 0.000000
1692972377227703215 144.832278 0.000000
1692972377264235363 144.696488 0.000000
1692972377300190986 144.601016 0.000000
1692972377372191319 144.464845 0.000000
1692972377517098555 144.569827 0.000000
1692972377554028801 144.660089 0.000000
1692972377626374274 144.789987 0.000000
1692972377626695145 144.494557 0.000000
1692972377806741328 144.607420 0.000000
1692972377806785420 144.684555 0.000000
1692972377916732778 144.944334 0.000000
1692972377951826404 144.594190 0.000000
1692972378061274847 144.678024 0.000000
1692972378205876063 144.643037 0.000000
1692972378351181708 144.991487 0.000000
1692972378423866077 144.730821 0.000000
1692972378424256594 144.570670 0.000000
1692972378458673021 144.582356 0.000000
1692972378458790774 144.540494 0.000000
1692972378603494038 144.805075 0.000000
1692972378603623218 144.808813 0.000000
1692972378603692218 144.664082 0.000000
1692972378641708824 144.699348 0.000000
1692972378713486895 144.547856 0.000000
1692972378748283370 144.766098 0.000000
1692972378748633483 144.574348 0.000000
1692972378786217209 144.562285 0.000000
1692972378786399913 144.548388 0.000000
1692972378893893574 144.856268 0.000000
1692972379038676046 144.838802 0.000000
1692972379075061763 144.646265 0.000000
1692972379111232400 144.778492 0.000000
1692972379183181317 144.835198 0.000000
1692972379293304477 144.813697 0.000000
1692972379364579144 144.540920 0.000000
1692972379438407207 144.773685 0.000000
1692972379583124651 144.616666 0.000000
1692972379655851868 144.791668 0.000000
1692972379800308937 144.724455 0.000000
1692972380307576536 144.743198 0.000000
1692972380596802897 144.480634 0.000000
1692972380633443281 144.702204 0.000000
1692972380778311199 144.645846 0.000000
1692972380814454833 144.584753 0.000000
1692972380921673043 144.611542 0.000000
1692972380922618224 144.468044 0.000000
1692972381102845604 144.686751 0.000000
1692972381138965999 144.739388 0.000000
1692972381139595657 144.635016 0.000000
1692972381140146516 144.576630 0.000000
1692972381140152195 144.593269 0.000000
1692972381284098086 144.471228 0.000000
1692972381284818333 144.663337 0.000000
1692972381321083800 144.710872 0.000000
1692972381393867511 144.541248 0.000000
1692972381394111182 144.700838 0.000000
1692972381465202781 144.953330 0.000000
1692972381539017012 144.924794 0.000000
1692972381574093261 144.887257 0.000000
1692972381683661875 144.600190 0.000000
1692972381683823716 144.805497 0.000000
1692972381719229106 145.128853 0.000000
1692972381901284682 144.658806 0.000000
1692972381936656252 144.808369 0.000000
1692972382046154177 144.594446 0.000000
1692972382082070751 144.799115 0.000000
1692972382154010287 144.761238 0.000000
1692972382262503558 144.658790 0.000000
1692972382262807709 144.617329 0.000000
1692972382407522404 144.685803 0.000000
1692972382480442547 144.663832 0.000000
1692972382516262103 144.535889 0.000000
1692972382516539552 144.590662 0.000000
1692972382589144583 144.659101 0.000000
1692972382625372287 144.909538 0.000000
1692972382625481019 144.718233 0.000000
1692972382661697597 144.573242 0.000000
1692972382806543347 144.556973 0.000000
1692972382841823835 144.619634 0.000000
1692972382842509533 144.601788 0.000000
1692972382878368430 144.625107 0.000000
1692972382915424484 144.603987 0.000000
1692972382951083632 144.564155 0.000000
1692972383059301913 144.953915 0.000000
1692972383095573874 144.817423 0.000000
1692972383095676633 144.662368 0.000000
1692972383312854833 144.579555 0.000000
1692972383349087322 144.766805 0.000000
1692972383638938846 144.567312 0.000000
1692972383674921445 144.686017 0.000000
1692972383674967192 144.805841 0.000000
1692972383784364276 144.660082 0.000000
1692972383856352453 144.789579 0.000000
1692972383892387349 144.799150 0.000000
1692972383892952913 144.519721 0.000000
1692972384073979826 144.673908 0.000000
1692972384110048555 144.569952 0.000000
1692972384255006819 144.646514 0.000000
1692972384291571109 144.941179 0.000000
1692972384363799614 144.759161 0.000000
1692972384617106184 144.831139 0.000000
1692972384688815824 144.593401 0.000000
1692972384689981011 145.087303 0.000000
1692972384870840910 144.495959 0.000000
1692972384944234181 144.456491 0.000000
1692972385051262270 144.804020 0.000000
1692972385051750565 144.451315 0.000000
1692972385123884565 144.517323 0.000000
1692972385160338443 144.638850 0.000000
1692972385232278220 144.665486 0.000000
1692972385268437190 144.685629 0.000000
1692972385341241326 144.935972 0.000000
1692972385377176921 144.632983 0.000000
1692972385521580279 144.488938 0.000000
1692972385558643223 144.722186 0.000000
1692972385667468903 144.491618 0.000000
1692972385775297091 144.648453 0.000000
1692972385812219388 144.524335 0.000000
1692972385920279004 144.671000 0.000000
1692972385920792943 144.595715 0.000000
1692972386137647808 144.690420 0.000000
1692972386391500819 144.660198 0.000000
1692972386608720065 144.814392 0.000000
1692972386645187470 144.760607 0.000000
1692972386753168196 144.441009 0.000000
1692972386898088279 144.638109 0.000000
1692972386934602914 144.608183 0.000000
1692972387006769544 144.731465 0.000000
1692972387007051734 144.530388 0.000000
1692972387042400003 144.792977 0.000000
1692972387042709257 144.659757 0.000000
1692972387042777636 144.448036 0.000000
1692972387079601283 144.606453 0.000000
1692972387151650980 144.693886 0.000000
1692972387259966374 144.580626 0.000000
1692972387330621792 144.468778 0.000000
1692972387404740176 144.669982 0.000000
1692972387404788945 144.712921 0.000000
1692972387585722431 144.503710 0.000000
1692972387658861960 144.680144 0.000000
1692972387803019230 144.665982 0.000000
1692972387839048677 144.658003 0.000000
1692972387876042209 144.508962 0.000000
1692972387909427618 144.540760 0.000000
1692972388128687447 144.609820 0.000000
1692972388165313470 144.514333 0.000000
1692972388201354273 144.825461 0.000000
1692972388309959674 144.724556 0.000000
1692972388418413168 144.605590 0.000000
1692972388490820045 144.635384 0.000000
1692972388560912108 144.616410 0.000000
1692972388672611253 144.932510 0.000000
1692972388707643924 144.618520 0.000000
1692972388889947357 144.683546 0.000000
1692972388925167478 144.503337 0.000000
1692972388962349914 144.793171 0.000000
1692972389069877465 144.502445 0.000000
1692972389140179231 144.680644 0.000000
1692972389142367896 144.615808 0.000000
1692972389251783168 144.683712 0.000000
1692972389324098757 144.754440 0.000000
1692972389647484929 144.622925 0.000000
1692972389759165739 144.611187 0.000000
1692972389830868390 144.580651 0.000000
1692972389865297814 144.864580 0.000000
1692972389976408470 144.554587 0.000000
1692972390010873179 144.777630 0.000000
1692972390228052031 144.551182 0.000000
1692972390445151593 144.791726 0.000000
1692972390555845234 144.675952 0.000000
1692972390628400636 144.471738 0.000000
1692972390662913407 144.788633 0.000000
1692972390845275675 144.907791 0.000000
1692972390880218872 144.555171 0.000000
1692972390917547392 144.753546 0.000000
1692972391063136124 144.905594 0.000000
1692972391207924340 144.699710 0.000000
1692972391242448299 144.931038 0.000000
1692972391242609533 145.015499 0.000000
1692972391280039718 144.521897 0.000000
1692972391314867397 144.601453 0.000000
1692972391459813004 144.623624 0.000000
1692972391642460944 144.746048 0.000000
1692972391749507877 144.540375 0.000000
1692972391822153703 144.604164 0.000000
1692972391859346822 144.617384 0.000000
1692972391894619249 144.753291 0.000000
1692972391966979226 144.514311 0.000000
1692972392367378912 145.005104 0.000000
1692972392584279173 144.568078 0.000000
1692972392656854925 144.588576 0.000000
1692972392691701152 144.672081 0.000000
1692972392763898304 144.900115 0.000000
1692972392801585893 144.649714 0.000000
1692972393091075506 144.618820 0.000000
1692972393126100503 144.637449 0.000000
1692972393126293205 144.902415 0.000000
1692972393163875799 144.841894 0.000000
1692972393308676733 144.758385 0.000000
1692972393415230584 144.477047 0.000000
1692972393487411494 144.468792 0.000000
1692972393488267362 144.527583 0.000000
1692972393488474744 144.555684 0.000000
1692972393560730567 144.509978 0.000000
1692972393633130716 144.552231 0.000000
1692972393633226869 144.549860 0.000000
1692972393888416248 144.768775 0.000000
1692972393921861630 144.678194 0.000000
1692972393923190292 144.554467 0.000000
1692972394067016351 144.440847 0.000000
1692972394104897784 144.448297 0.000000
1692972394212037455 144.560860 0.000000
1692972394283940814 144.682545 0.000000
1692972394284246675 144.416603 0.000000
1692972394394219724 144.682919 0.000000
1692972394611887479 144.468050 0.000000
1692972394645772773 144.570468 0.000000
1692972394828981121 144.547368 0.000000
1692972394863374665 144.893397 0.000000
1692972394901457381 144.756324 0.000000
1692972395046401912 144.677682 0.000000
1692972395152834575 144.685389 0.000000
1692972395225919399 145.128573 0.000000
1692972395408430721 144.590584 0.000000
1692972395515224618 144.464080 0.000000
1692972395625552341 144.610019 0.000000
1692972395625901187 144.791314 0.000000
1692972395625981313 144.767619 0.000000
1692972395659786219 144.767304 0.000000
1692972395698598971 144.707480 0.000000
1692972395915468695 144.516280 0.000000
1692972395915928217 144.854546 0.000000
1692972395949142939 144.488902 0.000000
1692972396132816169 144.563139 0.000000
1692972396133180350 144.759294 0.000000
1692972396277806590 144.558894 0.000000
1692972396384765946 144.702828 0.000000
1692972396422477985 144.739399 0.000000
1692972396567782802 144.697175 0.000000
1692972396601102831 144.694900 0.000000
1692972396639934837 144.646547 0.000000
1692972396639941938 144.745727 0.000000
1692972396673631914 144.563740 0.000000
1692972396674568354 144.665938 0.000000
1692972396819344382 144.579382 0.000000
1692972396963122742 144.622079 0.000000
1692972397074318474 144.595979 0.000000
1692972397181360035 144.481011 0.000000
1692972397292125854 145.003506 0.000000
1692972397398931312 144.664688 0.000000
1692972397436450031 144.801872 0.000000
1692972397469956214 144.593413 0.000000
1692972397542451817 144.533483 0.000000
1692972397614865075 144.659386 0.000000
1692972397799231349 144.672807 0.000000
1692972397831950553 144.598419 0.000000
1692972397905528751 144.471435 0.000000
1692972398016502377 144.674415 0.000000
1692972398161209538 144.690623 0.000000
1692972398306460207 144.611875 0.000000
1692972398378371748 144.638698 0.000000
1692972398523205158 144.654043 0.000000
1692972398556641558 144.816340 0.000000
1692972398557116150 144.666677 0.000000
1692972398701320734 144.663234 0.000000
1692972398701976893 145.233824 0.000000
1692972398702004191 145.149027 0.000000
1692972398992224195 145.078333 0.000000
1692972399031505439 144.695043 0.000000
1692972399103141148 144.584686 0.000000
1692972399136132329 144.748376 0.000000
1692972399136192900 144.726801 0.000000
1692972399175660045 144.628302 0.000000
1692972399281965130 144.793210 0.000000
1692972399319807425 144.676294 0.000000
1692972399320199004 144.536825 0.000000
1692972399464425904 144.603149 0.000000
1692972399498075428 144.601805 0.000000
1692972399498868922 144.564829 0.000000
1692972399827321271 144.593692 0.000000
1692972399898709375 144.598714 0.000000
1692972400117632770 145.411837 0.000000
1692972400262071254 144.589340 0.000000
1692972400550324325 144.598492 0.000000
1692972400624272210 144.573956 0.000000
1692972400656975506 144.770260 0.000000
1692972400767569685 144.658135 0.000000
1692972401019262768 144.715088 0.000000
1692972401129625800 144.674672 0.000000
1692972401131333311 144.652394 0.000000
1692972401203257624 144.646927 0.000000
1692972401453842918 144.659999 0.000000
1692972401491574311 144.639977 0.000000
1692972401491664390 144.632300 0.000000
1692972401565426564 144.579060 0.000000
1692972401710007769 144.622501 0.000000
1692972401927162853 144.627093 0.000000
1692972401960715839 144.564412 0.000000
1692972401960881694 144.574154 0.000000
1692972402071009146 144.527695 0.000000
1692972402071635300 144.510927 0.000000
1692972402215938133 144.704391 0.000000
1692972402250940079 144.476255 0.000000
1692972402322694623 144.457692 0.000000
1692972402322738951 144.681582 0.000000
1692972402361865325 144.533839 0.000000
1692972402505806783 144.891892 0.000000
1692972403047231755 144.561242 0.000000
1692972403085435985 144.718337 0.000000
1692972403191994661 144.850514 0.000000
1692972403375769709 144.767321 0.000000
1692972403409729062 144.890126 0.000000
1692972403448261496 144.779003 0.000000
1692972403554722524 144.899002 0.000000
1692972403593249033 144.750702 0.000000
1692972403627129188 144.845067 0.000000
1692972403699615872 144.554330 0.000000
1692972403737449482 144.662588 0.000000
1692972403810280712 144.630878 0.000000
1692972404172141484 144.672013 0.000000
1692972404172886214 144.548757 0.000000
1692972404172923285 144.532564 0.000000
1692972404206551374 144.566609 0.000000
1692972404244726277 144.586081 0.000000
1692972404279262656 144.560996 0.000000
1692972404389532274 144.532778 0.000000
1692972404424520259 144.714347 0.000000
1692972404534311985 144.417919 0.000000
1692972404858729564 144.452669 0.000000
1692972404968927718 144.577935 0.000000
1692972405002422679 144.669252 0.000000
1692972405185888470 144.588384 0.000000
1692972405220279201 144.724886 0.000000
1692972405330820717 144.524209 0.000000
1692972405330897070 144.571389 0.000000
1692972405365514847 144.689889 0.000000
1692972405548180296 144.623685 0.000000
1692972405693374631 144.521697 0.000000
1692972405838350154 144.791051 0.000000
1692972405944553212 144.691968 0.000000
1692972406017148974 144.984603 0.000000
1692972406128424131 144.624861 0.000000
1692972406200976720 144.704683 0.000000
1692972406234611580 144.832595 0.000000
1692972406234654595 144.855628 0.000000
1692972406345436609 144.762863 0.000000
1692972406345883859 144.672944 0.000000
1692972406452314234 144.585596 0.000000
1692972406490266076 144.746720 0.000000
1692972406707647524 144.547563 0.000000
1692972406958998939 144.620087 0.000000
1692972407249074084 144.619047 0.000000
1692972407249126361 144.646461 0.000000
1692972407249421667 144.529419 0.000000
1692972407287108604 144.485922 0.000000
1692972407393164965 144.611896 0.000000
1692972407394101811 144.665315 0.000000
1692972407538556216 144.499981 0.000000
1692972407721746922 144.651921 0.000000
1692972407755823276 145.029921 0.000000
1692972407794009960 144.601712 0.000000
1692972407866174489 144.732813 0.000000
1692972407900833416 144.998883 0.000000
1692972408011856045 144.596842 0.000000
1692972408011956980 144.629081 0.000000
1692972408084407423 144.800865 0.000000
1692972408156566750 144.691500 0.000000
1692972408263949316 144.922131 0.000000
1692972408300638590 144.626713 0.000000
1692972408373391130 144.472877 0.000000
1692972408407883591 144.650895 0.000000
1692972408552979581 144.653361 0.000000
1692972408698516986 144.898761 0.000000
1692972408736043781 144.737341 0.000000
1692972408880055602 144.719756 0.000000
1692972408988182372 144.706966 0.000000
1692972409098023724 144.665193 0.000000
1692972409205373127 144.973404 0.000000
1692972409242442851 144.757195 0.000000
1692972409387503767 144.725974 0.000000
1692972409422877872 144.630503 0.000000
1692972409460257961 144.637520 0.000000
1692972409568398236 144.700875 0.000000
1692972409605267844 144.841352 0.000000
1692972409677544047 144.922426 0.000000
1692972409713175123 144.661640 0.000000
1692972409822428128 144.779719 0.000000
1692972409967352459 144.757522 0.000000
1692972410002646973 144.785843 0.000000
1692972410002700402 144.573039 0.000000
1692972410112242152 144.873702 0.000000
1692972410112561158 144.676734 0.000000
1692972410220098883 144.553718 0.000000
1692972410257490664 144.910105 0.000000
1692972410257529900 144.673060 0.000000
1692972410654176454 144.495192 0.000000
1692972410654889831 144.393471 0.000000
1692972410798948570 144.548691 0.000000
1692972411054580091 144.725045 0.000000
1692972411199556279 144.779612 0.000000
1692972411344015196 144.550870 0.000000
1692972411344535142 144.726103 0.000000
1692972411378141816 144.508337 0.000000
1692972411378402688 144.568772 0.000000
1692972411416864999 144.871905 0.000000
1692972411451567504 144.567058 0.000000
1692972411706362751 144.358560 0.000000
1692972411740613656 144.528755 0.000000
1692972411778215063 144.668211 0.000000
1692972411778402870 144.591039 0.000000
1692972411850903812 144.521053 0.000000
1692972411995469704 144.562663 0.000000
1692972411995572909 144.647247 0.000000
1692972412101958115 144.554658 0.000000
1692972412247535869 144.578862 0.000000
1692972412247592180 144.574392 0.000000
1692972412285280130 144.804934 0.000000
1692972412536688186 144.519111 0.000000
1692972412574880366 144.708410 0.000000
1692972412609280622 144.583184 0.000000
1692972412754131243 144.834252 0.000000
1692972412754222665 144.719381 0.000000
1692972412865813940 144.530442 0.000000
1692972413010118418 144.560422 0.000000
1692972413299950105 144.925179 0.000000
1692972413334382862 144.791502 0.000000
1692972413372465237 145.077638 0.000000
1692972413406339140 144.574674 0.000000
1692972413406897873 144.577511 0.000000
1692972413479459992 144.568364 0.000000
1692972413589404141 144.592240 0.000000
1692972413589610586 144.559654 0.000000
1692972413623997190 144.523380 0.000000
1692972413734425372 144.568584 0.000000
1692972413768541287 144.614126 0.000000
1692972413879518094 144.697104 0.000000
1692972413913434977 144.783910 0.000000
1692972413951895481 144.768585 0.000000
1692972414058040081 144.636457 0.000000
1692972414096467472 144.572237 0.000000
1692972414459179207 144.687064 0.000000
1692972414637851231 144.648439 0.000000
1692972414748831025 144.541987 0.000000
1692972414855671547 144.598433 0.000000
1692972415110404645 144.585468 0.000000
1692972415145449157 144.664526 0.000000
1692972415217365721 144.659950 0.000000
1692972415217457960 144.696169 0.000000
1692972415217459313 144.737485 0.000000
1692972415255765698 144.780479 0.000000
1692972415255770885 144.638701 0.000000
1692972415473646658 144.871462 0.000000
1692972415796855606 144.699397 0.000000
1692972415797498961 144.514021 0.000000
1692972415870166369 144.564568 0.000000
1692972415908178736 144.780019 0.000000
1692972415941971981 144.848047 0.000000
1692972416159394926 144.613612 0.000000
1692972416197901240 144.570030 0.000000
1692972416197909229 144.706673 0.000000
1692972416415654783 144.612068 0.000000
1692972416449845311 144.742546 0.000000
1692972416705063412 144.538006 0.000000
1692972416738923522 144.487448 0.000000
1692972416739536777 144.691808 0.000000
1692972416922909039 144.905860 0.000000
1692972416956409539 144.678918 0.000000
1692972417101742418 144.633971 0.000000
1692972417139449969 144.731374 0.000000
1692972417285096213 144.584604 0.000000
1692972417318365595 144.667616 0.000000
1692972417391072926 144.654469 0.000000
1692972417429252757 144.471513 0.000000
1692972417463499861 145.010948 0.000000
1692972417463713021 144.625115 0.000000
1692972417574543129 144.628149 0.000000
1692972417681169557 144.952102 0.000000
1692972417791859901 144.921937 0.000000
1692972418081473426 144.746439 0.000000
1692972418081964310 144.725219 0.000000
1692972418299431198 144.681204 0.000000
1692972418405216161 144.570956 0.000000
1692972418444200234 144.569112 0.000000
1692972418444273414 144.524202 0.000000
1692972418549832827 144.600028 0.000000
1692972418623473481 144.634343 0.000000
1692972418661440130 144.585825 0.000000
1692972418805807593 144.739808 0.000000
1692972418806407803 144.603892 0.000000
1692972418839420780 144.486700 0.000000
1692972419023138136 144.612372 0.000000
1692972419023225889 144.664914 0.000000
1692972419023656981 144.656208 0.000000
1692972419056311600 144.509547 0.000000
1692972419056800295 144.432749 0.000000
1692972419129476117 144.508910 0.000000
1692972419167963135 144.763977 0.000000
1692972419346297775 144.514990 0.000000
1692972419419080892 144.756311 0.000000
1692972419602741013 144.687646 0.000000
1692972419635413955 144.658688 0.000000
1692972419747495664 144.677252 0.000000
1692972419852528253 144.618620 0.000000
1692972419926264348 144.600248 0.000000
1692972420182345794 144.696806 0.000000
1692972420359466683 144.613332 0.000000
1692972420433044069 144.569736 0.000000
1692972420504457808 144.555278 0.000000
1692972420576520848 144.668580 0.000000
1692972420689680380 144.629956 0.000000
1692972420762060858 144.471698 0.000000
1692972420793612280 144.569353 0.000000
1692972420834257446 144.570824 0.000000
1692972420906784126 144.700610 0.000000
1692972420939676743 144.641468 0.000000
1692972420939934146 144.572251 0.000000
1692972421011330775 144.654577 0.000000
1692972421051448822 144.941084 0.000000
1692972421156766372 144.471417 0.000000
1692972421195917773 144.568056 0.000000
1692972421230143452 144.514867 0.000000
1692972421268787354 144.760889 0.000000
1692972421375082420 144.683384 0.000000
1692972421630663606 144.718436 0.000000
1692972421630881728 144.513775 0.000000
1692972421775379907 144.783742 0.000000
1692972421775666392 144.765029 0.000000
1692972421808395469 144.593274 0.000000
1692972421809513150 144.626327 0.000000
1692972422098302351 144.676312 0.000000
1692972422098309077 144.700959 0.000000
1692972422098551891 144.820362 0.000000
1692972422099007735 144.531356 0.000000
1692972422210683193 144.716054 0.000000
1692972422316480687 144.905018 0.000000
1692972422388066766 144.704562 0.000000
1692972422388138002 144.775813 0.000000
1692972422388161110 144.711298 0.000000
1692972422532841376 144.664800 0.000000
1692972422572784917 144.593943 0.000000
1692972422606344768 144.624135 0.000000
1692972422717576176 144.490244 0.000000
1692972422750013385 144.699595 0.000000
1692972422822485707 144.600952 0.000000
1692972422967120783 144.555817 0.000000
1692972423111813637 144.613144 0.000000
1692972423111846303 144.614267 0.000000
1692972423151648566 144.644427 0.000000
1692972423224893708 144.888704 0.000000
1692972423256997457 144.581884 0.000000
1692972423328847593 144.609234 0.000000
1692972423369819909 144.628826 0.000000
1692972423473469813 144.596004 0.000000
1692972423586736578 144.449524 0.000000
1692972423804182236 144.797146 0.000000
1692972423909300667 144.478406 0.000000
1692972424052846390 144.621701 0.000000
1692972424238731315 144.541076 0.000000
1692972424488149450 144.515050 0.000000
1692972424746148338 144.726036 0.000000
1692972424776834298 144.601862 0.000000
1692972424777837073 144.767241 0.000000
1692972424922439797 144.554392 0.000000
1692972424922721256 144.785444 0.000000
1692972425067809867 144.614340 0.000000
1692972425139100623 144.786595 0.000000
1692972425212389693 144.570804 0.000000
1692972425470797664 144.732404 0.000000
1692972425501562463 144.398428 0.000000
1692972425573648747 144.564649 0.000000
1692972425688631982 145.111064 0.000000
1692972425935992270 144.497680 0.000000
1692972425936921008 144.926756 0.000000
1692972425978074063 144.633064 0.000000
1692972426153882949 144.798282 0.000000
1692972426225493722 144.720230 0.000000
1692972426267294963 144.745118 0.000000
1692972426267510464 144.575063 0.000000
1692972426339388690 144.568247 0.000000
1692972426412309011 144.459069 0.000000
1692972426442639775 144.660622 0.000000
1692972426484205760 144.448413 0.000000
1692972426515977702 144.571539 0.000000
1692972426628913210 144.573399 0.000000
1692972426660000587 144.702404 0.000000
1692972426661197924 144.651751 0.000000
1692972426846242674 144.758780 0.000000
1692972426878232658 144.634561 0.000000
1692972427136554588 144.905179 0.000000
1692972427281311868 144.747828 0.000000
1692972427384824596 144.670349 0.000000
1692972427529852780 144.552780 0.000000
1692972427530214872 144.822306 0.000000
1692972427571055185 144.484146 0.000000
1692972427643903328 144.692544 0.000000
1692972427788704901 144.781300 0.000000
1692972427819091931 144.546430 0.000000
1692972427933529533 144.771664 0.000000
1692972428109751110 144.714685 0.000000
1692972428150851698 144.629583 0.000000
1692972428223326498 144.731099 0.000000
1692972428295223787 144.644331 0.000000
1692972428440521923 144.650076 0.000000
1692972428440684295 144.683048 0.000000
1692972428512254765 144.595368 0.000000
1692972428585299324 144.512029 0.000000
1692972428616519113 144.704652 0.000000
1692972428617245821 144.598741 0.000000
1692972428729328076 144.579305 0.000000
1692972428834451640 144.566556 0.000000
1692972428874125043 144.771718 0.000000
1692972428874439453 144.531902 0.000000
1692972428874610786 144.601823 0.000000
1692972428947231074 144.601613 0.000000
1692972428979119412 144.652551 0.000000
1692972429091952557 144.796980 0.000000
1692972429123822940 144.709414 0.000000
1692972429236722929 144.599462 0.000000
1692972429382053579 144.613775 0.000000
1692972429413668301 144.751650 0.000000
1692972429454180665 144.591833 0.000000
1692972429743850615 144.886303 0.000000
1692972429775400165 144.567071 0.000000
1692972429775757766 144.729529 0.000000
1692972429775779757 144.567858 0.000000
1692972429847849105 144.618125 0.000000
1692972430065154343 144.632177 0.000000
1692972430178453017 144.619136 0.000000
1692972430251288765 144.633751 0.000000
1692972430354788456 144.722441 0.000000
1692972430396057644 144.577348 0.000000
1692972430499716716 144.632308 0.000000
1692972430758567468 144.608978 0.000000
1692972431151080875 144.564083 0.000000
1692972431192885215 144.727752 0.000000
1692972431295616051 144.509350 0.000000
1692972431482661328 144.687815 0.000000
1692972431514337161 144.622693 0.000000
1692972431627983386 144.617206 0.000000
1692972431700677441 144.691053 0.000000
1692972431917699673 144.461615 0.000000
1692972431990301027 144.533757 0.000000
1692972432020953738 144.704102 0.000000
1692972432021245035 144.822505 0.000000
1692972432206869425 144.650237 0.000000
1692972432207536580 144.820241 0.000000
1692972432279844230 144.674885 0.000000
1692972432310071554 144.525248 0.000000
1692972432423978499 144.611553 0.000000
1692972432454982571 144.605806 0.000000
1692972432455883995 144.529767 0.000000
1692972432641966354 144.490229 0.000000
1692972432713899174 144.709024 0.000000
1692972432890397439 144.731792 0.000000
1692972432890423049 145.088621 0.000000
1692972433003486509 144.628286 0.000000
1692972433034889629 144.506765 0.000000
1692972433470202994 144.649159 0.000000
1692972433583424125 144.434785 0.000000
1692972433583639756 144.588813 0.000000
1692972433686551319 144.632590 0.000000
1692972433728405125 144.583361 0.000000
1692972433831426017 144.602992 0.000000
1692972433872765912 144.532266 0.000000
1692972433873098693 144.617487 0.000000
1692972433945609960 144.560337 0.000000
1692972434049009130 144.675655 0.000000
1692972434121297278 144.706916 0.000000
1692972434162624295 144.474892 0.000000
1692972434307221688 144.579637 0.000000
1692972434337617106 144.625082 0.000000
1692972434379960189 145.113025 0.000000
1692972434411162030 144.767393 0.000000
1692972434525033352 144.875293 0.000000
1692972434742193928 144.677298 0.000000
1692972434815079320 144.771006 0.000000
1692972434844496150 144.543558 0.000000
1692972434918107453 144.723546 0.000000
1692972435104179856 144.639555 0.000000
1692972435104640210 144.450445 0.000000
1692972435176453676 144.570419 0.000000
1692972435176733391 144.551561 0.000000
1692972435279800583 144.509092 0.000000
1692972435393397743 144.502918 0.000000
1692972435394117305 144.571742 0.000000
1692972435466454156 144.625447 0.000000
1692972435497634819 144.544374 0.000000
1692972435713690902 144.601752 0.000000
1692972435714677043 144.494368 0.000000
1692972435755453241 144.513647 0.000000
1692972435930979119 144.629387 0.000000
1692972435931636316 144.497846 0.000000
1692972436293526592 144.656950 0.000000
1692972436293618491 144.677231 0.000000
1692972436334833072 144.734986 0.000000
1692972436335287016 144.753639 0.000000
1692972436366031700 145.005499 0.000000
1692972436583504433 144.751088 0.000000
1692972436769582368 144.528286 0.000000
1692972436800487935 144.632919 0.000000
1692972436841611687 144.461842 0.000000
1692972436842268637 144.774644 0.000000
1692972437090467154 144.806743 0.000000
1692972437493519577 144.786474 0.000000
1692972437596963494 144.512403 0.000000
1692972437638245631 144.700796 0.000000
1692972437886867502 144.552450 0.000000
1692972437958966347 144.541677 0.000000
1692972438072973856 144.759562 0.000000
1692972438103990872 144.549762 0.000000
1692972438176243136 144.590513 0.000000
1692972438322600343 146.249031 0.000000
1692972438509925608 145.054737 0.000000
1692972438612621271 144.763064 0.000000
1692972438800637827 144.672423 0.000000
1692972438800683142 144.765505 0.000000
1692972438800716424 144.726119 0.000000
1692972438830051278 144.681865 0.000000
1692972438902369641 144.664320 0.000000
1692972438974811054 144.743108 0.000000
1692972439090428559 144.652326 0.000000
1692972439264687505 144.614127 0.000000
1692972439307706040 144.762227 0.000000
1692972439670146118 144.719286 0.000000
1692972439771073803 144.583843 0.000000
1692972439814777184 144.582629 0.000000
1692972439843611104 144.802640 0.000000
1692972439988223964 144.564282 0.000000
1692972440176919018 144.695351 0.000000
1692972440205172825 144.579692 0.000000
1692972440205839529 145.033225 0.000000
1692972440321768476 144.830078 0.000000
1692972440495692753 144.892237 0.000000
1692972440567665904 144.574399 0.000000
1692972440568029594 144.459713 0.000000
1692972440684620784 144.763252 0.000000
1692972441119071185 144.516810 0.000000
1692972441146328637 144.531895 0.000000
1692972441147113616 144.576999 0.000000
1692972441190580849 144.619138 0.000000
1692972441263596735 144.503323 0.000000
1692972441291716020 144.587765 0.000000
1692972441407714433 144.574714 0.000000
1692972441625656595 144.511316 0.000000
1692972441653774882 144.528357 0.000000
1692972441725736435 144.564451 0.000000
1692972441798494367 144.540094 0.000000
1692972441842551009 144.610286 0.000000
1692972441870858059 144.497665 0.000000
1692972442060011472 144.594090 0.000000
1692972442232894950 144.625181 0.000000
1692972442232994251 144.793923 0.000000
1692972442277197292 145.008766 0.000000
1692972442277788470 144.635188 0.000000
1692972442349502572 144.533633 0.000000
1692972442376591035 144.587178 0.000000
1692972442449447789 144.557474 0.000000
1692972442566889594 144.873864 0.000000
1692972442567402972 144.724396 0.000000
1692972442593978034 144.508569 0.000000
1692972442594684555 144.489014 0.000000
1692972442665946903 144.507600 0.000000
1692972442666868554 144.630664 0.000000
1692972442739095202 144.672365 0.000000
1692972442784331168 144.475012 0.000000
1692972442883062705 144.639439 0.000000
1692972442883347522 144.599471 0.000000
1692972442956552077 144.415553 0.000000
1692972443028981931 144.568513 0.000000
1692972443073678975 144.626714 0.000000
1692972443074028326 144.597646 0.000000
1692972443218812601 144.555613 0.000000
1692972443291108319 144.708658 0.000000
1692972443291430663 144.747324 0.000000
1692972443363739981 144.535030 0.000000
1692972443436136960 144.716777 0.000000
1692972443581282930 144.732268 0.000000
1692972443653806166 144.731226 0.000000
1692972443680668787 144.661454 0.000000
1692972443680754466 144.576933 0.000000
1692972443726214802 144.855224 0.000000
1692972443753333447 144.540498 0.000000
1692972443798632294 144.639058 0.000000
1692972444042015265 144.537862 0.000000
1692972444160820160 144.757957 0.000000
1692972444160846346 144.900137 0.000000
1692972444187492203 144.875174 0.000000
1692972444378014166 144.699857 0.000000
1692972444812309703 144.515619 0.000000
1692972444839494822 144.534168 0.000000
1692972444885791235 144.808270 0.000000
1692972445174173395 144.726999 0.000000
1692972445174266627 144.565891 0.000000
1692972445562574096 144.620739 0.000000
1692972445609270236 144.591149 0.000000
1692972445826804205 144.758031 0.000000
1692972445826851450 144.846492 0.000000
1692972445924960309 144.578430 0.000000
1692972446043185252 144.449109 0.000000
1692972446215009790 144.520469 0.000000
1692972446478228756 144.760552 0.000000
1692972446550944960 144.913933 0.000000
1692972446695484814 144.594394 0.000000
1692972446912790176 144.658229 0.000000
1692972446912800319 144.646612 0.000000
1692972447011432679 144.520073 0.000000
1692972447130331962 144.670572 0.000000
1692972447155512088 144.613888 0.000000
1692972447202522619 144.661630 0.000000
1692972447202621358 144.614551 0.000000
1692972447300978192 144.469594 0.000000
1692972447347352220 144.526767 0.000000
1692972447419803378 144.493125 0.000000
1692972447492496648 145.127609 0.000000
1692972447589941413 144.552953 0.000000
1692972447637354003 144.942143 0.000000
1692972447662739682 144.558206 0.000000
1692972447662859385 144.588962 0.000000
1692972447735179533 144.585503 0.000000
1692972447781961884 144.612717 0.000000
1692972447854565045 144.592645 0.000000
1692972447879974589 144.687390 0.000000
1692972447999644151 144.786682 0.000000
1692972448144287493 144.704670 0.000000
1692972448144376585 144.724171 0.000000
1692972448458643879 144.649788 0.000000
1692972448603844986 144.642415 0.000000
1692972448651423196 144.484869 0.000000
1692972448724260576 144.795697 0.000000
1692972448796815754 144.660683 0.000000
1692972448821816824 144.502315 0.000000
1692972448966118714 144.788831 0.000000
1692972449038069173 144.569546 0.000000
1692972449230417384 144.542533 0.000000
1692972449303367254 144.534746 0.000000
1692972449544686339 144.583924 0.000000
1692972449592515235 144.417000 0.000000
1692972449593326956 144.938267 0.000000
1692972449737858889 144.524656 0.000000
1692972449762350761 144.787979 0.000000
1692972449954193628 144.575379 0.000000
1692972449979837010 144.716372 0.000000
1692972450027219043 144.516662 0.000000
1692972450027419945 144.451085 0.000000
1692972450171796496 144.562078 0.000000
1692972450413007048 144.429374 0.000000
1692972450413372201 144.448754 0.000000
1692972450533391032 144.479280 0.000000
1692972450678518212 144.590288 0.000000
1692972450847900920 144.670298 0.000000
1692972450848199263 144.620092 0.000000
1692972450968279275 144.597907 0.000000
1692972451040438564 144.783391 0.000000
1692972451209290949 144.552699 0.000000
1692972451257676303 144.553426 0.000000
1692972451282545937 144.766031 0.000000
1692972451354647015 144.714561 0.000000
1692972451426469942 144.444784 0.000000
1692972451474921234 144.620913 0.000000
1692972451571875909 144.616002 0.000000
1692972451643586504 144.575362 0.000000
1692972451644022707 144.618272 0.000000
1692972451764323408 144.752769 0.000000
1692972451764398687 144.759861 0.000000
1692972451861107090 144.551882 0.000000
1692972451933759749 144.687051 0.000000
1692972451981600092 144.674603 0.000000
1692972451981716963 144.758433 0.000000
1692972452150355361 144.602500 0.000000
1692972452198938082 144.569092 0.000000
1692972452295180748 144.539739 0.000000
1692972452343815085 144.742911 0.000000
1692972452367722649 144.662108 0.000000
1692972452368353780 144.748519 0.000000
1692972452512556827 144.753340 0.000000
1692972452513035348 144.617790 0.000000
1692972452657721302 144.621814 0.000000
1692972452729818631 144.760421 0.000000
1692972452778827176 144.757164 0.000000
1692972452778965673 144.831506 0.000000
1692972452802096694 144.770244 0.000000
1692972452850879201 144.707569 0.000000
1692972453068016634 144.549952 0.000000
1692972453068113554 144.546624 0.000000
1692972453164752249 144.591779 0.000000
1692972453237303507 144.621232 0.000000
1692972453309323671 144.783735 0.000000
1692972453309368976 144.763161 0.000000
1692972453309443885 144.673959 0.000000
1692972453309723199 144.610307 0.000000
1692972453502885898 144.736082 0.000000
1692972453527339019 145.221407 0.000000
1692972453648048157 144.637745 0.000000
1692972453671571308 144.547779 0.000000
1692972453672406869 144.961543 0.000000
1692972453817371208 144.561539 0.000000
1692972453865514393 144.962911 0.000000
1692972454179574220 144.608672 0.000000
1692972454251403250 144.873643 0.000000
1692972454252057715 144.652599 0.000000
1692972454372420577 144.618076 0.000000
1692972454372553010 144.619558 0.000000
1692972454444709946 144.556722 0.000000
1692972454444810605 144.556576 0.000000
1692972454445008901 144.666016 0.000000
1692972454469016467 144.671463 0.000000
1692972454469052335 144.601005 0.000000
1692972454589646911 144.731964 0.000000
1692972454685808411 144.748520 0.000000
1692972454685939539 144.543015 0.000000
1692972454686382494 144.666439 0.000000
1692972454830573678 144.620872 0.000000
1692972454879353156 144.538609 0.000000
1692972454975340517 144.527028 0.000000
1692972455047711882 144.505728 0.000000
1692972455120450113 144.727508 0.000000
1692972455120509356 144.602788 0.000000
1692972455120533602 144.796027 0.000000
1692972455168935112 144.520066 0.000000
1692972455169030754 144.473217 0.000000
1692972455241410082 144.780160 0.000000
1692972455458768436 144.639282 0.000000
1692972455482632775 144.709486 0.000000
1692972455531062887 144.658267 0.000000
1692972455554193977 144.599526 0.000000
1692972455554269072 144.583388 0.000000
1692972455603548862 144.765014 0.000000
1692972455748484854 144.751603 0.000000
1692972455988794396 144.680062 0.000000
1692972456061421769 144.463384 0.000000
1692972456061625227 144.522381 0.000000
1692972456133401403 144.581929 0.000000
1692972456133899860 144.656648 0.000000
1692972456205985946 144.585236 0.000000
1692972456327646877 144.633553 0.000000
1692972456689954758 144.685208 0.000000
1692972456930401277 144.818574 0.000000
1692972456980000534 144.606825 0.000000
1692972456980078936 144.666299 0.000000
1692972457002458030 144.650618 0.000000
1692972457002586668 144.705040 0.000000
1692972457147201838 144.719467 0.000000
1692972457197401004 144.713935 0.000000
1692972457292475533 144.734282 0.000000
1692972457292943761 144.656587 0.000000
1692972457437776146 144.816733 0.000000
1692972457654217904 144.658365 0.000000
1692972457704313047 144.579667 0.000000
1692972457921608207 144.581427 0.000000
1692972457944128438 144.526403 0.000000
1692972457944675629 144.469753 0.000000
1692972458138582145 144.618492 0.000000
1692972458138671372 144.589580 0.000000
1692972458161172589 144.620226 0.000000
1692972458161746027 144.679043 0.000000
1692972458306112323 144.468133 0.000000
1692972458379202329 145.053220 0.000000
1692972458450739229 144.612218 0.000000
1692972458573173761 144.776910 0.000000
1692972458573236146 144.602224 0.000000
1692972458667816126 144.657488 0.000000
1692972458741001144 144.525571 0.000000
1692972458790398672 144.748941 0.000000
1692972458957861052 144.444198 0.000000
1692972459008193617 144.659483 0.000000
1692972459103085080 144.606994 0.000000
1692972459153006936 144.601712 0.000000
1692972459247891367 144.651883 0.000000
1692972459369961352 144.700177 0.000000
1692972459392368127 144.556730 0.000000
1692972459587857892 144.610728 0.000000
1692972459609562533 144.632499 0.000000
1692972459754534786 144.908384 0.000000
1692972459805040318 144.614206 0.000000
1692972459826701859 144.553379 0.000000
1692972459826993787 144.564280 0.000000
1692972459950030437 144.686654 0.000000
1692972459971516255 144.513356 0.000000
1692972460189321116 144.704615 0.000000
1692972460261669209 144.639625 0.000000
1692972460333342369 144.584923 0.000000
1692972460384487992 144.885976 0.000000
1692972460529683438 144.690678 0.000000
1692972460551100005 144.500377 0.000000
1692972460601625638 144.617227 0.000000
1692972460695632866 144.993090 0.000000
1692972460746975496 144.591831 0.000000
1692972460767818873 144.742612 0.000000
1692972460840295785 144.646130 0.000000
1692972460840378427 144.546869 0.000000
1692972460912739059 144.772925 0.000000
1692972461036710585 144.530957 0.000000
1692972461129453907 144.491360 0.000000
1692972461181510000 144.782335 0.000000
1692972461274310189 144.558159 0.000000
1692972461274959156 144.521785 0.000000
1692972461419551330 144.659009 0.000000
1692972461492504979 144.877586 0.000000
1692972461781618377 144.467203 0.000000
1692972462051199052 144.675331 0.000000
1692972462123871688 144.647767 0.000000
1692972462142691489 144.556686 0.000000
1692972462341289547 144.619186 0.000000
1692972462341377887 144.628813 0.000000
1692972462413142364 144.706293 0.000000
1692972462505202274 144.502304 0.000000
1692972462505391679 144.638716 0.000000
1692972462630737330 144.755267 0.000000
1692972462920434847 144.675130 0.000000
1692972462993052045 144.696375 0.000000
1692972463137952037 144.766281 0.000000
1692972463138217839 144.525051 0.000000
1692972463210573213 144.500058 0.000000
1692972463355392307 144.675892 0.000000
1692972463500501420 144.901806 0.000000
1692972463518854911 144.683940 0.000000
1692972463572619186 144.571775 0.000000
1692972463736251435 144.730804 0.000000
1692972463808437204 144.550064 0.000000
1692972463934899574 144.460045 0.000000
1692972463953257481 144.556485 0.000000
1692972464026347842 144.788423 0.000000
1692972464152052977 144.527802 0.000000
1692972464224625420 144.536426 0.000000
1692972464387390874 144.625854 0.000000
1692972464441701709 144.647821 0.000000
1692972464513446133 144.667601 0.000000
1692972464532727530 144.673149 0.000000
1692972464586402357 144.562968 0.000000
1692972464894775110 144.847815 0.000000
1692972464966760705 144.733615 0.000000
1692972465092875907 144.640228 0.000000
1692972465093228311 144.649218 0.000000
1692972465165583678 144.507359 0.000000
1692972465237852335 144.643208 0.000000
1692972465382790294 144.617630 0.000000
1692972465546286098 144.717691 0.000000
1692972465600163054 144.778890 0.000000
1692972465690843115 144.437819 0.000000
1692972465835477255 144.569440 0.000000
1692972465836233381 144.477544 0.000000
1692972465890395184 144.805355 0.000000
1692972465908772777 144.434908 0.000000
1692972465962615243 144.555671 0.000000
1692972465981127864 144.547100 0.000000
1692972466035074241 144.656364 0.000000
1692972466035123701 144.591498 0.000000
1692972466052734392 144.569773 0.000000
1692972466180003404 144.862252 0.000000
1692972466342232016 144.557590 0.000000
1692972466469199991 144.596745 0.000000
1692972466469750776 144.561378 0.000000
1692972466687599315 145.152370 0.000000
1692972466832402646 144.762931 0.000000
1692972466903969311 144.725118 0.000000
1692972466904815712 144.492834 0.000000
1692972467049659371 144.539091 0.000000
1692972467138169332 144.609920 0.000000
1692972467194392923 144.726165 0.000000
1692972467282988814 144.524512 0.000000
1692972467556026241 144.581991 0.000000
1692972467556362161 144.509282 0.000000
1692972467644616954 144.487615 0.000000
1692972467644867602 144.611699 0.000000
1692972467644950374 144.571585 0.000000
1692972467773813061 144.729197 0.000000
1692972467773849346 144.770653 0.000000
1692972467789446224 144.555639 0.000000
1692972467789943910 144.534410 0.000000
1692972467790194182 144.731819 0.000000
1692972467846539410 144.657150 0.000000
1692972467861643704 144.500475 0.000000
1692972467991479597 144.567596 0.000000
1692972468151782208 144.571129 0.000000
1692972468208927419 144.782566 0.000000
1692972468368415784 144.615838 0.000000
1692972468426402320 144.696580 0.000000
1692972468441034065 144.636197 0.000000
1692972468585977616 144.660417 0.000000
1692972468643755783 144.800598 0.000000
1692972468644156834 144.959638 0.000000
1692972468933904905 144.498861 0.000000
1692972469006103131 144.734233 0.000000
1692972469151530324 144.886647 0.000000
1692972469151567796 144.938979 0.000000
1692972469310330037 144.705601 0.000000
1692972469455041296 144.604892 0.000000
1692972469514104332 144.953887 0.000000
1692972469599660581 144.592046 0.000000
1692972469744567850 144.598678 0.000000
1692972469816562359 144.476214 0.000000
1692972469876370390 144.710602 0.000000
1692972470250221776 144.438243 0.000000
1692972470250260427 144.401922 0.000000
1692972470383356195 144.503365 0.000000
1692972470455219048 144.594929 0.000000
1692972470455468246 144.592824 0.000000
1692972470467829539 144.822747 0.000000
1692972470684941504 144.659323 0.000000
1692972470745306063 144.665543 0.000000
1692972470757196702 144.794271 0.000000
1692972470817335031 144.701741 0.000000
1692972470829861637 144.584694 0.000000
1692972470901958332 144.547257 0.000000
1692972470962355236 144.771011 0.000000
1692972471107054566 144.749918 0.000000
1692972471107095997 144.727405 0.000000
1692972471336737896 144.540782 0.000000
1692972471553679969 144.632971 0.000000
1692972471553713449 144.672643 0.000000
1692972471614195093 144.598872 0.000000
1692972471614453157 144.526253 0.000000
1692972471687613853 144.968871 0.000000
1692972471904398351 144.603201 0.000000
1692972471905066718 144.690339 0.000000
1692972471915356049 144.425454 0.000000
1692972471915448844 144.438222 0.000000
1692972472048788342 144.518475 0.000000
1692972472132445333 144.426891 0.000000
1692972472205268079 144.553155 0.000000
1692972472276892738 144.398090 0.000000
1692972472349347554 144.655547 0.000000
1692972472422475258 144.671229 0.000000
1692972472484000533 144.577456 0.000000
1692972472556394392 144.506682 0.000000
1692972472784307674 144.712926 0.000000
1692972472784459977 144.793789 0.000000
1692972472846501471 144.922903 0.000000
1692972472918856581 144.679728 0.000000
1692972472991016752 144.655572 0.000000
1692972473073934822 144.400995 0.000000
1692972473136347432 144.668548 0.000000
1692972473146410541 144.641705 0.000000
1692972473281470249 144.838056 0.000000
1692972473281499121 144.753600 0.000000
1692972473290176051 144.503288 0.000000
1692972473291256791 144.582908 0.000000
1692972473869321598 144.551530 0.000000
1692972474077819390 144.594775 0.000000
1692972474078208033 144.706605 0.000000
1692972474087509999 144.493592 0.000000
1692972474159287371 144.488608 0.000000
1692972474223198556 145.051631 0.000000
1692972474232256917 144.529438 0.000000
1692972474303771634 144.467971 0.000000
1692972474512935297 144.823184 0.000000
1692972474593113958 144.738960 0.000000
1692972474666462530 144.490137 0.000000
1692972474738664042 144.322257 0.000000
1692972474802441663 144.507387 0.000000
1692972475092551399 144.743765 0.000000
1692972475245250142 144.558801 0.000000
1692972475382426770 144.786559 0.000000
1692972475382590034 144.651340 0.000000
1692972475527307709 144.727918 0.000000
1692972475534545741 144.421171 0.000000
1692972475599532795 144.690276 0.000000
1692972475672281644 144.798904 0.000000
1692972475679512294 144.512739 0.000000
1692972475824513411 144.663553 0.000000
1692972476034260352 144.635473 0.000000
1692972476323780061 144.686577 0.000000
1692972476330927834 144.539560 0.000000
1692972476475427195 144.533055 0.000000
1692972476475861885 144.617812 0.000000
1692972476548058816 144.729220 0.000000
1692972476613737662 144.742261 0.000000
1692972476614187782 144.761651 0.000000
1692972476692851619 144.576195 0.000000
1692972476837527355 144.644631 0.000000
1692972476909916553 144.665091 0.000000
1692972476909946187 144.545925 0.000000
1692972477048985070 144.518511 0.000000
1692972477121322902 144.570351 0.000000
1692972477127096603 144.622358 0.000000
1692972477266081240 144.741258 0.000000
1692972477266172512 144.785886 0.000000
1692972477338450084 144.684225 0.000000
1692972477343981523 144.568962 0.000000
1692972477411010329 144.910541 0.000000
1692972477416214572 144.545623 0.000000
1692972477416675442 144.541173 0.000000
1692972477488980439 144.422257 0.000000
1692972477628598276 144.568973 0.000000
1692972477778380658 144.770145 0.000000
1692972477846230767 144.646913 0.000000
1692972478140078636 144.523189 0.000000
1692972478208589840 144.760989 0.000000
1692972478212647325 144.673265 0.000000
1692972478280935014 144.686259 0.000000
1692972478425977947 144.685422 0.000000
1692972478570956756 144.527581 0.000000
1692972478574649128 144.561120 0.000000
1692972478643482745 144.624044 0.000000
1692972478719223622 144.565183 0.000000
1692972478788256378 144.766772 0.000000
1692972478788331898 144.867115 0.000000
1692972478860430635 144.643420 0.000000
1692972478932964643 144.617645 0.000000
1692972479005410892 144.858440 0.000000
1692972479008281405 144.467812 0.000000
1692972479009154057 144.921170 0.000000
1692972479077839635 144.881468 0.000000
1692972479222220379 144.662669 0.000000
1692972479226090187 144.533028 0.000000
1692972479298012750 144.588136 0.000000
1692972479367566215 144.784752 0.000000
1692972479370090814 144.512036 0.000000
1692972479370876218 144.479273 0.000000
1692972479584960551 144.781871 0.000000
1692972479874600724 144.677389 0.000000
1692972479947261321 144.469785 0.000000
1692972480091844740 144.447809 0.000000
1692972480093903256 144.468708 0.000000
1692972480166160025 144.462513 0.000000
1692972480166912623 144.514424 0.000000
1692972480384214468 145.013964 0.000000
1692972480599180847 144.526255 0.000000
1692972480672018249 144.693448 0.000000
1692972480745169570 144.563032 0.000000
1692972480816430250 144.647934 0.000000
1692972480816715037 144.642572 0.000000
1692972480888330300 144.596675 0.000000
1692972480890702610 144.529268 0.000000
1692972480961233239 144.787203 0.000000
1692972480961972832 144.471419 0.000000
1692972481034142323 144.747751 0.000000
1692972481034631750 144.709432 0.000000
1692972481179522863 144.626919 0.000000
1692972481324602794 144.894802 0.000000
1692972481468495671 144.646512 0.000000
1692972481469100576 144.483048 0.000000
1692972481541568672 144.532685 0.000000
1692972481613466121 144.500566 0.000000
1692972481830278492 144.744478 0.000000
1692972481975770375 145.021401 0.000000
1692972481975892309 144.783037 0.000000
1692972481976274491 144.476069 0.000000
1692972482049549179 144.464807 0.000000
1692972482121611054 144.540313 0.000000
1692972482556144234 144.748331 0.000000
1692972482556151627 144.814610 0.000000
1692972482700802837 144.674921 0.000000
1692972482845069699 144.492116 0.000000
1692972482845493739 144.584936 0.000000
1692972482989946804 144.921047 0.000000
1692972482990922510 144.521233 0.000000
1692972483062112670 144.840074 0.000000
1692972483062149706 144.684317 0.000000
1692972483135531938 144.679290 0.000000
1692972483207492717 145.064915 0.000000
1692972483280561260 144.682957 0.000000
1692972483426091271 145.141113 0.000000
1692972483497856772 144.765640 0.000000
1692972483498104483 144.686933 0.000000
1692972483498369979 144.738061 0.000000
1692972483571092127 144.586960 0.000000
1692972483642531190 144.702187 0.000000
1692972483643386742 144.644618 0.000000
1692972483715070634 144.615056 0.000000
1692972483787760608 144.817656 0.000000
1692972483788042302 144.447592 0.000000
1692972484005343792 144.570051 0.000000
1692972484221849553 144.722094 0.000000
1692972484439382621 144.646989 0.000000
1692972484512405266 144.478683 0.000000
1692972484512650661 144.506858 0.000000
1692972484512936074 144.561504 0.000000
1692972484584318536 144.694955 0.000000
1692972484729262812 144.646018 0.000000
1692972484729826109 144.610324 0.000000
1692972484730044185 144.547888 0.000000
1692972484947076675 145.030079 0.000000
1692972485164805210 144.530512 0.000000
1692972485237044386 144.736195 0.000000
1692972485308849699 144.757846 0.000000
1692972485526782353 144.782573 0.000000
1692972485527156968 144.643360 0.000000
1692972485598903670 144.804474 0.000000
1692972485599575897 144.649995 0.000000
1692972485671353405 144.556247 0.000000
1692972485672143901 144.600485 0.000000
1692972485744053496 144.988125 0.000000
1692972485888246229 144.685688 0.000000
1692972485889204254 144.773086 0.000000
1692972486107364001 144.697807 0.000000
1692972486251856094 144.470678 0.000000
1692972486323751165 144.808593 0.000000
