1692972337197581250 176.689431 0.000000
1692972337464582084 176.712520 0.000000
1692972337551193951 176.688423 0.000000
1692972337641226515 176.638526 0.000000
1692972337727972645 176.672592 0.000000
1692972337848106836 176.560309 0.000000
1692972337906130269 176.464696 0.000000
1692972337906428780 176.476364 0.000000
1692972338158127725 176.640331 0.000000
1692972338171383889 176.564969 0.000000
1692972338290090548 176.638572 0.000000
1692972338334958887 176.694803 0.000000
1692972338525359150 176.709577 0.000000
1692972338688872624 176.692923 0.000000
1692972338790503408 176.583524 0.000000
1692972338966115430 176.559692 0.000000
1692972339131071960 176.872128 0.000000
1692972339144026796 176.633928 0.000000
1692972339661597922 176.745071 0.000000
1692972339762772885 176.524717 0.000000
1692972339851357963 176.677317 0.000000
1692972340103738564 176.592050 0.000000
1692972340192358681 176.568112 0.000000
1692972340735302611 176.519769 0.000000
1692972340735619094 176.536127 0.000000
1692972340912545546 176.650694 0.000000
1692972341000847320 176.747790 0.000000
1692972341089223947 176.563359 0.000000
1692972341165509854 176.711406 0.000000
1692972341354820811 176.705727 0.000000
1692972341442496573 176.615185 0.000000
1692972341619204581 176.649566 0.000000
1692972341619801232 176.607302 0.000000
1692972341884765406 176.572892 0.000000
1692972342049950316 176.566295 0.000000
1692972342150371442 176.457194 0.000000
1692972342238808980 176.504279 0.000000
1692972342315586538 176.724020 0.000000
1692972342315662476 177.025508 0.000000
1692972342326956512 176.590177 0.000000
1692972342414746944 176.509462 0.000000
1692972342415025498 176.678322 0.000000
1692972342680600718 176.953004 0.000000
1692972342757765132 176.607904 0.000000
1692972342769112508 176.767015 0.000000
1692972342945888679 176.593891 0.000000
1692972342976930019 176.630787 0.000000
1692972343034173042 176.573934 0.000000
1692972343122578149 176.481471 0.000000
1692972343122831550 176.657908 0.000000
1692972343376759107 176.649516 0.000000
1692972343465248882 176.707461 0.000000
1692972343652189725 176.551556 0.000000
1692972343730506449 176.640485 0.000000
1692972343730668381 176.753369 0.000000
1692972343829054959 176.560939 0.000000
1692972343829840210 176.570687 0.000000
1692972344172693315 176.576993 0.000000
1692972344183704174 176.620098 0.000000
1692972344349411579 176.690082 0.000000
1692972344448904378 176.568978 0.000000
1692972344802365728 176.480196 0.000000
1692972344879984411 176.519903 0.000000
1692972345066422970 176.492513 0.000000
1692972345067715274 176.894184 0.000000
1692972345331454990 176.710217 0.000000
1692972345420056486 176.595144 0.000000
1692972345421316509 176.507113 0.000000
1692972345764361439 176.974418 0.000000
1692972345941471144 176.775729 0.000000
1692972346128416661 176.670976 0.000000
1692972346206614269 176.731086 0.000000
1692972346206667007 176.714728 0.000000
1692972346206905594 176.863249 0.000000
1692972346248167902 176.487672 0.000000
1692972346295213190 176.657213 0.000000
1692972346383625232 176.707200 0.000000
1692972346393498255 176.658631 0.000000
1692972346472313586 176.890477 0.000000
1692972346746076823 176.743449 0.000000
1692972346747325830 176.568671 0.000000
1692972346825861677 176.724044 0.000000
1692972346914407711 176.773570 0.000000
1692972346922583792 176.504283 0.000000
1692972346923970610 176.638024 0.000000
1692972347002980150 176.702037 0.000000
1692972347277336788 176.662836 0.000000
1692972347364695580 176.534682 0.000000
1692972347365771178 176.549741 0.000000
1692972347444831631 176.515773 0.000000
1692972347629629174 176.579863 0.000000
1692972347630901451 176.540450 0.000000
1692972347798530868 176.680116 0.000000
1692972347984010779 176.496117 0.000000
1692972348240667733 176.544475 0.000000
1692972348370212217 176.580258 0.000000
1692972348417483720 176.642042 0.000000
1692972348417682103 176.620717 0.000000
1692972348602481400 176.563545 0.000000
1692972348771580514 176.475393 0.000000
1692972348859991292 176.578986 0.000000
1692972349221072230 176.695833 0.000000
1692972349309738791 176.525836 0.000000
1692972349574280873 176.536325 0.000000
1692972349574553223 176.619018 0.000000
1692972349574896493 176.471134 0.000000
1692972349744179697 176.683118 0.000000
1692972349751431471 176.568602 0.000000
1692972349751517516 176.583336 0.000000
1692972349840103740 176.628325 0.000000
1692972349921155162 176.548208 0.000000
1692972350281456303 176.542936 0.000000
1692972350452014229 176.707800 0.000000
1692972350546985629 176.447448 0.000000
1692972350635668286 176.496307 0.000000
1692972350723268920 176.560883 0.000000
1692972351248311050 176.561028 0.000000
1692972351253301701 176.539548 0.000000
1692972351425227787 176.476636 0.000000
1692972351430249777 176.514299 0.000000
1692972351607890367 176.614001 0.000000
1692972351783442226 176.439099 0.000000
1692972351783570776 176.447272 0.000000
1692972351867241670 176.687041 0.000000
1692972351871773621 176.557459 0.000000
1692972352137142963 176.712773 0.000000
1692972352226386727 176.435921 0.000000
1692972352226665001 176.632735 0.000000
1692972352402163907 176.694584 0.000000
1692972352403224104 176.518404 0.000000
1692972352486182183 176.600901 0.000000
1692972352486448750 176.796787 0.000000
1692972352578785642 176.533208 0.000000
1692972352579960997 176.517080 0.000000
1692972352755517708 176.500977 0.000000
1692972352791104021 176.621709 0.000000
1692972352932305344 176.567854 0.000000
1692972352932315478 176.652722 0.000000
1692972353021755730 176.674753 0.000000
1692972353056104697 176.576904 0.000000
1692972353375398364 176.798156 0.000000
1692972353375431181 176.738071 0.000000
1692972353409494024 176.513599 0.000000
1692972353586038865 176.525959 0.000000
1692972353640466115 176.581966 0.000000
1692972353728592513 176.427492 0.000000
1692972353904697998 176.712535 0.000000
1692972353989711913 176.553020 0.000000
1692972353993004680 176.621965 0.000000
1692972354078326040 176.695129 0.000000
1692972354166606098 176.711825 0.000000
1692972354254955447 176.585679 0.000000
1692972354258905383 176.461319 0.000000
1692972354697085276 176.629868 0.000000
1692972354785649535 176.662120 0.000000
1692972354873794550 176.611717 0.000000
1692972354876724401 176.586754 0.000000
1692972355051008328 176.759498 0.000000
1692972355141830785 176.475954 0.000000
1692972355141986338 176.423261 0.000000
1692972355493135824 176.677449 0.000000
1692972355583416904 176.539814 0.000000
1692972355583503406 176.583184 0.000000
1692972355795776341 176.548493 0.000000
1692972356111847594 176.597474 0.000000
1692972356113728113 176.449746 0.000000
1692972356289080453 176.589850 0.000000
1692972356379161224 176.548899 0.000000
1692972356467008382 176.603657 0.000000
1692972356553852317 176.498732 0.000000
1692972356555298970 176.622581 0.000000
1692972356730892626 176.503012 0.000000
1692972356732558806 176.479853 0.000000
1692972356732730135 176.462904 0.000000
1692972356820400066 176.576598 0.000000
1692972356996141192 176.591664 0.000000
1692972356997028816 176.612228 0.000000
1692972357174507062 176.717623 0.000000
1692972357262578837 176.547281 0.000000
1692972357262618475 176.435019 0.000000
1692972357615738781 176.583389 0.000000
1692972357791825412 176.681062 0.000000
1692972358145549492 176.638770 0.000000
1692972358146770363 176.737024 0.000000
1692972358146770589 176.669141 0.000000
1692972358234097649 176.672898 0.000000
1692972358411071800 176.689102 0.000000
1692972358587734840 176.694559 0.000000
1692972358589015426 176.603907 0.000000
1692972359031067664 176.775546 0.000000
1692972359207184371 176.764352 0.000000
1692972359384404144 176.453419 0.000000
1692972359385077309 176.692620 0.000000
1692972359421544047 176.719543 0.000000
1692972359472327884 176.559706 0.000000
1692972359561529382 176.502416 0.000000
1692972359738213101 176.740441 0.000000
1692972359827082335 176.511707 0.000000
1692972360003771597 176.601256 0.000000
1692972360356637755 176.719687 0.000000
1692972360445388977 176.808194 0.000000
1692972360445667010 176.609839 0.000000
1692972360482025048 176.587209 0.000000
1692972360621964528 176.566570 0.000000
1692972360747023235 176.614662 0.000000
1692972360975805153 176.601953 0.000000
1692972361063830371 176.519860 0.000000
1692972361064032582 176.682819 0.000000
1692972361064621916 176.578526 0.000000
1692972361152226231 176.648573 0.000000
1692972361240503204 176.631503 0.000000
1692972361329279797 176.580649 0.000000
1692972361329569197 176.506506 0.000000
1692972361329612794 176.797805 0.000000
1692972361505659893 176.639751 0.000000
1692972361505818392 176.464392 0.000000
1692972361506572761 176.918496 0.000000
1692972361593957479 176.594992 0.000000
1692972361682927994 176.934373 0.000000
1692972361858898340 176.535042 0.000000
1692972361859019572 176.514144 0.000000
1692972361860653402 176.466473 0.000000
1692972362124001872 176.606682 0.000000
1692972362124985981 176.581693 0.000000
1692972362125705443 176.520696 0.000000
1692972362391033013 176.670644 0.000000
1692972362427224977 176.715267 0.000000
1692972362656052123 176.612984 0.000000
1692972362692395336 176.663016 0.000000
1692972362744614961 176.567669 0.000000
1692972362832049049 176.507971 0.000000
1692972362921437613 176.475373 0.000000
1692972363008474707 176.764260 0.000000
1692972363008863033 176.651748 0.000000
1692972363096970075 176.724968 0.000000
1692972363097003778 176.658078 0.000000
1692972363098170539 176.654377 0.000000
1692972363311058986 176.585460 0.000000
1692972363362542934 176.925121 0.000000
1692972363450702915 176.720862 0.000000
1692972363539409995 176.884662 0.000000
1692972363539537222 176.908894 0.000000
1692972363539570499 176.963226 0.000000
1692972363540080508 176.495069 0.000000
1692972363628048026 176.684566 0.000000
1692972363716138008 176.667046 0.000000
1692972363804622920 176.604624 0.000000
1692972363841548159 176.619605 0.000000
1692972363981603632 176.718561 0.000000
1692972364158945812 176.599429 0.000000
1692972364247158679 176.562045 0.000000
1692972364247545310 176.580899 0.000000
1692972364549004743 176.594301 0.000000
1692972364600578914 176.608734 0.000000
1692972364600587825 176.666875 0.000000
1692972364601204794 176.587775 0.000000
1692972364689441300 176.630090 0.000000
1692972364777545058 176.782029 0.000000
1692972364778073815 176.507760 0.000000
1692972364865965012 176.559534 0.000000
1692972364866176525 176.576269 0.000000
1692972364990901339 176.531990 0.000000
1692972365131836902 176.723082 0.000000
1692972365308583834 176.857224 0.000000
1692972365432995656 176.550665 0.000000
1692972365485723511 176.471209 0.000000
1692972365485947714 176.486159 0.000000
1692972365574389261 176.564762 0.000000
1692972365609590663 176.578003 0.000000
1692972365751328536 176.731325 0.000000
1692972365839542227 176.559825 0.000000
1692972366017054993 176.854918 0.000000
1692972366105429502 176.710795 0.000000
1692972366193011232 176.677631 0.000000
1692972366193490339 176.652902 0.000000
1692972366370720507 176.868561 0.000000
1692972366458521419 176.775769 0.000000
1692972366458538238 176.668444 0.000000
1692972366635609736 176.611506 0.000000
1692972366989806077 176.466528 0.000000
1692972367344520783 177.078234 0.000000
1692972367431826948 176.503134 0.000000
1692972367432317402 176.761075 0.000000
1692972367521189839 176.581597 0.000000
1692972367608532579 176.688465 0.000000
1692972367608958517 176.633744 0.000000
1692972367696710086 176.596020 0.000000
1692972367697431398 176.612193 0.000000
1692972367697766188 176.474692 0.000000
1692972367874196146 176.686320 0.000000
1692972367874496832 176.527936 0.000000
1692972368050810292 176.647354 0.000000
1692972368051005337 176.803302 0.000000
1692972368051032094 176.813707 0.000000
1692972368051569903 176.525439 0.000000
1692972368139180977 176.868191 0.000000
1692972368227645671 176.828387 0.000000
1692972368847266104 176.784515 0.000000
1692972369024414123 176.637313 0.000000
1692972369111903123 176.593978 0.000000
1692972369200523427 176.585065 0.000000
1692972369201365600 176.736796 0.000000
1692972369288954129 176.629399 0.000000
1692972369377225269 176.504558 0.000000
1692972369378558437 176.680428 0.000000
1692972369466320104 176.499911 0.000000
1692972369587650600 176.554038 0.000000
1692972369996707968 176.579913 0.000000
1692972370084937760 176.682971 0.000000
1692972370173800754 176.636412 0.000000
1692972370261551800 176.632494 0.000000
1692972370261645789 176.693277 0.000000
1692972370439252230 176.691453 0.000000
1692972370526725237 176.646393 0.000000
1692972370615107479 176.665744 0.000000
1692972370704358325 176.483659 0.000000
1692972370881439908 177.072130 0.000000
1692972370913632507 176.549933 0.000000
1692972370969695019 177.086920 0.000000
1692972371058128198 176.653765 0.000000
1692972371146771646 176.655941 0.000000
1692972371234943545 176.531826 0.000000
1692972371267096551 176.552429 0.000000
1692972371322537863 176.703334 0.000000
1692972371411085458 176.447981 0.000000
1692972371411685923 176.661880 0.000000
1692972371443624178 176.509715 0.000000
1692972371499894553 176.469622 0.000000
1692972371588973300 176.517062 0.000000
1692972371676868655 176.440905 0.000000
1692972371941878669 176.582731 0.000000
1692972371942280636 176.545449 0.000000
1692972371942513900 176.642449 0.000000
1692972372206633920 176.557575 0.000000
1692972372207100459 176.704542 0.000000
1692972372295756778 176.484331 0.000000
1692972372384279803 176.560145 0.000000
1692972372471922547 176.482712 0.000000
1692972372472558745 176.419430 0.000000
1692972372561105345 176.786475 0.000000
1692972372561126083 176.830773 0.000000
1692972372649042903 176.503042 0.000000
1692972372736809738 176.550561 0.000000
1692972372736986024 176.531296 0.000000
1692972372826218943 176.554152 0.000000
1692972372913623181 176.623049 0.000000
1692972372914724728 176.600036 0.000000
1692972372946357936 176.566843 0.000000
1692972373002236501 176.567024 0.000000
1692972373178697385 176.593701 0.000000
1692972373532510841 176.512281 0.000000
1692972373621157652 176.717362 0.000000
1692972373621236352 176.619302 0.000000
1692972373798129174 176.846114 0.000000
1692972373885772175 176.573023 0.000000
1692972373887256856 176.785342 0.000000
1692972373887259748 176.706464 0.000000
1692972374062970655 176.465853 0.000000
1692972374272511301 176.688568 0.000000
1692972374329176050 176.700400 0.000000
1692972374594429817 176.842172 0.000000
1692972374681992725 176.698832 0.000000
1692972374682845026 176.485936 0.000000
1692972374859284298 176.430686 0.000000
1692972374891280155 176.683692 0.000000
1692972374947295591 176.604527 0.000000
1692972375036049514 176.528755 0.000000
1692972375124821261 176.440797 0.000000
1692972375300998819 176.863736 0.000000
1692972375389894912 176.437603 0.000000
1692972375477894891 176.523719 0.000000
1692972375832047274 176.572048 0.000000
1692972375832438276 176.846783 0.000000
1692972376096893748 176.538958 0.000000
1692972376185748146 176.415588 0.000000
1692972376217365519 176.495694 0.000000
1692972376539362701 176.987415 0.000000
1692972376539762803 176.598618 0.000000
1692972376716195090 176.632503 0.000000
1692972376893400594 176.418855 0.000000
1692972377158414253 176.974421 0.000000
1692972377335031680 176.695445 0.000000
1692972377336216181 176.690071 0.000000
1692972377424453133 176.636216 0.000000
1692972377511787932 176.561288 0.000000
1692972377808104834 176.587303 0.000000
1692972377865815281 176.460372 0.000000
1692972377954952416 176.454014 0.000000
1692972377984694957 176.573059 0.000000
1692972378131250366 177.033920 0.000000
1692972378131383336 176.683684 0.000000
1692972378131618424 176.513758 0.000000
1692972378219637350 177.109556 0.000000
1692972378485526841 176.736902 0.000000
1692972378573268716 176.655478 0.000000
1692972378750668483 176.678550 0.000000
1692972378750754318 176.542037 0.000000
1692972378780353079 176.553490 0.000000
1692972378838783073 176.676005 0.000000
1692972378839208640 176.894149 0.000000
1692972378927049215 176.738045 0.000000
1692972378927306595 176.618220 0.000000
1692972379104078096 176.729303 0.000000
1692972379104165985 176.542948 0.000000
1692972379192314747 176.572961 0.000000
1692972379193004500 176.517500 0.000000
1692972379281042037 176.660790 0.000000
1692972379369428381 176.634030 0.000000
1692972379458088340 176.649627 0.000000
1692972379634267132 176.569371 0.000000
1692972379723482033 176.632915 0.000000
1692972379899611640 176.597212 0.000000
1692972379900183167 176.431315 0.000000
1692972379988215132 176.595879 0.000000
1692972380106162778 176.559161 0.000000
1692972380253382512 176.595539 0.000000
1692972380253735860 176.595704 0.000000
1692972380371138229 176.600625 0.000000
1692972380695648496 176.619890 0.000000
1692972380783736122 176.482344 0.000000
1692972380784920262 176.710692 0.000000
1692972380784987058 176.747858 0.000000
1692972380812993392 176.729055 0.000000
1692972380872544038 176.560677 0.000000
1692972381049440315 176.593061 0.000000
1692972381049608543 176.631334 0.000000
1692972381225774080 176.712752 0.000000
1692972381226240998 176.683379 0.000000
1692972381314638264 176.553405 0.000000
1692972381845687583 176.724414 0.000000
1692972381933877401 176.592197 0.000000
1692972382110366980 176.479105 0.000000
1692972382287817754 176.757254 0.000000
1692972382288040292 176.807949 0.000000
1692972382640802481 176.558092 0.000000
1692972382641625244 176.499631 0.000000
1692972382729963730 176.687699 0.000000
1692972382817679255 176.693572 0.000000
1692972382817774823 176.543126 0.000000
1692972382905968477 176.658210 0.000000
1692972382906476025 176.504242 0.000000
1692972383259617086 176.650839 0.000000
1692972383348555659 176.759416 0.000000
1692972383525427042 176.911907 0.000000
1692972383525744767 176.504949 0.000000
1692972383553923214 176.542897 0.000000
1692972383791389719 176.852649 0.000000
1692972383968202796 176.796753 0.000000
1692972384144183038 176.664291 0.000000
1692972384321332093 176.435231 0.000000
1692972384410308698 176.497426 0.000000
1692972384410612676 176.681009 0.000000
1692972384497895719 176.631855 0.000000
1692972384587162495 176.604546 0.000000
1692972384675298506 176.547524 0.000000
1692972384764164067 176.643227 0.000000
1692972384764180430 176.695790 0.000000
1692972384852002296 176.794654 0.000000
1692972385029644322 176.593576 0.000000
1692972385057013732 176.603939 0.000000
1692972385206438075 176.501386 0.000000
1692972385294262518 176.676650 0.000000
1692972385471381839 176.610059 0.000000
1692972385648258826 176.605389 0.000000
1692972385913103569 176.651861 0.000000
1692972386178417130 176.614405 0.000000
1692972386355934572 176.793198 0.000000
1692972386356005432 176.826275 0.000000
1692972386443742088 176.565599 0.000000
1692972386532775381 176.650581 0.000000
1692972386533020462 176.839035 0.000000
1692972386620685637 176.801016 0.000000
1692972386620777150 176.643183 0.000000
1692972386648463521 176.686369 0.000000
1692972386886629637 176.688995 0.000000
1692972386975186435 176.697315 0.000000
1692972387151131398 176.641240 0.000000
1692972387151745384 176.496008 0.000000
1692972387239741004 176.685898 0.000000
1692972387240297181 176.706968 0.000000
1692972387328757454 177.022725 0.000000
1692972387417217331 176.580233 0.000000
1692972387504772780 176.669877 0.000000
1692972387681441795 176.643927 0.000000
1692972387682537295 177.093395 0.000000
1692972387771439714 176.565238 0.000000
1692972387974391664 176.516680 0.000000
1692972388035186849 176.651939 0.000000
1692972388213235002 176.463358 0.000000
1692972388301516409 176.779178 0.000000
1692972388743197816 176.464313 0.000000
1692972388743746636 176.504993 0.000000
1692972388830790619 176.483789 0.000000
1692972388832025088 176.443735 0.000000
1692972388832233579 176.486871 0.000000
1692972388919294055 176.769572 0.000000
1692972389184194491 176.420619 0.000000
1692972389273893750 176.536253 0.000000
1692972389537787090 176.377091 0.000000
1692972389538351604 176.406454 0.000000
1692972389714469161 176.679180 0.000000
1692972389715555022 176.585051 0.000000
1692972389802500955 176.538680 0.000000
1692972389892284178 176.559344 0.000000
1692972389979792250 176.454249 0.000000
1692972389980306344 176.519185 0.000000
1692972390157253609 176.637728 0.000000
1692972390245635902 176.532459 0.000000
1692972390332795611 176.519196 0.000000
1692972390333114333 176.560494 0.000000
1692972390334149379 176.626792 0.000000
1692972390421322381 176.546094 0.000000
1692972390422264286 176.541844 0.000000
1692972390598074427 176.637099 0.000000
1692972390687552298 176.644408 0.000000
1692972390774936735 176.598425 0.000000
1692972390776059071 176.798051 0.000000
1692972390776078286 176.629963 0.000000
1692972390890905381 176.512870 0.000000
1692972391041050750 176.637952 0.000000
1692972391305380243 176.516730 0.000000
1692972391306048938 176.537443 0.000000
1692972391394000159 176.703901 0.000000
1692972391482431073 176.654816 0.000000
1692972391482628468 176.592101 0.000000
1692972391924591610 176.766226 0.000000
1692972391924668795 176.791705 0.000000
1692972392102205335 176.722242 0.000000
1692972392278874891 176.571979 0.000000
1692972392279300960 176.756945 0.000000
1692972392570620661 176.484604 0.000000
1692972392633459908 176.716886 0.000000
1692972392810036868 176.591259 0.000000
1692972392986165728 176.725100 0.000000
1692972393012460758 176.533934 0.000000
1692972393075446891 176.566859 0.000000
1692972393162998440 176.761311 0.000000
1692972393163348005 176.496208 0.000000
1692972393251383909 176.578229 0.000000
1692972393252242824 176.771242 0.000000
1692972393605128401 176.866014 0.000000
1692972393782014532 176.692329 0.000000
1692972393782301897 176.554768 0.000000
1692972393782525148 176.689252 0.000000
1692972393782579199 176.603667 0.000000
1692972393959220063 176.722710 0.000000
1692972393959442220 176.664675 0.000000
1692972394225001499 176.823034 0.000000
1692972394225137050 176.777202 0.000000
1692972394401032968 176.627544 0.000000
1692972394401123489 176.624211 0.000000
1692972394401760945 176.611956 0.000000
1692972394401793190 176.666179 0.000000
1692972394577868341 176.666589 0.000000
1692972394578576251 176.525921 0.000000
1692972394843085575 176.719642 0.000000
1692972394843178081 176.613855 0.000000
1692972394844106661 176.882111 0.000000
1692972394932083770 176.785821 0.000000
1692972395108595916 176.494600 0.000000
1692972395134779950 176.734554 0.000000
1692972395286052733 176.656476 0.000000
1692972395462828446 176.690188 0.000000
1692972395551374114 176.492979 0.000000
1692972395639292393 176.738442 0.000000
1692972395905491615 176.652848 0.000000
1692972395993120530 176.530036 0.000000
1692972395993865888 176.609942 0.000000
1692972395994019611 176.742105 0.000000
1692972396435429460 176.756965 0.000000
1692972396524474830 176.791160 0.000000
1692972396611917357 176.549355 0.000000
1692972396788477128 176.524207 0.000000
1692972396789124512 176.515357 0.000000
1692972397231882920 176.691221 0.000000
1692972397319283857 176.527365 0.000000
1692972397320155800 176.668724 0.000000
1692972397584442013 176.711980 0.000000
1692972397584636657 176.688229 0.000000
1692972397586190028 176.687243 0.000000
1692972397673016733 176.705803 0.000000
1692972397762583801 176.577602 0.000000
1692972397849622665 176.614372 0.000000
1692972397849635139 176.609832 0.000000
1692972397850215237 176.490734 0.000000
1692972397939113882 176.514900 0.000000
1692972398026967841 176.598716 0.000000
1692972398380623772 176.884552 0.000000
1692972398380774789 176.884648 0.000000
1692972398405624139 176.571157 0.000000
1692972398470141358 176.434097 0.000000
1692972398646563542 176.409318 0.000000
1692972398734612706 176.613612 0.000000
1692972398911446313 176.664828 0.000000
1692972399087645425 176.594203 0.000000
1692972399088412979 176.708866 0.000000
1692972399176865760 176.562888 0.000000
1692972399176892352 176.614853 0.000000
1692972399352893034 176.701270 0.000000
1692972399441777812 176.515657 0.000000
1692972399619158601 176.653604 0.000000
1692972399707368871 176.593058 0.000000
1692972399795877623 176.682171 0.000000
1692972399883736935 176.705996 0.000000
1692972400148762563 176.661042 0.000000
1692972400149052870 176.606957 0.000000
1692972400237689166 176.690054 0.000000
1692972400238179855 176.602370 0.000000
1692972400326551204 176.504221 0.000000
1692972400591508513 176.631002 0.000000
1692972400679468016 176.486428 0.000000
1692972400679553195 176.589389 0.000000
1692972400679934018 176.535606 0.000000
1692972400680037845 176.553751 0.000000
1692972400944426233 176.634279 0.000000
1692972401032918172 176.660214 0.000000
1692972401209659055 176.599293 0.000000
1692972401210447529 176.561475 0.000000
1692972401740085769 176.617180 0.000000
1692972401741038515 176.692930 0.000000
1692972401829550510 176.530688 0.000000
1692972402005745174 176.533374 0.000000
1692972402624419471 176.614489 0.000000
1692972402712791133 176.563333 0.000000
1692972402802005622 176.634027 0.000000
1692972402913080545 176.459602 0.000000
1692972403332235714 176.649086 0.000000
1692972403332539327 176.493851 0.000000
1692972403332898835 176.608118 0.000000
1692972403509058679 176.667682 0.000000
1692972403596573023 176.577763 0.000000
1692972403597016451 176.475766 0.000000
1692972403774744190 176.604279 0.000000
1692972403863104305 176.841362 0.000000
1692972404127255009 176.440743 0.000000
1692972404127546578 176.454200 0.000000
1692972404128177504 176.577455 0.000000
1692972404657667325 176.579070 0.000000
1692972404922771068 176.577867 0.000000
1692972404923721098 176.688110 0.000000
1692972405011340127 176.608639 0.000000
1692972405011802199 176.612193 0.000000
1692972405188932752 176.639838 0.000000
1692972405365765670 176.584639 0.000000
1692972405476330269 176.584409 0.000000
1692972405541754661 176.736324 0.000000
1692972405541796117 176.621977 0.000000
1692972405541852369 176.690111 0.000000
1692972405719328551 176.572525 0.000000
1692972405807281612 176.613974 0.000000
1692972405896038277 176.559697 0.000000
1692972405918126049 176.474586 0.000000
1692972406161625254 176.635062 0.000000
1692972406337827859 176.683094 0.000000
1692972406338251175 176.561607 0.000000
1692972406514564467 176.721208 0.000000
1692972406514820895 176.487147 0.000000
1692972406603169541 176.802622 0.000000
1692972406869002529 176.708287 0.000000
1692972407045797719 176.630882 0.000000
1692972407222570753 176.756932 0.000000
1692972407222823296 176.775651 0.000000
1692972407222973236 176.819472 0.000000
1692972407310894553 176.740453 0.000000
1692972407399365838 176.758635 0.000000
1692972407420741729 176.709215 0.000000
1692972407488053828 176.741406 0.000000
1692972407575781905 176.635269 0.000000
1692972407929381287 176.597510 0.000000
1692972407929692340 176.526042 0.000000
1692972407929739061 176.554517 0.000000
1692972407929824717 176.492388 0.000000
1692972408194689078 176.639894 0.000000
1692972408282873322 176.605483 0.000000
1692972408283141497 176.544916 0.000000
1692972408283680108 176.746660 0.000000
1692972408637081288 176.741226 0.000000
1692972408637269668 176.744378 0.000000
1692972408990786097 176.471095 0.000000
1692972409255527519 176.779652 0.000000
1692972409255734552 176.503395 0.000000
1692972409345306147 176.439732 0.000000
1692972409433680781 176.551408 0.000000
1692972409610179331 176.476724 0.000000
1692972409698660498 176.525052 0.000000
1692972409786408829 176.660818 0.000000
1692972410051598334 176.701015 0.000000
1692972410052111611 176.728654 0.000000
1692972410229081896 176.795537 0.000000
1692972410229142572 176.836022 0.000000
1692972410249237240 176.629260 0.000000
1692972410405114995 176.605439 0.000000
1692972410405427634 176.584611 0.000000
1692972410494620544 176.768850 0.000000
1692972410582805880 176.538748 0.000000
1692972410602565846 176.592161 0.000000
1692972410670801078 176.563346 0.000000
1692972410847029448 176.640084 0.000000
1692972410848185282 176.519944 0.000000
1692972410935595151 176.525884 0.000000
1692972411113299759 176.520463 0.000000
1692972411289436210 176.556751 0.000000
1692972411290066592 176.570223 0.000000
1692972411290153507 176.611564 0.000000
1692972411378411074 176.728582 0.000000
1692972411378471154 176.576272 0.000000
1692972411555191712 176.730717 0.000000
1692972411555449959 176.759539 0.000000
1692972411908475637 176.661069 0.000000
1692972411908902427 176.520552 0.000000
1692972411996923387 176.480588 0.000000
1692972412084716429 176.604830 0.000000
1692972412261942561 176.479326 0.000000
1692972412262845992 176.839731 0.000000
1692972412438174575 176.605971 0.000000
1692972412438507777 176.559122 0.000000
1692972412439556892 176.451968 0.000000
1692972412527686494 176.491584 0.000000
1692972412880450542 176.731378 0.000000
1692972412969074621 176.736961 0.000000
1692972413322844520 176.677674 0.000000
1692972413323367213 176.477722 0.000000
1692972413411061317 176.586762 0.000000
1692972413500287988 176.583259 0.000000
1692972413764735743 176.643709 0.000000
1692972413764742484 176.612963 0.000000
1692972413853144062 176.481461 0.000000
1692972413853757943 176.518838 0.000000
1692972413960979817 176.595126 0.000000
1692972414295368208 176.653026 0.000000
1692972414383531584 176.606394 0.000000
1692972414384456064 176.839491 0.000000
1692972414560838199 176.614962 0.000000
1692972414825839392 176.776003 0.000000
1692972414914498508 176.519350 0.000000
1692972415090952614 176.731587 0.000000
1692972415091618811 176.567475 0.000000
1692972415179439486 176.602393 0.000000
1692972415267916620 176.488458 0.000000
1692972415268498727 176.993876 0.000000
1692972415799637658 176.922329 0.000000
1692972415976707411 177.170583 0.000000
1692972415976707391 177.122767 0.000000
1692972416065436296 176.811786 0.000000
1692972416153303833 176.581301 0.000000
1692972416153394734 176.626667 0.000000
1692972416242426359 176.864922 0.000000
1692972416329909389 176.581847 0.000000
1692972416418416341 176.491792 0.000000
1692972416419471766 176.623018 0.000000
1692972416595193823 176.709564 0.000000
1692972416595222961 176.481919 0.000000
1692972416596377192 176.778580 0.000000
1692972416773004835 176.568586 0.000000
1692972416861375229 176.570570 0.000000
1692972416947742513 176.526562 0.000000
1692972417037002579 176.531247 0.000000
1692972417037847108 176.487099 0.000000
1692972417038149683 176.437238 0.000000
1692972417215104700 176.501003 0.000000
1692972417302274913 176.715263 0.000000
1692972417391421348 176.511603 0.000000
1692972417479562736 176.511078 0.000000
1692972417568218507 176.485924 0.000000
1692972417673862818 176.529845 0.000000
1692972417745313460 176.705100 0.000000
1692972418098875315 176.685316 0.000000
1692972418185502666 176.586389 0.000000
1692972418275158747 176.707490 0.000000
1692972418275653911 176.725061 0.000000
1692972418452350020 176.520675 0.000000
1692972418540780033 176.616207 0.000000
1692972418628596566 176.601864 0.000000
1692972418628642723 176.718541 0.000000
1692972418629366019 176.593474 0.000000
1692972418734399323 176.637823 0.000000
1692972418911011305 176.586523 0.000000
1692972419071089136 176.570063 0.000000
1692972419336112271 176.550811 0.000000
1692972419336348406 176.738458 0.000000
1692972419336821209 176.856919 0.000000
1692972419513405758 176.738092 0.000000
1692972419618193772 176.647496 0.000000
1692972419867265405 176.608901 0.000000
1692972419955046699 176.568617 0.000000
1692972419955724238 176.727768 0.000000
1692972419955754694 176.525246 0.000000
1692972420044196932 176.909100 0.000000
1692972420044250527 176.885695 0.000000
1692972420131758893 176.643062 0.000000
1692972420574014029 176.763777 0.000000
1692972420751087659 176.565706 0.000000
1692972421016761869 176.833243 0.000000
1692972421032634114 176.637176 0.000000
1692972421193003590 176.638852 0.000000
1692972421193289040 176.540107 0.000000
1692972421194092488 176.732650 0.000000
1692972421297657787 176.605369 0.000000
1692972421369613936 176.585863 0.000000
1692972421459259931 176.558454 0.000000
1692972421635247123 176.742076 0.000000
1692972421723669942 176.719294 0.000000
1692972421989056751 176.962641 0.000000
1692972421989147433 176.851102 0.000000
1692972421990024367 176.601380 0.000000
1692972422077271794 176.730136 0.000000
1692972422165617331 176.536454 0.000000
1692972422166854400 176.616866 0.000000
1692972422254402823 176.643157 0.000000
1692972422343514491 176.642571 0.000000
1692972422520740402 176.708625 0.000000
1692972422785477649 176.517725 0.000000
1692972423139402759 176.839120 0.000000
1692972423139671390 176.745833 0.000000
1692972423330785427 176.479376 0.000000
1692972423492311540 176.596760 0.000000
1692972423669695073 176.688103 0.000000
1692972423684179203 176.557228 0.000000
1692972423934766434 176.831878 0.000000
1692972423935582280 177.072700 0.000000
1692972424289340824 176.567051 0.000000
1692972424377822489 176.746941 0.000000
1692972424378005376 176.698678 0.000000
1692972424465959676 176.607752 0.000000
1692972424642071660 176.670530 0.000000
1692972424995696337 176.507918 0.000000
1692972424995900486 176.691070 0.000000
1692972425083926729 176.570859 0.000000
1692972425098214435 176.463361 0.000000
1692972425172466717 176.551780 0.000000
1692972425261329378 176.541523 0.000000
1692972425703739981 176.513241 0.000000
1692972425791334461 176.683672 0.000000
1692972426234058188 176.869076 0.000000
1692972426247147095 176.571430 0.000000
1692972426322708722 176.872940 0.000000
1692972426411406050 176.804195 0.000000
1692972426411804279 176.924666 0.000000
1692972426587953662 176.881781 0.000000
1692972426677528585 177.050478 0.000000
1692972426765043488 176.703084 0.000000
1692972426765757482 176.691267 0.000000
1692972426853077214 176.643847 0.000000
1692972426853785320 176.601588 0.000000
1692972427119006386 176.535446 0.000000
1692972427207661253 176.521086 0.000000
1692972427295685977 176.693167 0.000000
1692972427473117028 176.709915 0.000000
1692972427826832132 176.721939 0.000000
1692972427915468617 176.863484 0.000000
1692972428091798354 176.502590 0.000000
1692972428179579938 176.480281 0.000000
1692972428268473028 176.435743 0.000000
1692972428268683890 176.430752 0.000000
1692972428269042124 176.527106 0.000000
1692972428445216899 176.516641 0.000000
1692972428534156312 176.532114 0.000000
1692972428886727747 176.512016 0.000000
1692972428887697813 176.575418 0.000000
1692972428975333637 176.886512 0.000000
1692972428976248885 176.640735 0.000000
1692972429063622031 176.607967 0.000000
1692972429064688417 176.616286 0.000000
1692972429064904605 176.673379 0.000000
1692972429241724434 176.770258 0.000000
1692972429506253490 176.445706 0.000000
1692972429507064991 176.569139 0.000000
1692972429682527301 176.549077 0.000000
1692972429771812764 176.479791 0.000000
1692972429860081110 176.742819 0.000000
1692972430037521799 176.482802 0.000000
1692972430047489884 176.498714 0.000000
1692972430124577392 176.606554 0.000000
1692972430125056539 176.571617 0.000000
1692972430213526358 176.702490 0.000000
1692972430301364490 176.570703 0.000000
1692972430301919919 176.555111 0.000000
1692972430478555493 176.621857 0.000000
1692972430566467157 176.569310 0.000000
1692972430655107774 176.834057 0.000000
1692972430921051576 176.685411 0.000000
1692972431008958899 176.751415 0.000000
1692972431009016143 176.859817 0.000000
1692972431009505573 176.816010 0.000000
1692972431097829430 176.629955 0.000000
1692972431185823824 176.869641 0.000000
1692972431274909280 176.843098 0.000000
1692972431363273626 176.565020 0.000000
1692972431451318328 176.732617 0.000000
1692972431451422410 176.821650 0.000000
1692972431627968206 176.666863 0.000000
1692972431628714892 176.593247 0.000000
1692972431726166998 176.560510 0.000000
1692972431805134433 176.821733 0.000000
1692972431982033582 176.732682 0.000000
1692972432070472725 176.805504 0.000000
1692972432070925285 176.680061 0.000000
1692972432247756767 176.686574 0.000000
1692972432336069746 176.793669 0.000000
1692972432424987475 176.551029 0.000000
1692972432866763989 176.781370 0.000000
1692972433043386904 176.839460 0.000000
1692972433044102226 176.720156 0.000000
1692972433308744897 176.815967 0.000000
1692972433308975299 176.666077 0.000000
1692972433309392155 176.686678 0.000000
1692972433486438620 176.801849 0.000000
1692972433486690762 176.983408 0.000000
1692972433574953978 176.634764 0.000000
1692972433581887192 176.563098 0.000000
1692972433662648079 176.919172 0.000000
1692972433663665755 176.968583 0.000000
1692972433751058362 176.559384 0.000000
1692972433840879128 176.646386 0.000000
1692972433928701662 176.641896 0.000000
1692972433929314765 176.670823 0.000000
1692972434017851945 176.689712 0.000000
1692972434547374261 176.601488 0.000000
1692972434548198577 176.761756 0.000000
1692972434548234882 176.579967 0.000000
1692972434548290131 176.681138 0.000000
1692972434636241132 176.680045 0.000000
1692972434812644017 176.645966 0.000000
1692972434990540382 176.545361 0.000000
1692972435255052241 176.708247 0.000000
1692972435433048028 176.574274 0.000000
1692972435520245707 176.744446 0.000000
1692972435521136673 176.474833 0.000000
1692972435697626382 176.645852 0.000000
1692972435786045391 176.629944 0.000000
1692972435874009992 176.720290 0.000000
1692972436051928098 176.902560 0.000000
1692972436140004101 176.635429 0.000000
1692972436140275108 176.627937 0.000000
1692972436233226514 176.624123 0.000000
1692972436404654020 176.562714 0.000000
1692972436409987635 176.733392 0.000000
1692972436493261737 176.511555 0.000000
1692972436581875730 176.557021 0.000000
1692972436670882227 176.746508 0.000000
1692972436671047186 176.960266 0.000000
1692972436846913953 176.725227 0.000000
1692972436935824281 176.591260 0.000000
1692972436936024126 176.740362 0.000000
1692972436936175338 176.708619 0.000000
1692972437023814679 176.753895 0.000000
1692972437023897803 176.703421 0.000000
1692972437112758889 176.575022 0.000000
1692972437116762870 176.636579 0.000000
1692972437200312458 176.601841 0.000000
1692972437554749845 176.584681 0.000000
1692972437554807244 176.499107 0.000000
1692972437730619563 176.589140 0.000000
1692972437910866841 176.623298 0.000000
1692972437995800288 176.610822 0.000000
1692972437999157683 176.571617 0.000000
1692972438087225443 176.579898 0.000000
1692972438087497613 176.614444 0.000000
1692972438441298072 176.530872 0.000000
1692972438879910278 176.885387 0.000000
1692972438968436937 176.631327 0.000000
1692972439059577045 176.563411 0.000000
1692972439412882457 176.555941 0.000000
1692972439587304816 176.516704 0.000000
1692972439681606421 176.655523 0.000000
1692972439852479939 176.544249 0.000000
1692972440029430264 176.694288 0.000000
1692972440031778010 176.755169 0.000000
1692972440208410380 176.692324 0.000000
1692972440382970379 176.696143 0.000000
1692972440388947242 176.548283 0.000000
1692972440471458610 176.567954 0.000000
1692972440654054111 176.586313 0.000000
1692972440738894255 176.663322 0.000000
1692972440742144610 176.624331 0.000000
1692972440824962802 176.595051 0.000000
1692972440825048857 176.641972 0.000000
1692972441001704882 176.602190 0.000000
1692972441004021952 176.553546 0.000000
1692972441180657244 176.565198 0.000000
1692972441184451355 176.662441 0.000000
1692972441272708090 176.704192 0.000000
1692972441355155928 176.605388 0.000000
1692972441360740492 176.617291 0.000000
1692972441534073458 176.565218 0.000000
1692972441621007003 176.556834 0.000000
1692972441621061054 176.549035 0.000000
1692972441623013233 176.625804 0.000000
1692972441709522340 176.710948 0.000000
1692972441886075957 176.586864 0.000000
1692972441888126911 176.563414 0.000000
1692972441973910031 176.662290 0.000000
1692972442062686534 176.579475 0.000000
1692972442062814933 176.501949 0.000000
1692972442064264050 176.613965 0.000000
1692972442416019911 176.583467 0.000000
1692972442510248560 176.536267 0.000000
1692972442681587515 176.633127 0.000000
1692972442858499629 176.635854 0.000000
1692972442864073162 176.667172 0.000000
1692972442952217708 176.655531 0.000000
1692972443035347793 176.822459 0.000000
1692972443035349642 176.754987 0.000000
1692972443036189675 176.609403 0.000000
1692972443125643589 176.664062 0.000000
1692972443306473568 176.583994 0.000000
1692972443478947379 176.484894 0.000000
1692972443660057310 176.599981 0.000000
1692972443831104973 176.687320 0.000000
1692972444009178138 176.572202 0.000000
1692972444096224616 176.685845 0.000000
1692972444190627501 176.770315 0.000000
1692972444190684087 176.762988 0.000000
1692972444367210188 176.573962 0.000000
1692972444449713293 176.571621 0.000000
1692972444455695915 176.576970 0.000000
1692972444538422164 176.638447 0.000000
1692972444543924221 176.697725 0.000000
1692972444627573632 176.542118 0.000000
1692972444632470053 176.689345 0.000000
1692972444720466544 176.521410 0.000000
1692972444897571202 176.574152 0.000000
1692972445157285366 176.705766 0.000000
1692972445245879989 176.617620 0.000000
1692972445334219639 176.635752 0.000000
1692972445511232860 176.484915 0.000000
1692972445599634719 176.555374 0.000000
1692972445687708849 176.622025 0.000000
1692972445776444276 176.766552 0.000000
1692972445776526773 176.538661 0.000000
1692972445953087039 176.595698 0.000000
1692972446130324219 176.720557 0.000000
1692972446135532275 176.741450 0.000000
1692972446571928541 176.714626 0.000000
1692972446572221473 176.569294 0.000000
1692972446660108225 176.559916 0.000000
1692972446660731803 176.499365 0.000000
1692972446748717901 176.508532 0.000000
1692972446843034406 177.063925 0.000000
1692972447102684470 176.569021 0.000000
1692972447190404396 176.530108 0.000000
1692972447191025463 176.560619 0.000000
1692972447196695099 176.676184 0.000000
1692972447279472703 176.692080 0.000000
1692972447544739502 176.579578 0.000000
1692972447544821157 176.617857 0.000000
1692972447550052853 176.584960 0.000000
1692972447986224700 176.670816 0.000000
1692972447986276055 176.657700 0.000000
1692972448074724176 176.595112 0.000000
1692972448075100288 176.713017 0.000000
1692972448080491254 176.685088 0.000000
1692972448168342961 176.583839 0.000000
1692972448168653890 176.595506 0.000000
1692972448251554274 176.637854 0.000000
1692972448340236515 176.617283 0.000000
1692972448345209914 176.538613 0.000000
1692972448345527699 176.558599 0.000000
1692972448428657958 176.597415 0.000000
1692972448516679711 176.571309 0.000000
1692972448605174896 176.642260 0.000000
1692972448610368102 176.547590 0.000000
1692972448781992725 176.613142 0.000000
1692972448959058466 176.584360 0.000000
1692972448963533520 176.500701 0.000000
1692972449047114328 176.651215 0.000000
1692972449047152547 176.697708 0.000000
1692972449047504081 176.567820 0.000000
1692972449135548153 176.542394 0.000000
1692972449312202552 176.675979 0.000000
1692972449312388715 176.552722 0.000000
1692972449400968356 176.573400 0.000000
1692972449401174612 176.634914 0.000000
1692972449401221586 176.644330 0.000000
1692972449405239799 176.624038 0.000000
1692972449843066323 176.654564 0.000000
1692972449931606937 176.679688 0.000000
1692972449932043033 176.747972 0.000000
1692972450020191537 176.617179 0.000000
1692972450285854551 176.893907 0.000000
1692972450727883818 176.940637 0.000000
1692972450731433238 176.710816 0.000000
1692972450992961812 176.680316 0.000000
1692972451081472653 176.666812 0.000000
1692972451081949759 176.729463 0.000000
1692972451346602442 176.604915 0.000000
1692972451527178602 176.548129 0.000000
1692972451612186495 176.608358 0.000000
1692972451612559750 176.626791 0.000000
1692972451615659883 176.744255 0.000000
1692972451704034803 176.841667 0.000000
1692972451965861154 176.566266 0.000000
1692972452231286903 176.490039 0.000000
1692972452496291204 176.726250 0.000000
1692972452673267100 176.762383 0.000000
1692972452675755713 176.560834 0.000000
1692972452850269703 176.476497 0.000000
1692972453117743090 176.573330 0.000000
1692972453204177614 176.484658 0.000000
1692972453204397326 176.586500 0.000000
1692972453557910307 176.634236 0.000000
1692972453824688791 176.531586 0.000000
1692972454177789053 176.410926 0.000000
1692972454179403199 176.602393 0.000000
1692972454354070363 176.777736 0.000000
1692972454355990627 176.562991 0.000000
1692972454356171614 176.488111 0.000000
1692972454531166346 176.623607 0.000000
1692972454531415972 176.545235 0.000000
1692972454619559917 176.547801 0.000000
1692972454796556223 176.781144 0.000000
1692972454885100316 176.517696 0.000000
1692972454973246917 176.705237 0.000000
1692972455238850497 176.867858 0.000000
1692972455239418310 176.559670 0.000000
1692972455416179013 176.584463 0.000000
1692972455416195041 176.624896 0.000000
1692972455681889326 177.173394 0.000000
1692972455770380363 176.888280 0.000000
1692972455770638309 176.975072 0.000000
1692972455858052136 176.578163 0.000000
1692972455947734975 176.865216 0.000000
1692972456124696198 176.651241 0.000000
1692972456213320292 176.563595 0.000000
1692972456565718217 176.551758 0.000000
1692972456654683663 176.688110 0.000000
1692972456742467821 176.574342 0.000000
1692972456743575467 176.567965 0.000000
1692972456831536792 176.600350 0.000000
1692972456920289211 176.649581 0.000000
1692972457007056872 176.544819 0.000000
1692972457184265920 176.574676 0.000000
1692972457361852821 176.506323 0.000000
1692972457891868495 176.560208 0.000000
1692972458246529771 176.809956 0.000000
1692972458422533834 176.841600 0.000000
1692972458423629888 177.091442 0.000000
1692972458688049766 176.773365 0.000000
1692972458865572478 177.249029 0.000000
1692972458865696271 176.973364 0.000000
1692972458953781432 176.829226 0.000000
1692972459131779443 176.970467 0.000000
1692972459218999361 176.462818 0.000000
1692972459307372936 176.629126 0.000000
1692972459308512025 176.559127 0.000000
1692972459484543698 176.540459 0.000000
1692972459661046490 176.647294 0.000000
1692972459750277518 176.701409 0.000000
1692972459837999085 176.589784 0.000000
1692972460104219931 176.785769 0.000000
1692972460193177952 176.741800 0.000000
1692972460458503274 176.620081 0.000000
1692972460723603942 176.501726 0.000000
1692972460810944073 176.539910 0.000000
1692972460811334372 176.653645 0.000000
1692972460812151110 176.808997 0.000000
1692972460988408856 176.519997 0.000000
1692972461076446125 176.445072 0.000000
1692972461165285912 176.862863 0.000000
1692972461341440605 176.407497 0.000000
1692972461341694682 176.486381 0.000000
1692972461430151007 176.550956 0.000000
1692972461695108781 176.730123 0.000000
1692972461695156307 176.708372 0.000000
1692972461696682724 176.841673 0.000000
1692972461784637018 176.565325 0.000000
1692972461872129948 176.723799 0.000000
1692972461960497620 176.663713 0.000000
1692972462049326407 176.483362 0.000000
1692972462225658028 176.546938 0.000000
1692972462314269597 176.536459 0.000000
1692972462314469283 176.552105 0.000000
1692972462402494059 176.577964 0.000000
1692972462490597028 176.498128 0.000000
1692972462492065740 176.646850 0.000000
1692972462579230869 176.669374 0.000000
1692972462756360094 176.685466 0.000000
1692972462757563794 176.761523 0.000000
1692972462844423165 176.655330 0.000000
1692972463021671209 176.657429 0.000000
1692972463022759119 176.660476 0.000000
1692972463109887095 176.645318 0.000000
1692972463111130126 176.714033 0.000000
1692972463375373425 176.695556 0.000000
1692972463552778608 176.529764 0.000000
1692972463552990011 176.579750 0.000000
1692972463640746245 176.584426 0.000000
1692972463640774682 176.644692 0.000000
1692972463728701860 176.657296 0.000000
1692972463906617888 176.727118 0.000000
1692972463994560973 176.461841 0.000000
1692972463994986770 176.561082 0.000000
1692972464171566512 176.572049 0.000000
1692972464348616749 176.590942 0.000000
1692972464701637749 176.721552 0.000000
1692972464791092685 176.981513 0.000000
1692972464967674370 176.567758 0.000000
1692972464967699554 177.176165 0.000000
1692972464967922233 176.610964 0.000000
1692972464968200667 176.578543 0.000000
1692972465321730266 176.693502 0.000000
1692972465322049890 176.620217 0.000000
1692972465410030383 176.596626 0.000000
1692972465586226803 176.584650 0.000000
1692972465675558248 176.614954 0.000000
1692972465762909751 176.516741 0.000000
1692972465763153704 176.577452 0.000000
1692972465940897465 176.606280 0.000000
1692972466028298226 176.815837 0.000000
1692972466028643521 176.825605 0.000000
1692972466294315115 176.505251 0.000000
1692972466382066573 176.639648 0.000000
1692972466383054474 176.858113 0.000000
1692972466470276574 176.632206 0.000000
1692972466647082063 176.603108 0.000000
1692972466647470869 176.488415 0.000000
1692972466736810141 176.694120 0.000000
1692972466912627214 176.850157 0.000000
1692972467177941788 176.719992 0.000000
1692972467178030529 176.683257 0.000000
1692972467354839599 176.755454 0.000000
1692972467355833560 176.814894 0.000000
1692972467796960589 176.746557 0.000000
1692972467886074414 176.663651 0.000000
1692972467974552373 176.658705 0.000000
1692972468150529017 176.668726 0.000000
1692972468150585240 176.590056 0.000000
1692972468151538100 176.740136 0.000000
1692972468238859297 176.545885 0.000000
1692972468240161742 176.730874 0.000000
1692972468240214078 176.800726 0.000000
1692972468327195208 176.636240 0.000000
1692972468327530521 176.572085 0.000000
1692972468415990012 176.654791 0.000000
1692972468504286529 176.749682 0.000000
1692972468592624677 176.682757 0.000000
1692972468592629769 176.968552 0.000000
1692972468682144060 176.790072 0.000000
1692972468858579099 176.478044 0.000000
1692972468946577844 176.872724 0.000000
1692972469388864869 176.951511 0.000000
1692972469654115084 176.577427 0.000000
1692972469654457963 176.642578 0.000000
1692972469919839711 177.036928 0.000000
1692972470008044080 176.857846 0.000000
1692972470096043571 176.596220 0.000000
1692972470096814954 176.632312 0.000000
1692972470184749274 176.711231 0.000000
1692972470273037886 176.695027 0.000000
1692972470273088373 176.771809 0.000000
1692972470273137092 176.537435 0.000000
1692972470627571605 176.721394 0.000000
1692972470715501657 176.645412 0.000000
1692972470803631934 176.677121 0.000000
1692972470980915268 176.634111 0.000000
1692972470981192218 176.704555 0.000000
1692972471069847382 176.604085 0.000000
1692972471246041810 176.660419 0.000000
1692972471246349462 176.882180 0.000000
1692972471423410669 176.565487 0.000000
1692972471511694171 176.938486 0.000000
1692972471512144390 177.220909 0.000000
1692972471600687097 176.939082 0.000000
1692972471689275992 176.956734 0.000000
1692972471689305295 176.914968 0.000000
1692972472131190306 176.739795 0.000000
1692972472307973456 177.061007 0.000000
1692972472308104316 176.955036 0.000000
1692972472485392228 176.675676 0.000000
1692972472573209011 176.676482 0.000000
1692972472573828850 176.926219 0.000000
1692972472573968711 176.878137 0.000000
1692972473016061113 176.619173 0.000000
1692972473103673319 176.548163 0.000000
1692972473104761474 176.640431 0.000000
1692972473811136546 176.490656 0.000000
1692972473811676670 176.494524 0.000000
1692972473899045187 176.677395 0.000000
1692972474165433855 176.529056 0.000000
1692972474165689625 176.547128 0.000000
1692972474430393821 176.896051 0.000000
1692972474783933626 176.819955 0.000000
1692972474784548960 176.580697 0.000000
1692972474872531782 176.530425 0.000000
1692972475048875640 176.559496 0.000000
1692972475314583634 176.632398 0.000000
1692972475757164587 176.745557 0.000000
1692972475933182790 176.749030 0.000000
1692972475933707793 176.773052 0.000000
1692972476022293252 176.805305 0.000000
1692972476022464727 176.773552 0.000000
1692972476198229961 176.578304 0.000000
1692972476199076744 176.411901 0.000000
1692972476375239034 176.989367 0.000000
1692972476375934148 176.849340 0.000000
1692972476375989307 176.538576 0.000000
1692972476552930952 176.602565 0.000000
1692972476552959163 176.618342 0.000000
1692972476729021389 176.764332 0.000000
1692972476729603455 176.762808 0.000000
1692972476818109437 176.695843 0.000000
1692972476906718845 176.667396 0.000000
1692972476994011029 176.560357 0.000000
1692972476994589998 176.521301 0.000000
1692972476994723389 176.467952 0.000000
1692972477171337287 176.774768 0.000000
1692972477171593854 176.526189 0.000000
1692972477171736131 176.526078 0.000000
1692972477171944471 176.513624 0.000000
1692972477259156397 176.646529 0.000000
1692972477260070356 176.559391 0.000000
1692972477348920157 176.935617 0.000000
1692972477525576279 176.568713 0.000000
1692972477613338672 176.490831 0.000000
1692972477614210728 176.580035 0.000000
1692972477701545274 176.510367 0.000000
1692972477791397325 176.553091 0.000000
1692972478145178438 177.159176 0.000000
1692972478321295896 176.544463 0.000000
1692972478322246380 176.757354 0.000000
1692972478322464142 176.940220 0.000000
1692972478410177850 176.441192 0.000000
1692972478498124280 176.525403 0.000000
1692972478498947944 176.774644 0.000000
1692972478587115303 176.562023 0.000000
1692972478587622059 176.594660 0.000000
1692972478675713351 176.626894 0.000000
1692972478763145162 176.604523 0.000000
1692972478764285935 176.502470 0.000000
1692972478852415627 176.746474 0.000000
1692972478940744101 176.718383 0.000000
1692972479383015298 176.698117 0.000000
1692972479470502086 176.707549 0.000000
1692972479559669874 176.638518 0.000000
1692972479560183841 176.938839 0.000000
1692972479735581463 176.617163 0.000000
1692972479824548945 176.413339 0.000000
1692972480001268342 176.554844 0.000000
1692972480179206405 176.511600 0.000000
1692972480354944668 176.731436 0.000000
1692972480444387400 176.595753 0.000000
1692972480531496881 176.568614 0.000000
1692972480621112481 176.861323 0.000000
1692972480798052222 176.720240 0.000000
1692972480798113119 176.563992 0.000000
1692972480798223491 176.632010 0.000000
1692972480885445019 176.543674 0.000000
1692972480885559325 176.570221 0.000000
1692972480886360858 177.044405 0.000000
1692972481063557466 176.694194 0.000000
1692972481063636926 176.735786 0.000000
1692972481151677545 176.477796 0.000000
1692972481239212602 176.829923 0.000000
1692972481240130590 176.566358 0.000000
1692972481328263319 176.570603 0.000000
1692972481328725255 176.574477 0.000000
1692972481328763654 176.593486 0.000000
1692972481505703643 176.727218 0.000000
1692972481681705004 176.540278 0.000000
1692972481681921935 176.516687 0.000000
1692972481858766265 176.657185 0.000000
1692972482036118137 176.955995 0.000000
1692972482036180588 176.954922 0.000000
1692972482565988054 176.622515 0.000000
1692972482566032934 176.505819 0.000000
1692972482566677776 176.642401 0.000000
1692972482654552161 176.648155 0.000000
1692972482832538494 176.993480 0.000000
1692972483096543696 176.801751 0.000000
1692972483273866244 176.479353 0.000000
1692972483361885379 176.589655 0.000000
1692972483451055411 176.492960 0.000000
1692972483627286000 176.758569 0.000000
1692972483715772398 176.776015 0.000000
1692972483716047945 176.778976 0.000000
1692972483893442706 176.422355 0.000000
1692972484069464642 176.693115 0.000000
1692972484069848922 176.747356 0.000000
1692972484070122635 176.838979 0.000000
1692972484070153442 176.934206 0.000000
1692972484070494266 176.627612 0.000000
1692972484423046634 176.736062 0.000000
1692972484424452353 176.827496 0.000000
1692972484600784506 176.500936 0.000000
1692972484600977601 176.510904 0.000000
1692972484777267194 176.473556 0.000000
1692972484865221170 176.678213 0.000000
1692972484866375614 176.465246 0.000000
1692972484866451997 176.457373 0.000000
1692972484954170451 176.524284 0.000000
1692972485042492028 176.681180 0.000000
1692972485130589196 176.601837 0.000000
1692972485130801982 176.616632 0.000000
1692972485131773656 176.690860 0.000000
1692972485308194391 176.504981 0.000000
1692972485396549670 176.914936 0.000000
1692972485397188333 176.817153 0.000000
1692972485573466932 176.828947 0.000000
1692972485662187096 176.683096 0.000000
1692972485662240631 176.589512 0.000000
1692972485662440036 176.704801 0.000000
1692972485838512650 176.632619 0.000000
1692972485838993009 176.819278 0.000000
1692972485839215613 176.820141 0.000000
1692972485927133213 176.651292 0.000000
1692972485927435708 176.516704 0.000000
1692972486015331316 176.726862 0.000000
1692972486016307229 176.579844 0.000000
1692972486192679843 176.552890 0.000000
1692972486370348802 177.008044 0.000000
