1692972338113455255 76.838409 213.211427 213 16 0.000000
1692972339101732700 79.432223 198.324874 196 16 0.000000
1692972340115022376 77.602515 207.245770 210 16 0.000000
1692972341119048979 75.845892 210.153767 211 16 0.000000
1692972342097884334 77.024379 208.410966 204 16 0.000000
1692972343112163323 79.428698 203.099943 206 16 0.000000
1692972344126643080 76.905349 207.988379 211 16 0.000000
1692972345110928608 75.555627 209.288831 206 16 0.000000
1692972346124488195 76.885537 206.203992 209 16 0.000000
1692972347130330606 78.779883 202.815060 204 16 0.000000
1692972348109145866 79.245940 206.371944 202 16 0.000000
1692972349123683477 77.628163 205.019498 208 16 0.000000
1692972350136719057 77.182164 207.297765 210 16 0.000000
1692972351119177366 76.599617 208.660253 205 16 0.000000
1692972352132490850 76.188696 206.254023 209 16 0.000000
1692972353145737069 76.798000 211.202352 214 16 0.000000
1692972354118812035 77.438672 208.617042 203 16 0.000000
1692972355132680965 76.155821 209.100011 212 16 0.000000
1692972356146869734 76.150059 210.020072 213 16 0.000000
1692972357127237968 74.519657 214.205236 210 16 0.000000
1692972358140470203 76.480743 210.218337 213 16 0.000000
1692972359154929607 76.543856 207.992541 211 16 0.000000
1692972360131318651 78.995694 202.788035 198 16 0.000000
1692972361145594853 79.107756 203.100496 206 16 0.000000
1692972362160246715 76.531135 208.938653 212 16 0.000000
1692972363138925791 75.598008 211.509585 207 16 0.000000
1692972364154009706 76.906059 207.864589 211 16 0.000000
1692972365168417671 76.156143 209.974654 213 16 0.000000
1692972366144381235 75.221271 212.098122 207 16 0.000000
1692972367158410630 79.934062 199.205269 202 16 0.000000
1692972368172456055 77.289073 205.119017 208 16 0.000000
1692972369151068376 77.359340 209.480297 205 16 0.000000
1692972370165303752 77.205760 208.038494 211 16 0.000000
1692972371180335379 75.875257 210.830870 214 16 0.000000
1692972372156695836 75.936915 209.963440 205 16 0.000000
1692972373170561339 77.988956 205.155413 208 16 0.000000
1692972374185546585 77.988360 205.914324 209 16 0.000000
1692972375164542938 75.644631 208.376669 204 16 0.000000
1692972376178889826 77.177776 209.987339 213 16 0.000000
1692972377193032438 78.808127 201.155141 204 16 0.000000
1692972378169422774 77.020218 208.932820 204 16 0.000000
1692972379184117738 79.508368 202.031160 205 16 0.000000
1692972380198949873 74.451512 214.813853 218 16 0.000000
1692972381177058535 77.801511 205.498651 201 16 0.000000
1692972382191329477 78.067347 203.101528 206 16 0.000000
1692972383205377373 79.067556 204.132392 207 16 0.000000
1692972384182767033 77.072689 206.672947 202 16 0.000000
1692972385196602611 77.257195 206.147819 209 16 0.000000
1692972386210810136 76.467782 211.002185 214 16 0.000000
1692972387187777248 78.622425 201.644451 197 15 0.000000
1692972388201380714 77.890847 207.181611 210 16 0.000000
1692972389214873001 76.876274 207.204346 210 16 0.000000
1692972390228052031 76.212640 207.268391 210 16 0.000000
1692972391208143699 75.933147 211.204737 207 16 0.000000
1692972392222428686 76.147506 211.971987 215 16 0.000000
1692972393198979664 77.039600 208.898464 204 16 0.000000
1692972394212451988 77.249775 205.235013 208 16 0.000000
1692972395226178581 76.817115 210.115827 213 16 0.000000
1692972396240047432 77.256319 206.141027 209 16 0.000000
1692972397220060049 77.443813 206.119829 202 16 0.000000
1692972398234344466 76.870844 208.028434 211 16 0.000000
1692972399247567291 78.203958 198.376891 201 16 0.000000
1692972400223701293 75.818156 217.183297 212 16 0.000000
1692972401237869705 76.099894 211.996352 215 16 0.000000
1692972402250940079 77.249236 205.316440 208 16 0.000000
1692972403230987784 75.170472 214.275283 210 16 0.000000
1692972404245510268 77.703094 204.036871 207 16 0.000000
1692972405259160755 77.948347 205.198910 208 16 0.000000
1692972406235149685 76.674141 211.068000 206 16 0.000000
1692972407249822348 76.187543 208.934367 212 16 0.000000
1692972408264148839 78.771516 203.090436 206 16 0.000000
1692972409243254613 76.283502 210.396070 206 16 0.000000
1692972410257717952 78.404671 204.048770 207 16 0.000000
1692972411272126439 74.780286 211.946186 215 16 0.000000
1692972412247592180 78.125081 206.055406 201 16 0.000000
1692972413262393547 75.861158 209.893293 213 16 0.000000
1692972414276655609 77.949627 207.047078 210 16 0.000000
1692972415256142744 80.623033 198.062840 194 16 0.000000
1692972416271066370 75.499381 211.838571 215 16 0.000000
1692972417285212444 76.180868 209.042889 212 16 0.000000
1692972418261962490 75.975793 210.903500 206 16 0.000000
1692972419275023199 79.087145 202.357070 205 16 0.000000
1692972420288651364 75.095339 213.095886 216 16 0.000000
1692972421269203932 78.545795 203.966638 200 16 0.000000
1692972422283412057 76.550839 208.044074 211 16 0.000000
1692972423297535464 77.987935 204.117179 207 16 0.000000
1692972424271189438 75.183052 214.655314 209 16 0.000000
1692972425285348760 76.515098 210.026168 213 16 0.000000
1692972426299144862 76.526535 208.128637 211 16 0.000000
1692972427281958019 77.036874 207.567430 204 16 0.000000
1692972428295992332 76.535928 209.065900 212 16 0.000000
1692972429309920719 79.147534 201.197648 204 16 0.000000
1692972430282776993 78.603435 204.552312 199 16 0.000000
1692972431297373804 76.148868 210.921207 214 16 0.000000
1692972432311414308 77.997191 205.120027 208 16 0.000000
1692972433294146927 76.667612 207.584426 204 16 0.000000
1692972434307783368 77.638480 204.215221 207 16 0.000000
1692972435321974779 77.609082 206.075518 209 16 0.000000
1692972436293775796 76.656061 208.890502 203 16 0.000000
1692972437308202246 75.760171 213.913967 217 16 0.000000
1692972438323033760 76.264922 208.901686 212 16 0.000000
1692972439308039645 76.749482 207.105361 204 16 0.000000
1692972440322364019 76.130465 210.977866 214 16 0.000000
1692972441336440136 75.791490 210.043361 213 16 0.000000
1692972442305408003 77.038682 208.469295 202 16 0.000000
1692972443318781572 80.233274 200.320995 203 16 0.000000
1692972444332918733 77.274653 206.086518 209 16 0.000000
1692972445345637317 74.765999 211.312409 214 16 0.000000
1692972446333661373 76.563602 211.533313 209 16 0.000000
1692972447347698940 78.773912 201.175979 204 16 0.000000
1692972448314916744 77.766957 209.880330 203 16 0.000000
1692972449328599205 75.773588 211.111477 214 16 0.000000
1692972450341918852 76.148865 208.226504 211 16 0.000000
1692972451354936457 76.787090 209.275730 212 16 0.000000
1692972452344162632 77.826565 202.178233 200 16 0.000000
1692972453358453456 79.837609 202.111661 205 16 0.000000
1692972454324508814 76.756353 209.097693 202 16 0.000000
1692972455337891816 79.801844 202.292764 205 16 0.000000
1692972456352198447 77.220413 207.037981 210 16 0.000000
1692972457365758354 76.549519 208.177142 211 16 0.000000
1692972458356451623 76.284915 206.925802 205 16 0.000000
1692972459370700396 77.232359 207.049795 210 16 0.000000
1692972460334130680 76.673289 211.743397 204 16 0.000000
1692972461347609301 77.990937 205.233724 208 16 0.000000
1692972462360981388 75.433306 212.162945 215 16 0.000000
1692972463375012095 75.778440 212.025104 215 16 0.000000
1692972464388064970 76.526519 207.294247 210 16 0.000000
1692972465383297617 76.638679 205.981989 205 16 0.000000
1692972466342775001 77.766776 210.531281 202 16 0.000000
1692972467355737054 76.130545 210.274410 213 16 0.000000
1692972468369134819 78.808450 201.302986 204 16 0.000000
1692972469382898759 76.883452 209.121661 212 16 0.000000
1692972470396055489 76.162774 208.259977 211 16 0.000000
1692972471397581748 76.970645 205.686077 206 16 0.000000
1692972472350191564 77.424135 210.999293 201 16 0.000000
1692972473364047222 77.619450 207.130075 210 16 0.000000
1692972474377250538 75.066735 213.185250 216 16 0.000000
1692972475390279068 75.433186 212.234892 215 16 0.000000
1692972476403506597 75.450646 210.219319 213 16 0.000000
1692972477411256901 78.590775 197.469550 199 16 0.000000
1692972478357712589 75.914162 218.710677 207 16 0.000000
1692972479371176736 79.068054 203.263267 206 16 0.000000
1692972480384558803 75.427068 212.160850 215 16 0.000000
1692972481397307013 76.882540 206.369167 209 16 0.000000
1692972482411755164 76.156429 211.937882 215 16 0.000000
1692972483426488433 77.371808 203.994494 207 16 0.000000
1692972484368518639 76.443279 211.245883 199 16 0.000000
1692972485382727450 76.520268 210.015919 213 16 0.000000
1692972486397510856 76.620621 206.940717 210 16 0.000000
