1692972338109575847 75.198721 211.001726 211 16 0.000000
1692972339089396342 78.143918 206.160182 202 16 0.000000
1692972340103121345 76.888310 208.143229 211 16 0.000000
1692972341079829559 75.919227 212.960224 208 16 0.000000
1692972342094256413 77.233274 207.013478 210 16 0.000000
1692972343107610602 77.222006 208.219404 211 16 0.000000
1692972344122096590 77.314376 205.029936 208 16 0.000000
1692972345100935980 77.808262 204.323612 200 16 0.000000
1692972346114016417 76.524413 208.275658 211 16 0.000000
1692972347127735702 80.338911 198.279743 201 16 0.000000
1692972348105426602 77.308717 210.700536 206 16 0.000000
1692972349118352565 77.551230 207.320195 210 16 0.000000
1692972350132905893 81.198120 195.159746 198 16 0.000000
1692972351109497795 81.508611 195.578143 191 16 0.000000
1692972352123642525 77.647765 206.084983 209 16 0.000000
1692972353137848190 75.094203 212.974547 216 16 0.000000
1692972354117796057 76.317866 210.215268 206 16 0.000000
1692972355131429068 82.236790 196.323523 199 16 0.000000
1692972356146456171 76.934578 206.891029 210 16 0.000000
1692972357122689298 78.333093 201.796031 197 16 0.000000
1692972358136347577 76.479869 210.130015 213 16 0.000000
1692972359150711800 76.864946 208.012033 211 16 0.000000
1692972360130009370 79.739161 202.185755 198 16 0.000000
1692972361144540259 78.035987 205.020880 208 16 0.000000
1692972362158693032 76.863966 209.041478 212 16 0.000000
1692972363134734983 76.776898 204.909232 200 16 0.000000
1692972364149175514 76.188065 209.967951 213 16 0.000000
1692972365163647530 77.628812 206.018497 209 16 0.000000
1692972366143140419 78.485497 206.229157 202 16 0.000000
1692972367157003328 77.236572 207.128601 210 16 0.000000
1692972368171148948 76.152263 211.015062 214 16 0.000000
1692972369147468415 75.994647 207.923740 203 16 0.000000
1692972370161405765 74.059404 215.003427 218 16 0.000000
1692972371176453032 76.575272 207.872065 211 16 0.000000
1692972372155451199 76.570814 213.483565 209 16 0.000000
1692972373170301226 76.957363 206.927130 210 16 0.000000
1692972374184152592 77.245716 207.130961 210 16 0.000000
1692972375160565208 79.081158 200.734779 196 16 0.000000
1692972376174428817 76.182442 209.101132 212 16 0.000000
1692972377188626841 76.883093 208.046154 211 16 0.000000
1692972378168266230 77.381076 208.239891 204 16 0.000000
1692972379182291567 76.867226 209.067759 212 16 0.000000
1692972380196307838 76.491843 210.055755 213 16 0.000000
1692972381172670821 77.509776 203.817681 199 16 0.000000
1692972382187983414 75.125571 212.742368 216 16 0.000000
1692972383202464734 79.123637 202.073704 205 16 0.000000
1692972384179738039 78.532585 204.651010 200 16 0.000000
1692972385192846789 77.173821 208.269869 211 16 0.000000
1692972386206225762 77.961665 206.240712 209 16 0.000000
1692972387185315423 77.458889 202.228676 198 16 0.000000
1692972388198627429 76.146162 209.214926 212 16 0.000000
1692972389213028436 77.239878 208.004517 211 16 0.000000
1692972390189719415 78.228938 205.796936 201 16 0.000000
1692972391203580833 77.166618 210.087851 213 16 0.000000
1692972392217553509 77.664019 205.133764 208 16 0.000000
1692972393196672811 77.559855 200.179882 196 16 0.000000
1692972394210462291 77.159194 210.102807 213 16 0.000000
1692972395224808781 76.557145 209.001560 212 16 0.000000
1692972396201289218 77.316482 210.961727 206 16 0.000000
1692972397215277371 76.885507 208.089178 211 16 0.000000
1692972398229013503 76.184942 209.127437 212 16 0.000000
1692972399209004568 79.061069 200.001819 196 16 0.000000
1692972400223444727 75.883767 207.010708 210 16 0.000000
1692972401237521592 77.182831 210.043278 213 16 0.000000
1692972402212868098 76.973170 211.206990 206 16 0.000000
1692972403226637054 77.204191 207.147792 210 16 0.000000
1692972404241031407 77.263631 207.020047 210 16 0.000000
1692972405220167915 77.430488 204.261638 200 16 0.000000
1692972406234400559 77.329421 205.081131 208 16 0.000000
1692972407248211268 75.787839 213.057553 216 16 0.000000
1692972408225125085 75.182844 214.962669 210 16 0.000000
1692972409239636364 77.627508 206.996220 210 16 0.000000
1692972410253997226 76.172074 208.998602 212 16 0.000000
1692972411266037141 75.176355 206.513591 209 16 0.000000
1692972412246867948 74.444074 219.201925 215 16 0.000000
1692972413260804930 76.157954 210.072226 213 16 0.000000
1692972414237517912 76.242761 212.959185 208 15 0.000000
1692972415251674756 78.771976 203.124400 206 16 0.000000
1692972416265985669 75.478472 211.966561 215 16 0.000000
1692972417245827443 76.773103 204.114583 200 16 0.000000
1692972418260408031 78.761060 204.025201 207 16 0.000000
1692972419274212334 79.490056 200.235883 203 16 0.000000
1692972420249434690 78.869722 207.132216 202 16 0.000000
1692972421263671396 78.387859 203.108437 206 16 0.000000
1692972422277816345 75.112578 213.973358 217 16 0.000000
1692972423290583643 78.642445 194.516518 197 16 0.000000
1692972424272782779 78.029796 210.751595 207 16 0.000000
1692972425286946821 76.899787 206.081031 209 16 0.000000
1692972426260569093 75.511916 214.662330 209 16 0.000000
1692972427274605601 78.313092 206.106982 209 16 0.000000
1692972428288356842 77.986786 204.192105 207 16 0.000000
1692972429301891786 77.974579 204.235681 207 16 0.000000
1692972430284563876 79.071416 199.456131 196 16 0.000000
1692972431298857736 76.507001 210.984248 214 16 0.000000
1692972432272116289 78.932383 206.522701 201 16 0.000000
1692972433286339213 77.334048 203.111174 206 16 0.000000
1692972434299747390 77.133559 210.181850 213 16 0.000000
1692972435313217102 75.727015 212.142468 215 16 0.000000
1692972436295175333 75.637644 204.693058 201 16 0.000000
1692972437309773484 77.576409 206.978494 210 16 0.000000
1692972438283942389 78.952762 207.356203 202 16 0.000000
1692972439297756031 75.807975 212.070546 215 16 0.000000
1692972440311256674 75.796123 210.162661 213 16 0.000000
1692972441324712999 75.776682 212.145299 215 16 0.000000
1692972442311164375 74.178730 208.829387 206 16 0.000000
1692972443324696330 78.358847 204.236286 207 16 0.000000
1692972444292952149 79.578393 207.589767 201 16 0.000000
1692972445306094403 77.636004 204.314837 207 16 0.000000
1692972446320346266 77.595317 207.049168 210 16 0.000000
1692972447334066742 78.319496 205.184768 208 16 0.000000
1692972448322379926 77.559265 200.341353 198 16 0.000000
1692972449335606936 76.455975 209.232481 212 16 0.000000
1692972450302251093 77.643811 212.073902 205 16 0.000000
1692972451316089857 77.234416 207.133527 210 16 0.000000
1692972452330395321 76.531819 209.010016 212 16 0.000000
1692972453343888486 76.167819 208.190847 211 16 0.000000
1692972454332669806 77.823995 202.269161 200 16 0.000000
1692972455346346315 78.391686 203.220682 206 16 0.000000
1692972456313110965 75.844697 217.219326 210 16 0.000000
1692972457326682290 78.384278 203.241772 206 16 0.000000
1692972458340550106 77.259425 206.141272 209 16 0.000000
1692972459353738611 78.276350 206.279480 209 16 0.000000
1692972460367575510 74.436420 212.065665 215 16 0.000000
1692972461359986849 78.621349 199.514042 198 16 0.000000
1692972462321984375 75.130238 218.295788 210 16 0.000000
1692972463335514949 76.079622 212.129755 215 16 0.000000
1692972464348647962 76.541856 205.303749 208 16 0.000000
1692972465361753820 78.569799 207.283337 210 16 0.000000
1692972466374695864 73.731476 215.214682 218 16 0.000000
1692972467372097933 77.883513 198.515733 198 16 0.000000
1692972468329682305 80.035907 207.814588 199 16 0.000000
1692972469343234905 77.236089 207.192026 210 16 0.000000
1692972470356540731 76.104797 210.203061 213 16 0.000000
1692972471369784113 77.204265 208.242195 211 16 0.000000
1692972472382661989 77.613076 205.355461 208 16 0.000000
1692972473395368395 75.899019 204.402777 207 16 0.000000
1692972474336822882 75.180371 219.872550 207 16 0.000000
1692972475350486245 76.477204 209.142412 212 16 0.000000
1692972476363143762 76.820158 209.350148 212 16 0.000000
1692972477376522190 77.236325 206.240818 209 16 0.000000
1692972478389440001 77.913137 206.334612 209 16 0.000000
1692972479402208267 76.473381 209.327254 212 16 0.000000
1692972480343630941 74.921142 212.444427 200 16 0.000000
1692972481357992905 75.125324 212.941734 216 16 0.000000
1692972482372793145 76.932711 206.937279 210 16 0.000000
1692972483386605338 76.496973 210.098051 213 16 0.000000
1692972484401418589 75.849018 209.890872 213 16 0.000000
1692972485415520300 75.819762 212.010293 215 16 0.000000
1692972486357574812 76.486680 210.178919 198 16 0.000000
