1692972338113426993 92.637829 168.567758 168 16 0.000000
1692972339085950103 92.612852 172.746540 168 16 0.000000
1692972340116741566 91.271997 180.443897 186 16 0.000000
1692972341120323143 91.551413 170.389708 171 16 0.000000
1692972342093137769 92.064984 173.722718 169 16 0.000000
1692972343122864051 95.893354 171.890365 177 16 0.000000
1692972344126192386 92.088387 167.442669 168 16 0.000000
1692972345098841719 92.537159 174.780359 170 16 0.000000
1692972346128690760 91.321250 176.724952 182 16 0.000000
1692972347132814044 96.441911 164.322430 165 16 0.000000
1692972348105239699 92.572065 172.763850 168 16 0.000000
1692972349133290045 91.781187 178.006873 183 16 0.000000
1692972350138557910 93.656500 167.119615 168 16 0.000000
1692972351111380195 90.988347 175.777249 171 16 0.000000
1692972352138416061 93.304604 174.287969 179 16 0.000000
1692972353110414743 95.924673 168.724503 164 16 0.000000
1692972354116419682 93.711294 165.009132 166 16 0.000000
1692972355142393612 93.743470 176.417746 181 16 0.000000
1692972356114490045 91.493809 174.879768 170 16 0.000000
1692972357122075035 94.237721 163.757872 165 16 0.000000
1692972358147246583 92.285545 178.506708 183 16 0.000000
1692972359120184245 91.016860 175.756408 171 16 0.000000
1692972360128709016 93.651655 166.579943 168 16 0.000000
1692972361153354401 93.829793 174.694586 179 16 0.000000
1692972362125979156 96.567758 166.559612 162 16 0.000000
1692972363134448627 94.823697 163.614248 165 16 0.000000
1692972364159488067 94.951706 171.700736 176 16 0.000000
1692972365132285563 95.407957 169.613923 165 16 0.000000
1692972366139892015 93.816965 163.754408 165 16 0.000000
1692972367167437451 91.786376 181.013896 186 16 0.000000
1692972368140193928 97.308756 163.453034 159 16 0.000000
1692972369145764377 90.520297 171.047161 172 16 0.000000
1692972370174063005 93.281010 176.018938 181 16 0.000000
1692972371147166982 94.286850 170.588141 166 16 0.000000
1692972372150972200 94.842481 163.378286 164 16 0.000000
1692972373180197542 97.012992 169.059216 174 16 0.000000
1692972374152504287 92.525086 174.841932 170 16 0.000000
1692972375156497788 94.278013 165.339697 166 16 0.000000
1692972376185718717 91.499898 168.088330 173 16 0.000000
1692972377159518316 91.859043 185.869862 181 16 0.000000
1692972378161613679 94.287237 164.654964 165 16 0.000000
1692972379134034114 94.941156 167.622968 163 16 0.000000
1692972380165731828 93.794538 174.469736 180 16 0.000000
1692972381166566002 94.291282 165.861616 166 16 0.000000
1692972382139471100 91.494235 176.790100 172 15 0.000000
1692972383172385932 92.788680 175.232297 181 15 0.000000
1692972384173056299 93.161717 168.886758 169 16 0.000000
1692972385145498564 94.346080 168.647547 164 16 0.000000
1692972386179196287 91.751881 178.969162 185 16 0.000000
1692972387178968317 94.940393 163.037177 163 16 0.000000
1692972388151141112 93.726704 171.780156 167 16 0.000000
1692972389185638809 92.727383 175.930805 182 16 0.000000
1692972390184163268 93.619057 167.246765 167 16 0.000000
1692972391156331640 95.400995 168.695063 164 16 0.000000
1692972392191130776 92.848407 173.946801 180 16 0.000000
1692972393189419930 93.718456 167.286177 167 16 0.000000
1692972394162180173 93.197001 171.676424 167 16 0.000000
1692972395197932552 95.363020 171.855775 178 16 0.000000
1692972396195736710 92.611375 170.374087 170 16 0.000000
1692972397168175477 91.004185 174.818225 170 16 0.000000
1692972398205332765 94.804169 172.587138 179 16 0.000000
1692972399201134751 94.269263 166.699782 166 16 0.000000
1692972400173472672 92.679542 170.722558 166 16 0.000000
1692972401210705455 94.228962 174.502783 181 16 0.000000
1692972402206281933 90.462643 173.768656 173 16 0.000000
1692972403178231915 90.480840 176.963857 172 16 0.000000
1692972404216835496 93.747961 173.309625 180 16 0.000000
1692972405211083205 91.504590 171.989325 171 16 0.000000
1692972406183250889 93.750195 170.752411 166 16 0.000000
1692972407222975752 93.319272 173.122756 180 16 0.000000
1692972408216289663 93.781784 165.103900 164 16 0.000000
1692972409188517003 92.585342 174.856217 170 16 0.000000
1692972410249237240 94.239808 171.581511 182 16 0.000000
1692972411221246619 93.806425 167.693852 163 16 0.000000
1692972412193206417 94.253131 170.788980 166 16 0.000000
1692972413253915408 92.221842 173.468858 184 16 0.000000
1692972414226426424 93.144057 172.748714 168 16 0.000000
1692972415198838079 93.206455 170.709594 166 16 0.000000
1692972416259749264 92.818363 173.435820 184 16 0.000000
1692972417232254926 95.420637 167.608278 163 16 0.000000
1692972418204212041 92.623730 171.818272 167 16 0.000000
1692972419264625599 93.295806 170.688104 181 16 0.000000
1692972420237265028 94.758452 171.697749 167 16 0.000000
1692972421194424337 92.132232 175.519401 168 16 0.000000
1692972422270329225 94.313694 167.301008 180 16 0.000000
1692972423228346338 90.998673 178.493704 171 16 0.000000
1692972424214553673 91.553421 172.377528 170 16 0.000000
1692972425274983808 93.720198 171.628464 182 16 0.000000
1692972426247147095 90.509368 175.896390 171 16 0.000000
1692972427219768211 94.346293 169.644671 165 16 0.000000
1692972428280425669 92.717959 173.477322 184 16 0.000000
1692972429252344054 93.748659 170.796228 166 16 0.000000
1692972430224229593 93.746395 168.744141 164 16 0.000000
1692972431284428341 94.274695 170.722707 181 16 0.000000
1692972432256491845 94.914106 168.713257 164 16 0.000000
1692972433228504835 91.051227 173.865989 169 16 0.000000
1692972434288924770 95.304164 170.687116 181 16 0.000000
1692972435260860702 92.648065 172.850898 168 16 0.000000
1692972436233226514 93.749540 170.717647 166 16 0.000000
1692972437293493215 95.878889 166.939136 177 16 0.000000
1692972438265160190 92.723233 172.898737 168 16 0.000000
1692972439239792328 90.532511 176.476845 172 16 0.000000
1692972440300788590 92.273293 171.536887 182 16 0.000000
1692972441272868799 95.429916 167.681640 163 16 0.000000
1692972442245307420 95.331780 169.676520 165 16 0.000000
1692972443306605149 93.775929 170.545922 181 16 0.000000
1692972444279106837 92.070763 172.750319 168 16 0.000000
1692972445251363723 94.273202 169.708260 165 16 0.000000
1692972446312424736 92.725009 173.411328 184 16 0.000000
1692972447285360097 94.297802 169.589888 165 16 0.000000
1692972448257395008 94.369530 166.660680 162 16 0.000000
1692972449317253677 96.489247 164.172829 174 16 0.000000
1692972450289579326 93.606537 175.867012 171 16 0.000000
1692972451262241135 91.015386 174.778116 170 16 0.000000
1692972452323242418 92.218282 174.363597 185 16 0.000000
1692972453295944778 92.084113 173.742767 169 16 0.000000
1692972454268044814 91.590667 171.792991 167 16 0.000000
1692972455328701217 93.766292 171.591879 182 16 0.000000
1692972456301810500 93.750359 172.642483 168 16 0.000000
1692972457273968601 92.584253 171.782757 167 16 0.000000
1692972458335156102 89.849180 177.160006 188 16 0.000000
1692972459309041830 93.770803 172.504854 168 16 0.000000
1692972460281874799 91.543876 174.747367 170 16 0.000000
1692972461343002449 93.294469 170.573255 181 16 0.000000
1692972462315544007 94.296806 169.658535 165 16 0.000000
1692972463288159149 94.300644 169.645752 165 16 0.000000
1692972464348412879 94.579931 162.225319 172 16 0.000000
1692972465322278814 93.005771 179.696191 175 16 0.000000
1692972466294823369 93.193749 170.686257 166 16 0.000000
1692972467267570411 93.167977 171.678767 167 15 0.000000
1692972468328725999 94.802794 169.626396 180 16 0.000000
1692972469301295090 92.085669 173.766575 169 16 0.000000
1692972470273922787 94.267565 170.671676 166 16 0.000000
1692972471335222794 92.307295 172.430037 183 16 0.000000
1692972472308708223 93.223025 172.575773 168 16 0.000000
1692972473282132580 92.112245 173.613898 169 16 0.000000
1692972474342583085 90.741504 175.397155 186 16 0.000000
1692972475315011220 91.500094 175.848463 171 16 0.000000
1692972476288006357 92.148495 170.607233 166 16 0.000000
1692972477349111859 97.982666 165.864751 176 16 0.000000
1692972478322627147 93.265217 170.516065 166 16 0.000000
1692972479295296951 93.736500 170.664290 166 16 0.000000
1692972480356326366 92.739815 172.474014 183 16 0.000000
1692972481329004946 97.824760 164.494216 160 16 0.000000
1692972482301755179 91.550095 174.762229 170 16 0.000000
1692972483363201751 92.287864 172.406229 183 16 0.000000
1692972484336409635 93.816256 169.542399 165 16 0.000000
1692972485308790931 96.036053 166.601307 162 16 0.000000
1692972486370490051 95.916732 167.655787 178 16 0.000000
