1692988889648128875 119.607282 884.452340 843 100 0.000000
1692988890659783451 119.228516 827.357487 837 100 0.000000
1692988891671612641 118.390751 845.992634 856 100 0.000000
1692988892683752447 117.713269 847.708942 858 100 0.000000
1692988893695410896 120.830564 827.354335 837 100 0.000000
1692988894708583616 121.793586 822.169788 833 100 0.000000
1692988895720350403 120.676879 837.149437 847 100 0.000000
1692988896732628173 119.357498 832.775346 843 100 0.000000
1692988897745371209 120.744147 827.455736 838 100 0.000000
1692988898758048022 119.736304 832.447214 843 100 0.000000
1692988899767658632 118.764528 834.975390 843 100 0.000000
1692988900771019751 119.454936 805.293297 808 99 0.000000
1692988901721920053 120.372929 869.702129 827 99 0.000000
1692988902734505177 119.589543 836.472823 847 100 0.000000
1692988903747187502 117.298601 853.179760 864 100 0.000000
1692988904759498127 118.432912 846.578091 857 100 0.000000
1692988905771991727 119.924209 830.622534 841 100 0.000000
1692988906784608237 119.457385 843.359737 854 100 0.000000
1692988907796599268 118.847517 833.011346 843 100 0.000000
1692988908808491021 117.486323 855.822754 866 100 0.000000
1692988909820469650 118.389155 846.855841 857 100 0.000000
1692988910832729591 116.458819 853.535698 864 100 0.000000
1692988911845156355 117.113607 859.321416 870 100 0.000000
1692988912857308724 118.993745 835.842524 846 100 0.000000
1692988913869642682 122.316885 823.838819 834 100 0.000000
1692988914877572008 117.953171 824.462560 831 100 0.000000
1692988915885333467 118.686530 811.700015 818 100 0.000000
1692988916835906976 119.733102 884.729071 841 100 0.000000
1692988917847757491 118.656197 840.045033 850 99 0.000000
1692988918860087144 118.059754 849.525631 860 100 0.000000
1692988919872216755 120.369615 828.945201 839 100 0.000000
1692988920884123677 119.141345 843.951165 854 100 0.000000
1692988921896682297 118.575729 841.432792 852 100 0.000000
1692988922908749423 120.633173 828.008273 838 100 0.000000
1692988923922439396 119.421778 842.466667 854 100 0.000000
1692988924935017828 116.798072 849.316929 860 100 0.000000
1692988925947114086 120.990956 834.900820 845 100 0.000000
1692988926959880946 118.948062 835.335402 846 100 0.000000
1692988927971365052 118.787770 837.383392 847 100 0.000000
1692988928983679643 121.519855 825.830246 836 100 0.000000
1692988929992562295 120.112026 811.789140 819 100 0.000000
1692988930999485604 120.604914 803.437445 809 100 0.000000
1692988931949721846 118.501608 894.514498 850 100 0.000000
1692988932962355632 119.598226 839.395295 850 100 0.000000
1692988933974686054 119.455059 829.768609 840 100 0.000000
1692988934986947306 118.958256 847.607279 858 100 0.000000
1692988935999913360 117.076144 850.966320 862 100 0.000000
1692988937014129529 119.019192 842.029566 854 100 0.000000
1692988938026228737 119.313545 835.886435 846 100 0.000000
1692988939038055025 118.520009 847.971615 858 100 0.000000
1692988940051467236 120.393688 827.896125 839 100 0.000000
1692988941064059524 118.001750 846.342600 857 100 0.000000
1692988942076000521 116.788596 855.781065 866 100 0.000000
1692988943089169849 119.247644 835.003610 846 100 0.000000
1692988944102293927 119.466634 836.027909 847 100 0.000000
1692988945110003863 117.548642 833.573167 840 100 0.000000
1692988946118455339 116.999130 833.951915 841 100 0.000000
1692988947067976512 119.447480 877.284279 833 100 0.000000
1692988948079432470 118.803155 841.361394 851 100 0.000000
1692988949092349871 120.111994 835.211255 846 100 0.000000
1692988950105196731 120.970383 831.320133 842 100 0.000000
1692988951119416066 120.841720 822.307328 834 100 0.000000
1692988952131715205 119.584008 834.733513 845 100 0.000000
1692988953144315826 120.101123 834.484967 845 100 0.000000
1692988954158372451 121.171491 826.383832 838 100 0.000000
1692988955170761464 118.834406 847.500299 858 100 0.000000
1692988956183149209 119.335659 832.684924 843 100 0.000000
1692988957196411717 119.978137 830.979141 842 100 0.000000
1692988958208894288 120.492863 835.569897 846 100 0.000000
1692988959217656833 120.074147 817.833676 825 100 0.000000
1692988960225224547 116.049514 839.645830 846 100 0.000000
1692988961173088908 120.627154 862.992661 818 100 0.000000
1692988962186723213 121.048707 827.714718 839 100 0.000000
1692988963199262638 119.666702 831.572575 842 100 0.000000
1692988964211046652 119.742413 840.100072 850 100 0.000000
1692988965223347715 119.601024 833.744108 844 100 0.000000
1692988966236058742 117.486455 852.168177 863 100 0.000000
1692988967249017329 118.949486 840.113317 851 100 0.000000
1692988968262449085 121.346258 825.906602 837 100 0.000000
1692988969274606577 118.793466 838.802301 849 100 0.000000
1692988970286173697 121.488344 823.474751 833 100 0.000000
1692988971299536264 119.760870 836.817981 848 100 0.000000
1692988972311834253 119.892497 834.734436 845 100 0.000000
1692988973320470236 118.218449 825.867816 833 100 0.000000
1692988974327718455 120.783894 795.235954 801 100 0.000000
1692988975277267571 117.937741 905.693028 860 100 0.000000
1692988976291580778 118.543121 837.019525 849 100 0.000000
1692988977303836679 120.556688 830.817619 841 100 0.000000
1692988978315663605 119.239800 839.076307 849 100 0.000000
1692988979327481755 119.076107 839.083584 849 100 0.000000
1692988980341505713 118.455230 843.175315 855 100 0.000000
1692988981354514598 117.884106 847.968896 859 100 0.000000
1692988982367439768 118.100477 844.089993 855 100 0.000000
1692988983380992703 118.454735 843.567194 855 100 0.000000
1692988984393085377 121.276898 826.011318 836 100 0.000000
1692988985406279184 120.911401 834.983386 846 100 0.000000
1692988986419505191 118.486671 834.956902 846 100 0.000000
1692988987423888685 119.135915 808.456060 812 100 0.000000
1692988988370958752 119.410669 874.275352 828 100 0.000000
1692988989384297411 116.274468 859.534973 871 100 0.000000
1692988990402917366 120.126145 833.480629 849 100 0.000000
1692988991416045574 119.589333 837.011538 848 100 0.000000
1692988992429695413 119.151815 836.580808 848 100 0.000000
1692988993442276195 119.314505 837.464022 848 100 0.000000
1692988994454653167 119.033727 842.571529 853 100 0.000000
1692988995467100754 118.530444 842.512758 853 100 0.000000
1692988996479542876 119.046225 838.566498 849 100 0.000000
1692988997492061334 120.888902 830.602045 841 100 0.000000
1692988998504095078 120.080520 827.047578 837 100 0.000000
1692988999517172779 120.570799 834.091995 845 100 0.000000
1692989000525166517 118.528029 815.481212 822 100 0.000000
1692989001532179994 119.042232 819.254114 825 100 0.000000
1692989002483204241 116.741330 903.236808 859 100 0.000000
1692989003495377212 119.604865 835.825537 846 100 0.000000
1692989004509636611 118.350772 848.895222 861 100 0.000000
1692989005521418189 118.896636 841.090654 851 100 0.000000
1692989006534595751 118.903360 843.879734 855 100 0.000000
1692989007547373243 119.321945 830.389715 841 100 0.000000
1692989008559339268 118.412952 850.819057 861 100 0.000000
1692989009571588350 118.910017 834.774784 845 100 0.000000
1692989010584155062 120.364396 830.562564 841 100 0.000000
1692989011596330833 120.923370 827.919410 838 100 0.000000
1692989012608802949 120.905337 830.640176 841 100 0.000000
1692989013621903861 119.122808 838.021043 849 100 0.000000
1692989014630060386 120.590789 812.373977 819 100 0.000000
1692989015637914892 120.105366 797.734192 804 100 0.000000
1692989016587281176 117.144807 914.294108 868 100 0.000000
1692989017601181686 117.971559 846.236867 858 100 0.000000
1692989018614221309 119.272690 834.123338 845 100 0.000000
1692989019627472159 118.419603 845.792513 857 100 0.000000
1692989020640504355 117.980537 845.975124 857 100 0.000000
1692989021654018163 121.986248 824.853065 836 100 0.000000
1692989022666584327 119.316378 840.438919 851 100 0.000000
1692989023678897575 118.515713 833.734013 844 100 0.000000
1692989024691494089 118.834744 842.388862 853 100 0.000000
1692989025704826168 119.433978 839.803671 851 100 0.000000
1692989026717826483 118.065080 851.924711 863 100 0.000000
1692989027728697454 118.192491 832.945078 842 100 0.000000
1692989028735893020 122.170293 792.298960 798 100 0.000000
1692989029684442613 118.442383 884.508313 839 100 0.000000
1692989030697250800 118.513475 840.238074 851 100 0.000000
1692989031709934972 119.009539 842.315912 853 100 0.000000
1692989032722613004 118.990791 837.383603 848 100 0.000000
1692989033734797099 119.972058 831.864516 842 100 0.000000
1692989034748589475 121.090062 827.585616 839 100 0.000000
1692989035760529336 118.539649 844.911882 855 100 0.000000
1692989036773162819 120.706585 829.520270 840 100 0.000000
1692989037785985007 119.519628 833.315086 844 100 0.000000
